1 10:15:01 1000 614370
2 10:18:42 400 611000
3 10:20:10 3538 611000
4 10:29:59 1472 611000
5 10:48:55 10 611500
6 10:59:18 5 611500
7 10:59:34 214 611013
8 11:36:25 10000 612601
9 11:36:38 10000 612601
10 11:40:53 10 613000
12 11:43:36 15000 612602
11 11:43:36 5000 612603
13 11:43:54 10000 612602
14 11:48:46 1681 612600
15 11:49:33 5000 612600
16 11:50:14 244 612600
17 11:50:42 1328 612600
18 11:53:08 8000 612600
19 11:53:46 672 612600
20 11:56:50 10000 612600
21 12:01:28 10000 612600
22 12:05:50 4009 615000
23 12:21:23 2000 612050
24 12:22:05 50 612012
25 12:23:01 193 615999
25 12:23:01 193 615999
26 12:23:08 2069 613500
27 12:23:55 1 615998
28 12:26:38 4998 615985
30 12:27:26 800 615985
29 12:27:26 2 615985
31 12:27:46 50 615985
32 12:29:16 2931 615985