1 09:06:53 10 609900
4 09:09:28 2000 606100
3 09:09:28 15 609000
2 09:09:28 30 609002
5 09:09:49 10000 606100
6 09:10:05 1400 606100
7 09:10:34 11545 606100
9 09:11:47 5923 607001
8 09:11:47 100 607003
10 09:12:34 14000 607001
11 09:12:57 4977 607001
13 09:18:19 100 607003
12 09:18:19 10 607003
14 09:19:38 400 607000
15 09:22:31 200 607000
16 09:25:44 290 607000
17 09:25:58 20 607000
18 09:29:13 100 602300
19 09:29:36 502 602300
20 09:31:17 1646 607000
21 09:31:47 22334 607000
24 09:46:36 2100 604009
23 09:46:36 1464 604400
22 09:46:36 2003 605000
25 09:50:04 395 604400
26 09:50:15 10 606000
27 09:51:33 2589 604400
29 09:52:56 2 602500
28 09:52:56 15 602500
30 09:55:19 380 603099
31 09:59:43 500 604000
32 10:00:27 1490 606000
34 10:03:31 5000 603099
33 10:03:31 7400 603099
35 10:05:56 82 602300
36 10:06:09 50 602300
37 10:08:02 10 605000
38 10:13:31 250 605000
41 10:14:27 10 602111
40 10:14:27 23 602300
39 10:14:27 250 603000
44 10:14:54 2190 605000
43 10:14:54 3001 604999
42 10:14:54 1501 604999
45 10:15:05 10469 605000
46 10:15:33 2931 605000
47 10:15:36 3862 605000
48 10:16:13 1054 605000
50 10:18:59 5916 605000
49 10:18:59 6684 605000
51 10:21:26 5575 605000
52 10:27:39 2678 605000
53 10:31:26 10523 605000
54 10:33:17 5478 605000
55 10:33:21 4501 605000
57 10:33:43 8180 605000
56 10:33:43 1820 605000
58 10:33:48 502 605000
59 10:37:07 16318 605000
60 10:43:25 30 604000
61 11:00:04 490 604001
63 11:04:21 16393 604000
62 11:04:21 510 604001
65 11:11:42 18 607000
64 11:11:42 8682 607000
66 11:31:50 903 605000
67 11:36:41 80 605000
69 11:37:25 6267 605000
68 11:37:25 14017 605000
70 11:37:28 1437 605000
71 11:37:31 9 607000
72 11:40:23 400 605000
73 11:43:07 450 605000
74 11:44:13 23 605000
76 12:01:12 9 601156
75 12:01:12 9 604001
79 12:01:15 2975 600099
78 12:01:15 9 601113
77 12:01:15 9 601156
80 12:03:13 1893 600099
81 12:04:14 315 600099
82 12:13:21 7000 600099
83 12:13:23 7055 600099
84 12:20:27 18 604000
85 12:22:38 473 600099
86 12:29:31 33 600100
87 12:29:53 49 600099