3 09:05:22 4501 617222
2 09:05:22 3001 617222
1 09:05:22 1501 617222
4 09:25:37 3000 617000
5 09:27:27 1000 617000
6 09:47:01 300 617500
8 09:48:29 158 617999
7 09:48:29 158 617999
22 09:48:31 158 617999
21 09:48:31 158 617999
20 09:48:31 158 617999
19 09:48:31 158 617999
18 09:48:31 158 617999
17 09:48:31 79 617999
16 09:48:31 79 617999
15 09:48:31 158 617999
14 09:48:31 158 617999
13 09:48:31 158 617999
12 09:48:31 158 617999
11 09:48:31 158 617999
10 09:48:31 158 617999
9 09:48:31 158 617999
23 09:51:09 2000 617000
27 10:19:06 5000 617000
26 10:19:06 2195 616999
25 10:19:06 3001 616999
24 10:19:06 1501 616999
30 10:24:55 11830 616000
29 10:24:55 100 616000
28 10:24:55 1900 616001
32 11:41:40 1700 616010
31 11:41:40 10 616010
33 11:42:18 812 615010
34 11:43:17 5000 615010
35 11:43:31 4188 615010
36 11:51:22 5000 615010
37 11:59:04 100 615010
38 11:59:08 100 615010
39 11:59:09 100 615010
40 11:59:13 100 615010
41 11:59:16 100 615010
42 11:59:20 100 615010
45 11:59:21 100 615010
44 11:59:21 100 615010
43 11:59:21 100 615010
47 11:59:22 100 615010
46 11:59:22 100 615010
48 11:59:23 100 615010
49 11:59:34 1000 615010
50 11:59:39 1000 615010
51 11:59:42 15 615000
52 11:59:53 1000 615000
53 11:59:56 1000 615000
54 11:59:58 1000 615000
55 11:59:59 1000 615000
57 12:00:00 90 615010
56 12:00:00 1356 615000
60 12:08:52 1200 615010
59 12:08:52 3554 615010
58 12:08:52 240 615020
61 12:14:26 5000 615000
62 12:14:27 6 615000
63 12:21:36 1700 615010