1 10:57:41 10 599800
4 10:58:57 3990 599800
3 10:58:57 486 599801
2 10:58:57 100 599802
5 11:08:48 5000 599800
6 11:09:10 10000 599800
7 11:09:18 5000 599800
8 11:09:25 424 599800
10 11:35:14 10000 600000
9 11:35:14 500 599999
11 11:35:56 7400 600000
12 11:36:03 3743 600000
13 11:37:33 6950 600000
14 11:39:30 1428 600000
15 11:40:28 10 600000
16 12:03:35 10 600001
17 12:07:55 9 600001
18 12:08:39 19 600000
20 12:11:34 482 600000
19 12:11:34 997 600001
21 12:23:43 604 600001
22 12:23:43 6471 600000
23 12:23:43 7925 600000
24 12:23:54 5000 600000
25 12:24:15 975 600000