3 09:22:53 200 595110
2 09:22:53 315 595110
1 09:22:53 10 595110
4 09:48:12 100 599999
5 09:48:38 70 599999
8 09:57:53 327 595010
7 09:57:53 2200 595011
6 09:57:53 997 595012
10 10:14:22 673 595010
9 10:14:22 997 595011
11 10:19:48 340 597500
16 10:27:53 8105 594011
15 10:27:53 168 594500
14 10:27:53 1000 595010
13 10:27:53 997 595022
12 10:27:53 470 595023
17 10:52:40 10 594020
18 11:40:35 2500 595500
19 11:41:35 5000 595500
20 11:42:32 350 595500
21 11:45:27 17150 595500
22 12:24:23 110 595000
24 12:24:44 632 594502
23 12:24:44 997 594503
26 12:24:56 50 594502
25 12:24:56 1000 594502
30 12:25:44 1000 594400
29 12:25:44 40 594420
28 12:25:44 450 594500
27 12:25:44 1000 594500
32 12:26:11 10000 594030
31 12:26:11 10 594202
34 12:26:41 5000 594025
33 12:26:41 5000 594025
35 12:27:06 2000 594025
36 12:27:14 10 594025
37 12:29:01 120 594025
38 12:29:26 25 594025
41 12:29:31 895 594011
40 12:29:31 500 594021
39 12:29:31 50 594024