7 09:31:45 5772 593000
6 09:31:45 7000 593000
5 09:31:45 200 593041
4 09:31:45 1600 593500
3 09:31:45 851 593503
2 09:31:45 997 593509
1 09:31:45 953 593510
11 09:55:38 4037 597500
10 09:55:38 5000 597400
9 09:55:38 10 597399
8 09:55:38 953 597399
12 09:55:44 10000 597500
13 09:55:52 10000 597500
15 09:56:00 9037 597999
14 09:56:00 963 597500
16 10:04:25 2460 594000
17 11:05:19 50 596700
18 11:43:45 5 595000
20 11:44:54 5606 595000
19 11:44:54 997 595001
21 11:45:01 9950 595000
24 11:49:42 7540 596885
23 11:49:42 9800 596885
22 11:49:42 200 596866
28 11:50:21 3017 595000
27 11:50:21 35 595000
26 11:50:21 9439 595000
25 11:50:21 10000 596000
30 12:00:11 5340 596885
29 12:00:11 7660 596885
31 12:18:29 660 596001