1 09:48:43 10 588000
2 10:01:33 10 589000
3 10:10:27 100 590000
4 10:10:36 900 590000
5 10:12:39 1000 590000
6 10:13:48 1000 590000
7 10:28:36 1979 591000
8 10:30:36 1000 592000
9 10:33:26 2000 592000
10 10:34:52 2000 592000
11 10:36:32 2000 592000
12 10:43:39 1000 593000
14 10:51:31 1985 596000
13 10:51:31 3540 595999
15 12:02:36 1283 596000
16 12:02:37 1283 596000
18 12:02:38 1283 596000
17 12:02:38 1283 596000
19 12:07:39 5000 596000
20 12:07:46 2000 596000
21 12:08:00 100 596000
22 12:08:03 100 596000
23 12:08:08 40 596000
24 12:08:11 10 596000
25 12:09:26 260 596000