1 09:11:14 10 606849
2 09:56:31 24529 602013
3 09:57:05 25000 602013
4 10:30:59 10 606845
5 10:33:46 3000 603000
6 10:34:10 590 603000
8 10:46:14 408 602008
7 10:46:14 82 603000
10 11:48:41 2030 602008
9 11:48:41 170 602009
15 11:53:24 10797 604900
14 11:53:24 4501 604899
13 11:53:24 3001 604899
12 11:53:24 1501 604899
11 11:53:24 200 604896
19 11:54:18 4298 604899
18 11:54:18 3001 604899
17 11:54:18 1501 604899
16 11:54:18 200 604898
24 12:25:59 489 604986
23 12:25:59 4203 604900
22 12:25:59 800 604886
21 12:25:59 2308 604885
20 12:25:59 200 604884