1 09:09:41 2000 606499
2 09:11:49 998 606649
8 09:14:15 5000 610000
7 09:14:15 280 610000
6 09:14:15 60 610000
5 09:14:15 20 606850
4 09:14:15 100 606850
3 09:14:15 100 606849
9 09:14:22 3000 609572
10 09:14:51 20 610000
11 09:19:24 1000 609999
15 09:31:59 1000 614989
14 09:31:59 8170 614988
13 09:31:59 2000 614750
12 09:31:59 1640 614749
17 09:47:50 3461 608000
16 09:47:50 495 608001
19 10:04:14 7588 616000
18 10:04:14 1900 615990
22 11:55:35 110 615999
21 11:55:35 495 615999
20 11:55:35 500 615000
23 11:55:38 2001 616490
24 12:13:36 602 612560