5 10:29:26 2802 597201
4 10:29:26 4000 597209
3 10:29:26 1858 597210
2 10:29:26 1501 597210
1 10:29:26 501 597210
6 10:47:13 6830 600000
7 10:57:44 10000 600000
8 10:57:45 1000 601000
9 10:57:50 8969 601000
10 10:58:15 1031 601000
11 10:58:43 900 600000
12 11:15:41 50 600000
16 11:19:07 15640 600000
15 11:19:07 3100 600000
14 11:19:07 3860 600000
13 11:19:07 2400 600000
17 11:19:18 1967 600000
19 11:32:50 4059 601000
18 11:32:50 19 600999
20 11:44:09 9 600002
21 11:50:54 155 600001
23 12:15:05 3682 600000
22 12:15:05 1997 600001
25 12:18:14 200 601000
24 12:18:14 2000 601000
26 12:18:38 9 600001
27 12:19:59 11 600001
28 12:20:49 29 600000
29 12:24:15 10 600001
30 12:26:04 10 600000