8 09:52:30 100 610000
7 09:52:30 2001 610001
6 09:52:30 1501 610001
5 09:52:30 501 610001
4 09:52:30 20 610009
3 09:52:30 50 610120
2 09:52:30 20 611770
1 09:52:30 20 611770
9 09:52:34 7247 610000
10 09:52:49 8540 610000
12 10:01:18 565 610000
11 10:01:18 100 610009
13 10:01:38 1000 610000
14 10:01:43 18335 610000
19 10:20:26 10 610009
18 10:20:26 20 610019
17 10:20:26 997 610501
16 10:20:26 500 610600
15 10:20:26 100 610600
21 10:32:44 10527 610011
20 10:32:44 1997 610012
22 10:56:49 8800 611004
23 11:07:23 1048 612000
24 11:40:15 100 612999
28 11:49:07 18891 612000
27 11:49:07 3000 612001
26 11:49:07 3100 612019
25 11:49:07 9 612100
30 11:49:23 18891 612000
29 11:49:23 6109 612000
32 11:49:24 18891 612000
31 11:49:24 6109 612000
34 11:49:26 18891 612000
33 11:49:26 6109 612000
35 11:49:43 6109 612000
36 11:57:53 110 612999
38 12:03:16 18277 612000
39 12:05:33 2000 612000
41 12:09:00 19277 612000
40 12:09:00 4723 612000
43 12:12:15 10393 612000
42 12:12:15 5723 612000
44 12:19:19 500 612000
45 12:23:19 6850 612000
46 12:29:57 565 612000