19 12:25:18 10 584500
18 12:25:18 10 584500
17 12:25:18 10 584500
16 12:25:18 10 584500
15 12:25:18 30 584500
14 12:25:18 43 584500
13 12:25:18 125 584500
12 12:25:18 161 584500
11 12:25:18 339 584500
10 12:25:18 500 584500
9 12:25:18 500 584500
8 12:25:18 500 584500
7 12:25:18 500 584500
6 12:25:18 500 584500
5 12:25:18 500 584500
4 12:25:18 2049 584500
3 12:25:18 7000 584500
2 12:25:18 8951 584500
1 12:25:18 10000 584500
20 12:25:54 25000 586000
21 12:25:56 25000 586000
22 12:26:01 5487 586000