1 09:37:13 1999 610009
2 09:41:28 874 612000
3 09:44:28 1401 612000
4 09:58:58 840 611500
6 09:59:00 500 612000
5 09:59:00 801 611990
7 10:07:09 500 612000
8 10:14:40 500 612000
9 10:17:41 500 612000
10 10:21:31 623 612001
11 10:21:58 500 612001
14 10:28:10 448 613400
13 10:28:10 838 613400
12 10:28:10 500 613333
15 11:10:28 50 613400
16 11:13:34 450 613400
17 11:15:36 500 613400
18 11:18:37 500 613400
22 11:28:31 1000 614000
21 11:28:31 5000 613990
20 11:28:31 820 613990
19 11:28:31 9 613990
48 11:50:01 161 620000
47 11:50:01 161 620000
46 11:50:01 161 620000
45 11:50:01 161 620000
44 11:50:01 161 620000
43 11:50:01 161 620000
42 11:50:01 161 620000
41 11:50:01 161 620000
40 11:50:01 161 620000
39 11:50:01 161 620000
38 11:50:01 161 620000
37 11:50:01 155 620000
36 11:50:01 29 620000
35 11:50:01 78 620000
34 11:50:01 79 620000
33 11:50:01 101 620000
32 11:50:01 107 620000
31 11:50:01 76 620000
30 11:50:01 63 620000
29 11:50:01 65 620000
28 11:50:01 104 620000
27 11:50:01 109 620000
26 11:50:01 105 620000
25 11:50:01 22 620000
24 11:50:01 22 620000
23 11:50:01 16 620000
53 11:50:02 161 620000
52 11:50:02 161 620000
51 11:50:02 161 620000
50 11:50:02 161 620000
49 11:50:02 161 620000
54 12:08:20 1500 619231
55 12:10:06 2500 619006
56 12:12:08 1500 617000
57 12:12:53 2000 618000
59 12:13:36 2300 616992
58 12:13:36 1700 617000
60 12:15:29 1719 615890
64 12:21:27 171 614000
63 12:21:27 3500 614005
62 12:21:27 800 615890
61 12:21:27 581 615890
65 12:25:04 2413 614000