1 09:07:52 4000 601010
2 09:18:59 10 600000
3 09:32:45 10 597031
10 10:39:17 200 597052
9 10:39:17 200 597100
8 10:39:17 10 597110
7 10:39:17 10 597110
6 10:39:17 326 597200
5 10:39:17 9 597201
4 10:39:17 100 597201
11 10:40:23 9145 597052
18 10:43:59 250 595623
17 10:43:59 9 595624
16 10:43:59 7000 596100
15 10:43:59 2001 596101
14 10:43:59 1501 596101
13 10:43:59 501 596101
12 10:43:59 108 596102
19 10:44:06 2707 595623
20 10:44:23 5923 595623
25 10:51:02 8000 595626
24 10:51:02 501 595626
23 10:51:02 408 595627
22 10:51:02 500 595628
21 10:51:02 200 595629
26 10:51:08 1076 595626
27 10:51:50 9315 595626
29 10:52:30 10000 595627
28 10:52:30 10000 595628
30 10:52:56 15000 595627
31 10:53:26 5000 595626
34 10:55:31 10685 595626
33 10:55:31 13 595627
32 10:55:31 175 595627
35 10:55:38 500 595626
36 10:56:48 8627 595626
37 10:59:48 20000 595300
38 10:59:54 20000 595350
39 11:02:12 20000 596001
42 11:05:38 4311 595000
41 11:05:38 100 595001
40 11:05:38 89 595001
43 11:08:35 20689 595000
44 11:09:50 4311 595000
48 11:28:26 1000 595000
47 11:28:26 7689 595000
46 11:28:26 500 595022
45 11:28:26 200 595023
49 11:29:44 200 595000
50 11:29:55 10 595000
51 11:29:57 10 595000
52 11:29:58 10 595000
53 11:29:59 10 595000
54 11:30:01 10 595000
55 11:30:03 10 595000
56 11:30:05 10 595000
57 11:30:07 10 595000
58 11:30:10 10 595000
59 11:30:16 10 595000
60 11:30:31 10 595000
61 11:43:36 9 595000
62 11:50:24 6000 595000
63 11:50:40 8930 595000
67 12:17:54 4790 594013
66 12:17:54 10 594016
65 12:17:54 100 594017
64 12:17:54 100 594017
70 12:23:21 1480 594012
69 12:23:21 127 594013
68 12:23:21 37 594013