5 11:02:59 1000 590001
4 11:02:59 2001 590002
3 11:02:59 1501 590002
2 11:02:59 501 590002
1 11:02:59 20 590010
6 11:03:10 5089 590000
7 11:03:13 1177 590000
8 11:03:20 2733 590000
9 11:03:27 1751 590000
10 11:03:29 4099 590000
12 11:03:59 4128 585010
11 11:03:59 1000 588001
17 11:04:54 100 580000
16 11:04:54 350 580012
15 11:04:54 1000 585001
14 11:04:54 20872 585010
13 11:04:54 300 588001
18 11:05:05 2378 580000
19 11:07:24 5000 590000
20 11:07:33 875 590000
22 11:11:23 1000 590000
21 11:11:23 10 590010
23 11:11:48 1368 590000
24 11:23:14 8041 590000
25 11:23:20 1959 590000
26 11:24:06 373 590000
27 11:35:23 4856 591000
28 11:36:34 4856 591000
29 11:36:40 288 591000
32 11:40:05 510 590000
31 11:40:05 1375 590001
30 11:40:05 501 590001
33 11:40:08 1876 590000
34 11:40:57 500 590000
35 11:41:36 5000 590000
36 11:42:21 200 590000
37 11:43:43 60 590000
39 12:18:31 900 590000
38 12:18:31 20 590989
40 12:18:59 25 589999