2 09:43:28 6000 596000
1 09:43:28 4000 596000
3 09:43:32 10000 596000
4 09:43:44 5000 596000
5 09:43:53 1000 596000
6 09:43:56 1000 596000
7 09:43:59 1000 596000
8 09:44:04 1000 596000
11 09:44:36 50 596000
10 09:44:36 100 596000
9 09:44:36 100 596000
19 09:52:27 22023 596000
18 09:52:27 490 596001
17 09:52:27 90 596001
16 09:52:27 100 596001
15 09:52:27 100 596001
14 09:52:27 100 596001
13 09:52:27 100 596001
12 09:52:27 1997 596002
21 09:52:43 22023 596000
20 09:52:43 2977 596000
24 09:53:51 750 596000
23 09:53:51 2977 596000
22 09:53:51 1997 596001
27 09:55:45 3063 595009
26 09:55:45 1997 595010
25 09:55:45 140 595010
28 09:56:29 37 595009
29 09:57:46 524 595009
30 09:58:03 476 596000
31 09:59:08 1673 595009
37 10:06:08 1000 595019
36 10:06:08 1427 595019
35 10:06:08 3100 595020
34 10:06:08 1997 595021
33 10:06:08 10 595022
32 10:06:08 44 595022
38 10:10:45 17422 592000
41 11:12:56 19203 593000
40 11:12:56 3800 593000
39 11:12:56 1997 593001
46 11:53:26 900 593010
45 11:53:26 840 593100
44 11:53:26 9 593102
43 11:53:26 997 593102
42 11:53:26 509 593103
47 11:55:10 11745 592803
48 12:04:09 140 594500
50 12:07:07 997 593001
49 12:07:07 10 593001
51 12:07:41 8853 593000
53 12:11:39 15267 595000
52 12:11:39 2000 594499
54 12:14:46 12045 595000