1 09:00:04 300 872600
2 09:00:04 2 872600
3 09:19:13 100 872900
4 09:23:22 50 872900
5 09:24:38 50 873000
6 09:25:44 50 873200
7 09:26:45 50 873350
8 09:27:38 50 873500
9 09:29:50 50 873800
10 09:31:04 50 874100
11 09:32:10 40 874500
12 09:34:59 10 874800
13 09:35:15 300 879999
14 11:14:06 300 875000
15 11:15:58 48 874012
16 11:16:04 24952 874012
17 11:16:04 48 874011
18 11:16:31 2802 874011
19 11:16:38 22198 874011
20 11:17:03 282 875000
21 11:21:17 25000 875012
22 11:23:03 4278 875115
23 11:31:14 5500 875115
24 11:43:40 99 875117
25 11:44:08 900 875117
26 11:44:24 1000 875117
27 11:44:34 975 875117
28 11:45:25 526 875117
29 11:45:48 474 875117
30 11:46:02 37 875117
31 11:46:40 300 875000
32 11:49:44 20 875000
33 11:50:36 50 875000
34 12:02:12 67 874111
35 12:02:12 422 874056
36 12:03:20 5000 874056
37 12:03:22 7550 874056
38 12:03:31 6000 874056
39 12:03:34 4000 874056
40 12:05:41 10722 874119
41 12:15:32 500 874056
42 12:22:09 224 874271
43 12:26:02 644 874272