1 09:07:39 2057 815001
2 09:08:20 450 815001
3 09:11:22 2507 827000
4 09:16:31 913 815143
5 09:21:11 10 820000
6 09:21:12 1226 820000
7 09:31:24 263 820025
8 09:31:24 1100 820022
9 09:31:25 1682 820022
10 09:35:31 1500 820029
11 09:35:31 668 820027
12 09:41:47 10 820030
13 09:41:47 432 820027
14 09:41:47 200 820027
15 09:41:47 1350 820010
16 09:41:48 2633 820000
17 09:48:09 10 826990
18 10:01:59 2610 826990
19 10:10:33 49 827000
20 10:10:36 913 828000
21 10:16:37 913 827000
22 10:24:41 187 827000
23 10:36:04 1100 821001
24 10:36:04 100 821000
25 10:36:04 617 820205
26 10:38:45 717 828000
27 10:40:48 263 828000
28 10:47:22 1100 828898
29 10:47:22 3758 828900
30 10:47:22 1350 828900
31 10:47:22 5000 829000
32 10:47:22 9355 829500
33 10:47:29 5000 829900
34 10:47:29 1000 830000
35 11:36:47 13100 825000
36 11:40:43 3624 822212
36 11:40:43 3624 822212
37 11:41:41 4711 825000
37 11:41:41 4711 825000
38 11:57:39 1776 825371