1 09:01:17 59 827598
2 09:01:31 59 827598
3 09:04:18 1023 827598
4 09:08:36 1106 827598
5 09:09:36 60 827598
6 09:12:42 884 827598
7 09:16:04 1214 827598
8 09:19:18 603 827598
9 09:19:20 177 827598
10 09:23:13 500 827598
11 09:39:30 1196 827598
12 09:40:49 1000 827598
13 09:40:49 10119 827598
14 09:44:25 1881 827598
15 09:52:12 209 827598
16 09:57:17 1501 827598
17 09:59:42 1611 827598
18 10:17:43 927 827598
19 10:17:43 611 827598
20 10:28:24 603 827598
21 10:28:27 603 827598
22 10:28:33 603 827598
23 10:28:36 603 827598
24 10:28:42 603 827598
25 10:28:44 603 827598
26 10:28:50 603 827598
27 10:28:53 603 827598
28 10:28:59 603 827598
29 10:29:01 603 827598
30 10:29:07 603 827598
31 10:29:10 603 827598
32 10:29:16 12 827598
33 10:29:18 603 827598
34 10:29:24 552 827598
35 10:35:15 405 827598
36 10:36:02 224 827598
37 10:42:37 1095 827598
38 10:50:02 2947 827598
39 11:12:21 2224 827499
40 11:12:21 563 827499
41 11:25:45 2247 827499
42 11:57:49 469 827498
43 12:01:15 3050 827498
44 12:02:16 50 827498
45 12:12:27 500 828000
46 12:12:27 4169 828000
47 12:12:27 500 828500
48 12:12:27 2855 829000
49 12:12:27 561 829900
50 12:12:27 100 829900
51 12:12:27 200 829950
56 12:12:41 12110 830000
52 12:12:41 500 830000
53 12:12:41 66 830000
54 12:12:41 1370 830000
55 12:12:41 500 830000
57 12:15:02 2536 827498
58 12:22:48 4509 827498
59 12:22:48 5737 827498