1 09:08:24 209 839000
2 09:12:37 25 839900
3 09:32:06 475 839900
4 09:32:06 675 839900
5 09:43:54 1148 838000
6 09:49:38 412 838000
7 10:01:06 7613 838000
8 10:10:27 2783 838001
9 10:20:22 503 838001
10 10:26:25 2 838599
11 10:26:25 1816 838600
12 10:28:54 18 839898
13 10:29:31 18 839898
14 10:30:10 19 839898
15 10:30:49 18 839898
16 10:31:30 32 839898
17 10:32:06 29 839898
18 10:32:43 49 839898
19 10:33:19 60 839898
20 10:33:57 62 839898
21 10:34:38 70 839898
22 10:35:18 67 839898
23 10:36:01 71 839898
24 10:36:38 62 839898
25 10:37:15 62 839898
26 10:37:52 61 839898
27 10:38:32 67 839898
28 10:39:15 71 839898
29 10:39:54 67 839898
30 10:40:34 65 839898
31 10:41:14 67 839898
32 10:41:49 60 839898
33 10:42:30 68 839898
34 10:43:08 62 839898
35 10:43:50 70 839898
36 10:44:28 63 839898
37 10:45:07 65 839898
38 10:45:45 63 839898
39 10:46:23 63 839898
40 10:47:02 65 839898
41 10:47:44 70 839898
42 10:48:22 64 839898
43 10:49:00 63 839898
44 10:49:37 62 839898
45 10:50:18 66 839898
46 10:50:57 67 839898
47 10:51:41 73 839898
48 10:52:23 72 839898
49 10:53:01 63 839898
50 10:53:44 72 839898
51 10:54:22 63 839898
52 10:54:27 379 838027
53 10:54:27 17 838026
54 10:58:59 81 839899
55 10:59:40 68 839899
56 11:00:22 70 839899
57 11:01:04 70 839899
58 11:01:41 61 839899
59 11:02:23 69 839899
60 11:03:04 70 839899
61 11:03:42 63 839899
62 11:04:22 65 839899
63 11:04:38 340 838077
64 11:08:31 45 839899
65 11:08:31 33 839900
66 11:09:09 63 839900
67 11:09:52 70 839900
68 11:10:33 64 839900
69 11:11:06 60 839900
70 11:11:24 955 839900
71 11:11:47 66 839999
72 11:12:24 62 839999
73 11:13:01 62 839999
74 11:13:44 71 839999
75 11:14:21 62 839999
76 11:14:56 60 839999
77 11:15:35 65 839999
78 11:16:16 68 839999
79 11:16:55 65 839999
80 11:17:37 68 839999
81 11:18:16 69 839999
82 11:18:55 65 839999
83 11:19:33 61 839999
84 11:20:09 62 839999
85 11:20:27 175 839999
86 11:20:27 800 840000
87 11:20:27 2138 840000
88 11:20:27 500 840000
89 12:01:37 837 839441
90 12:14:13 360 839441