1 09:19:05 2650 827246
2 09:43:56 908 827246
3 09:59:24 671 827246
4 10:17:36 467 827246
5 10:22:40 575 827246
6 10:24:14 832 827246
7 10:29:18 294 827246
8 10:32:53 498 827246
9 10:41:32 1706 827246
10 10:51:44 7656 827246
11 10:58:11 1723 827246
12 11:14:41 7384 827000
13 11:15:50 1527 827246
14 11:24:52 1509 827246
15 11:37:07 1542 827146
16 11:44:47 1261 827146
17 11:52:36 4491 827146
18 11:57:31 100 828000
19 11:57:31 9900 828000
20 12:00:53 100 827146
21 12:19:52 484 827146
22 12:29:49 2412 827146