1 09:12:46 963 827246
2 09:19:07 2997 827246
3 09:21:53 633 827246
4 09:24:55 217 827246
5 09:26:39 9480 827246
6 09:53:21 623 827246
7 09:59:22 500 827246
8 09:59:55 500 827246
9 10:00:26 500 827246
10 10:00:38 500 827246
11 10:03:17 345 827246
12 10:18:49 1316 827246
13 10:19:21 1255 827246
14 10:20:45 936 827246
15 10:23:32 10164 827246
16 10:25:08 4017 827246
17 10:31:53 793 827246
18 10:32:37 974 827246
19 10:33:41 1121 827246
20 10:35:29 848 827246
21 10:36:26 3170 827246
22 10:37:17 4094 827246
23 10:39:05 2000 827246
24 10:39:17 941 827246
25 10:41:44 472 827246
26 10:44:59 1354 827246
27 10:56:28 13287 827246
28 11:00:50 9962 827246
29 11:06:46 1467 827246
30 11:15:39 753 827246
31 11:24:11 1481 827246
32 11:40:32 1200 827246
33 12:01:01 212 827246
34 12:05:05 258 827246
35 12:06:55 200 827246