1 09:29:36 10 815310
2 09:29:36 400 815310
3 09:29:37 732 815310
4 09:31:04 10 829890
5 09:31:04 400 829900
6 09:31:04 1864 830000
7 09:31:04 1200 830000
8 09:32:53 188 818001
9 09:59:37 732 830000
10 10:02:47 214 830000
11 10:03:38 6120 830000
12 10:05:46 540 830000
13 10:07:15 1560 830000
14 10:07:30 10 830000
15 10:14:42 1000 830000
16 10:14:42 100 830000
17 10:16:01 1285 830001
18 10:25:41 10842 830001
19 10:29:04 300 830001
20 10:40:28 3066 830001
21 11:34:42 10 830010
22 11:34:42 990 830001
23 11:34:53 690 830001
24 12:12:28 10 830010
25 12:12:28 482 830001
26 12:18:52 10 830010
27 12:19:27 10 830010
28 12:21:02 4903 830001
29 12:21:31 11935 830001
30 12:21:31 78 830000
31 12:24:22 1334 828501