1 09:45:01 36 836800
2 09:54:36 10 839000
3 09:58:56 1000 841126
4 09:59:04 1000 841126
5 09:59:12 990 841126
6 10:11:54 22 840000
7 10:12:33 23 840000
8 10:13:11 47 840000
9 10:14:32 24 840000
10 10:15:12 25 840000
11 10:15:51 23 840000
12 10:16:29 23 840000
13 10:17:12 25 840000
14 10:17:55 25 840000
15 10:18:29 22 840000
16 10:19:06 22 840000
17 10:19:49 48 840000
18 10:21:05 24 840000
19 10:21:49 26 840000
20 10:22:31 25 840000
21 10:23:09 23 840000
22 10:23:52 26 840000
23 10:24:29 22 840000
24 10:25:06 22 840000
25 10:25:46 24 840000
26 10:26:27 25 840000
27 10:27:07 25 840000
28 10:27:46 23 840000
29 10:28:28 25 840000
30 10:29:06 23 840000
31 10:29:45 24 840000
32 10:30:28 26 840000
33 10:31:11 3 840000
34 10:45:39 390 840000
35 11:32:30 10 841125
36 11:33:05 1438 841125
37 11:33:47 451 841125
38 11:34:25 23 841125
39 11:35:04 22 841125
40 11:35:12 11 838001
41 11:36:21 36 841125
42 11:36:58 22 841124
43 11:37:40 26 841124
44 11:38:20 23 841100
45 11:38:57 22 841100
46 11:39:40 26 841099
47 11:40:23 26 841080
48 11:41:02 24 841070
49 11:41:43 24 841050
50 11:42:20 22 841049
51 11:43:01 25 841049
52 11:43:42 25 841000
53 11:44:21 22 841000
54 11:44:58 23 840999
55 11:45:39 24 840999
56 11:46:21 26 840700
57 11:47:04 25 840700
58 11:47:40 22 840700
59 11:48:19 23 840500
60 11:49:03 26 840500
61 11:49:40 24 840500
62 11:50:17 22 840500
63 11:50:58 23 840500
64 11:51:37 26 840500
65 11:52:14 21 840500
66 11:52:56 25 840500
67 11:53:32 22 840500
68 11:54:09 22 840500
69 11:54:49 23 840500
70 11:55:33 26 840500
71 11:56:12 23 840500
72 11:56:52 25 840500
73 11:57:36 25 840500
74 11:58:15 25 840500
75 11:58:52 23 840500
76 11:59:35 26 840500
77 12:00:13 22 840500
78 12:00:52 23 840500
79 12:01:28 22 840500
80 12:02:05 23 840500
81 12:02:45 23 840400
82 12:03:23 24 840400
83 12:04:02 22 840400
84 12:04:42 43 840400
85 12:05:19 92 840400
86 12:05:52 88 840400
87 12:06:31 95 840400
88 12:07:02 82 840400
89 12:07:40 97 840400
90 12:08:18 98 840400
91 12:08:55 95 840400
92 12:09:28 87 840400
93 12:10:00 82 840400
94 12:10:36 90 840400
95 12:11:09 84 840400
96 12:11:41 82 840400
97 12:12:17 95 840400
98 12:12:49 82 840400
99 12:13:20 80 840400
100 12:13:55 87 840400
101 12:14:29 87 840400
102 12:15:05 95 840400
103 12:15:39 88 840400
104 12:16:15 92 840400
105 12:16:48 85 840400
106 12:17:21 84 840400
107 12:17:55 88 840400
108 12:18:27 82 840400
109 12:19:03 92 840400
110 12:19:40 90 840400
111 12:20:12 87 840400
112 12:20:46 62 840400