1 09:26:45 100 840000
2 09:26:49 103 840000
3 09:26:55 99 840000
4 09:27:00 95 840000
5 09:27:05 103 840000
6 09:27:10 102 840000
7 09:27:15 95 840000
8 09:27:20 46 840000
8 09:27:20 46 840000
9 09:31:17 298 838021
10 12:08:56 100 839803
11 12:09:02 96 839803
12 12:09:03 96 839803
13 12:09:09 97 839803
14 12:09:09 97 839803
15 12:09:14 102 839803
16 12:09:14 98 839803
17 12:09:18 101 839803
18 12:09:20 103 839803
19 12:09:22 104 839803
20 12:09:25 96 839803
21 12:09:28 96 839803
22 12:09:31 97 839803
23 12:09:33 102 839803
24 12:09:37 4 839803