1 09:00:04 10000 827500
2 09:01:21 13667 827500
3 09:01:21 116 827598
4 09:10:08 2507 827598
5 09:12:49 1542 827598
6 09:16:23 2207 827598
7 09:18:32 1607 827598
8 09:20:48 45 827598
9 09:26:29 1376 827598
10 09:35:49 3083 827598
11 09:52:20 5760 827598
12 09:54:10 740 827598
13 10:16:43 150 828000
14 10:16:43 3400 829000
15 10:16:43 10 829000
16 10:16:43 1000 829999
17 10:16:43 4000 830000
18 10:42:16 1150 827598
19 10:47:07 6 868608
20 11:15:46 330 828001
21 11:15:46 37 828000
22 11:18:23 215 828000
23 11:18:59 748 828000
24 11:21:08 10 827598
25 11:21:08 632 827598
26 11:21:28 61 827598
27 11:23:28 6 827598
28 11:38:33 3096 828000
29 11:38:33 10000 829000
30 11:40:06 1689 827598
31 11:40:06 4635 827597
32 11:43:28 2164 827597
33 11:43:29 3939 827597
34 11:52:39 5207 827300
35 11:54:40 330 827200
36 11:56:38 550 827200
37 11:56:38 10 827200
38 11:56:38 3331 827200
39 12:00:58 680 827200
40 12:11:28 5000 828000
41 12:26:04 150 827200