1 10:07:50 1552 827500
2 10:08:15 4860 827000
3 10:08:30 2823 827889
4 10:08:36 380 827890
5 10:08:36 1156 828000
6 10:08:36 350 828000
7 10:08:36 1000 828999
8 10:20:28 4600 828900
9 10:21:25 400 828900
10 10:21:57 710 830000
11 10:22:00 1854 830000
12 10:23:43 7 834999
13 10:23:43 4593 830000
14 10:23:53 7 830000
15 10:54:01 5000 830000
16 10:56:49 10 829999
17 11:00:16 3985 822606
18 11:07:36 25 829997
19 11:08:45 6 825001
20 11:14:11 600 829997
21 11:23:17 5035 829991
22 11:58:05 6198 827653
23 12:02:37 205 827653
24 12:05:59 120 827653
25 12:10:52 570 827653
26 12:24:01 10 829000