1 09:06:01 97 840000
2 09:06:06 103 840000
3 09:06:11 98 840000
4 09:19:25 103 839000
5 09:19:30 99 839000
6 09:19:35 101 839000
7 09:19:41 95 839000
8 09:19:45 97 839000
9 09:19:51 100 839000
10 09:19:55 99 839000
11 09:20:00 97 839000
12 09:20:05 103 839000
13 09:20:11 100 839000
14 09:20:16 97 839000
15 09:20:21 98 839000
16 09:20:26 72 839000
17 09:46:42 7 839000
18 09:46:42 466 839000
19 09:47:19 1463 840000
20 10:07:00 96 840201
21 10:07:00 904 840200
22 11:24:49 95 837001
23 11:24:49 3039 837000
24 11:41:07 96 840401
25 11:44:46 103 840406
26 11:46:47 100 840431
27 11:50:18 95 840433
28 11:51:45 98 840433
29 11:51:53 102 840433
30 11:52:01 103 840433
31 11:52:29 96 840433
32 11:52:39 104 840433
33 11:52:45 95 840433
34 11:53:33 101 840433
35 11:54:45 25 840433
36 12:23:47 1192 837002
37 12:23:47 8 837000