1 09:00:04 598 826926
2 09:04:41 575 826926
3 09:25:47 13827 826926
4 09:25:47 66 826926
5 09:25:47 10 826926
6 09:25:47 492 826300
7 09:25:47 2399 794977
8 09:37:06 2567 826926
9 09:56:54 847 826926
10 10:04:07 4402 826926
11 10:08:55 2343 826926
12 10:13:17 2823 826926
13 10:14:03 3000 826926
14 10:26:21 2573 826926
15 10:28:30 3859 826926
16 10:28:47 1444 826926
17 10:30:34 1513 826926
18 10:33:48 2399 826926
19 10:51:37 5968 826926
20 11:00:20 3300 826926
21 11:10:57 5355 826926
22 11:23:51 1292 826926
23 11:35:31 16315 826926
24 11:36:51 4227 826926
25 11:40:45 10000 826926
26 12:12:09 3660 826926
27 12:12:09 1381 826926
28 12:24:25 9732 826926
29 12:24:40 3875 826926