1 09:02:55 1200 835000
2 09:20:36 2383 825000
3 09:42:08 5099 828000
4 09:50:15 2000 828000
5 10:01:37 1771 825500
6 10:14:22 3187 829000
7 10:14:22 1064 829000
8 10:14:22 850 830000
9 10:14:22 1500 830000
10 10:14:38 930 827500
11 10:14:43 362 833000
12 10:14:43 2882 834000
13 11:07:39 77 828000
14 11:13:29 10 827151
15 11:21:54 616 828001
16 11:40:34 74 828350
17 11:47:41 223 828002
18 11:52:45 5752 828002
19 11:52:45 2385 828001
20 11:52:45 5572 828000
21 11:53:37 91 828000
22 11:53:40 2219 828000
23 11:54:07 926 828000
24 11:57:14 417 828000
25 12:08:37 775 828000
26 12:08:38 225 828000
27 12:15:12 1000 828000
28 12:17:15 1904 828000
29 12:18:05 2081 827108
30 12:21:02 872 827109
31 12:24:18 342 827110