1 09:00:06 1000 855000
2 09:11:48 500 847985
3 09:12:13 500 847985
4 09:13:03 1 845501
5 09:13:21 701 845501
6 09:14:29 21 847985
7 09:25:09 4 847980
8 09:25:10 22 847980
10 09:38:27 9 847980
9 09:38:27 1000 848000
11 09:38:43 1000 847000
12 09:47:15 1472 847000
13 10:24:49 8 847000
14 10:27:58 8 847000
15 10:30:04 8 847000
16 10:38:33 4 853999
17 10:52:49 1500 847006
18 11:00:26 231 853999
19 11:00:58 265 853999
20 11:01:00 974 854000
21 11:02:27 500 854000
22 11:19:46 484 849009
23 11:21:33 364 849009
24 12:05:54 500 850000