1 09:10:32 300 828500
2 09:14:01 12 828350
3 09:15:27 605 828350
7 09:18:56 15 828350
6 09:18:56 19 828350
5 09:18:56 33 828350
4 09:18:56 2383 828350
8 09:19:21 2550 826212
12 09:29:31 10 825000
11 09:29:31 15450 826212
10 09:29:31 20 826212
9 09:29:31 320 826500
13 09:29:37 9200 820000
14 09:38:44 126 826500
15 09:41:50 1820 827436
16 09:48:39 192 827000
17 09:49:39 1200 827436
18 09:53:24 500 826990
19 09:56:40 7 827436
20 10:14:48 774 826500
21 10:16:52 900 826500
22 10:17:14 473 826500
23 10:22:34 927 826500
24 10:22:43 573 826500
25 10:32:28 900 826500
26 10:34:40 20 826212
27 10:39:09 79 826400
28 10:42:08 671 826400
29 10:42:27 9773 826212
30 10:42:45 130 826212
31 10:43:12 2536 826212
32 10:56:49 900 826400
33 10:58:11 752 826400
34 10:58:46 3205 826213
35 10:59:58 760 826400
36 11:00:34 90 826400
37 11:02:18 230 826400
38 11:03:29 25 826400
39 11:04:27 95 826400
40 11:06:45 938 826213
41 11:20:24 403 826213
42 11:24:21 2606 826213
43 11:30:53 1503 826301
44 11:32:18 10 826301
45 11:38:13 245 826301
46 11:40:15 10334 826400
47 11:58:41 42 826500
48 12:01:03 1209 826500
54 12:08:26 5000 827999
53 12:08:26 198 827436
52 12:08:26 300 827420
51 12:08:26 149 827410
50 12:08:26 812 827000
49 12:08:26 912 827000
61 12:08:36 3804 829000
60 12:08:36 70 828500
59 12:08:36 145 828500
58 12:08:36 2475 828400
57 12:08:36 18 828400
56 12:08:36 429 828000
55 12:08:36 257 828000
62 12:18:12 93 826500
63 12:20:15 18 826500