1 09:34:55 1000 845492
2 09:51:03 7 843001
3 09:55:39 15 842152
4 09:57:16 100 842152
6 10:10:06 1992 842073
5 10:10:06 8 845420
7 10:10:15 502 842076
8 10:12:31 425 842206
9 10:45:43 1000 843101
10 10:47:08 2 844001
11 10:47:59 855 844001
12 11:10:09 10 844410
13 11:10:41 1131 844410
14 11:12:18 20 844410
15 11:12:42 980 844410
17 11:13:35 323 844401
16 11:13:35 20 844410
20 11:37:28 1718 844401
19 11:37:28 12 844410
18 11:37:28 50 844410
22 11:41:56 594 844401
21 11:41:56 20 844401
24 11:43:02 1820 844401
23 11:43:02 20 844410
25 11:52:44 10 844410
26 11:58:31 1077 844013
27 12:02:18 895 844700
29 12:03:10 17646 844700
28 12:03:10 1701 844690
30 12:03:29 850 844680
32 12:16:46 190 845490
31 12:16:46 10 845490
32 12:16:46 190 845490
31 12:16:46 10 845490
34 12:21:40 3038 844403
33 12:21:40 1500 844800
35 12:27:16 150 845000
36 12:28:24 313 845001
37 12:28:52 208 845001
38 12:29:52 300 845001