1 09:03:44 50 840001
2 09:04:36 10 842000
3 09:04:37 30 842000
4 09:06:31 105 845000
5 09:07:24 323 845000
7 09:20:48 10 845000
6 09:20:48 72 845000
8 09:20:49 918 845000
9 10:30:48 3500 847991
10 10:32:22 500 847991
15 10:32:25 6432 849000
14 10:32:25 5328 848000
13 10:32:25 131 848000
12 10:32:25 10 847999
11 10:32:25 350 847999
17 10:59:48 5000 849000
16 10:59:48 115 848995
18 11:02:06 1254 848251
19 11:04:58 10000 849000
20 11:05:16 1000 849000
21 11:08:40 10000 849000
23 11:10:42 10000 849000
22 11:10:42 243 849000
24 11:15:34 300 848251
25 11:15:56 372 848251
26 11:18:33 1193 848251
27 11:18:45 3568 849000
30 11:20:09 10000 849500
29 11:20:09 131 849500
28 11:20:09 10 849400
31 11:33:02 5000 849500
32 11:37:26 200 848301
33 11:38:00 5000 849500
34 11:43:39 902 848302
35 11:45:29 5000 849500
36 11:54:36 5000 849500
37 11:57:27 5000 849500
38 11:58:13 5000 849500
39 12:00:55 1245 849500
40 12:00:55 5000 849500
41 12:08:50 5000 849500
42 12:11:44 5000 849500
43 12:18:03 638 849000
45 12:26:51 143 850000
44 12:26:51 75 849990