1 09:00:03 50 826632
2 09:00:03 34 826632
3 09:09:21 100 826632
4 09:14:14 987 826632
5 09:15:09 806 826632
6 09:18:24 34 826632
7 09:23:23 528 826650
8 09:23:26 2293 826650
9 09:29:34 1734 826651
10 09:37:58 1744 826701
11 09:40:17 820 826701
12 09:46:42 1000 826701
13 09:49:13 868 826701
15 09:49:20 75 826701
14 09:49:20 3834 826701
17 09:51:56 3400 826701
16 09:51:56 100 826999
18 09:56:18 6281 826701
19 10:14:54 907 826712
20 10:18:21 9 826801
21 10:24:01 120 826712
22 10:24:22 1973 826712
23 10:24:43 9000 826711
24 10:25:25 1 826671
25 10:25:28 24999 826671
26 10:25:35 1 826671
27 10:26:37 15000 826711
28 10:27:01 1000 826671
29 10:27:08 23999 826671
30 10:27:23 1000 826671
31 10:28:03 2000 826681
32 10:29:23 150 826801
33 10:42:56 7 826685
34 10:43:43 3193 826685
35 10:55:01 3200 826685
36 10:55:26 9000 826684
37 10:56:20 319 826684
38 11:01:44 24 826684
39 11:03:54 657 826684
40 11:03:54 41 826684
41 11:04:45 350 826684
42 11:06:12 2809 826684
43 11:06:34 2000 826681
44 11:08:52 750 826681
45 11:09:03 2329 826684
46 11:23:56 341 826682
47 11:23:56 594 826682
48 11:23:57 2265 826682
49 11:23:57 1936 826681
50 11:50:22 529 826684
51 11:51:35 400 826684
52 12:06:02 5459 826681
53 12:13:04 89 826681
54 12:17:07 1766 826681
55 12:17:07 777 826681
56 12:17:14 223 826681
57 12:17:14 1334 826632
58 12:21:31 449 826632
59 12:24:22 179 826632