2 09:04:24 772 857510
1 09:04:24 20 857510
3 09:20:48 195 857510
5 09:44:09 6 865000
4 09:44:09 9 865000
7 10:08:11 9 857511
6 10:08:11 15 857550
9 10:12:35 270 857510
8 10:12:35 1 857511
13 10:17:28 8705 862900
12 10:17:28 15 862000
11 10:17:28 270 860000
10 10:17:28 10 859990
14 10:18:33 12000 862900
15 10:18:59 12000 862900
16 10:19:38 12000 862900
17 10:21:32 12000 862900
20 10:58:42 1000 861900
19 10:58:42 432 861900
18 10:58:42 160 861900
21 10:59:48 8408 862000
23 11:08:55 500 854000
22 11:08:55 15 854000
24 11:13:36 45 854000
26 11:15:04 10 853500
25 11:15:04 450 854000
27 11:15:38 129 853500
28 11:22:11 439 854000
29 11:26:01 243 853500
30 11:27:54 243 853509
31 11:31:40 10 853500
32 11:31:45 10 853000
33 11:31:48 10 852500
34 11:31:52 10 851800
35 11:31:55 20 851005
38 11:32:32 949 849063
37 11:32:32 1501 849063
36 11:32:32 501 849063
40 11:46:21 307 849063
39 11:46:21 501 849063
41 12:13:23 350 849062