1 09:11:46 46 840001
3 09:21:54 400 842000
2 09:21:54 100 842000
4 09:33:05 1986 841001
5 09:33:29 3091 841001
6 09:47:47 311 843000
7 09:53:33 589 830107
8 09:59:05 500 840152
9 09:59:55 418 843000
13 10:00:12 200 844999
12 10:00:12 2486 844990
11 10:00:12 383 844000
10 10:00:12 790 844000
14 10:05:09 173 843000
15 10:12:26 288 843000
17 10:13:44 213 845000
16 10:13:44 533 844000
18 10:22:34 541 843000
19 10:26:45 1002 844999
20 10:38:30 13 843000
21 10:39:51 421 843000
23 10:43:06 21436 843000
22 10:43:06 3564 843000
24 10:55:20 335 843001
25 10:56:18 240 843001
26 10:58:25 3998 844999
27 10:58:26 155 843000
29 11:08:25 600 845000
28 11:08:25 320 844900
30 11:12:53 3678 845000
32 11:25:10 1000 845000
31 11:25:10 250 845000
33 11:30:00 6 845000
34 11:34:29 3169 844999
35 12:06:52 3862 843500