2 09:17:11 68 834750
1 09:17:11 1839 834750
3 09:18:17 50 834750
4 09:18:32 199 828502
5 09:24:43 200 830010
6 09:27:09 214 830010
7 09:28:46 25 830050
8 09:29:17 1000 835000
9 09:36:58 895 835999
10 09:39:23 4624 833000
11 09:42:14 74 833001
12 09:42:34 433 833001
13 09:42:50 2535 835990
14 09:42:50 1679 835999
15 09:49:40 293 834500
16 09:50:23 30 834500
17 09:50:35 677 834500
19 09:50:59 1000 835999
18 09:50:59 1000 835999
20 10:00:26 500 834999
21 10:00:26 2000 835000
22 10:06:58 1000 835000
23 10:07:20 1000 835980
24 10:07:20 1071 835980
25 10:07:20 1000 835980
26 10:10:12 82 834701
27 10:12:52 173 834701
28 10:14:54 7 834701
29 10:16:48 1731 834802
30 10:17:52 1000 834800
31 10:29:58 205 834701
32 10:30:52 600 835000
33 10:37:36 50 835990
34 10:37:36 61 835990
35 10:37:36 1600 835990
36 10:37:36 1871 835999
37 10:46:25 1000 835999
38 10:46:25 404 836000
39 10:46:25 1065 836000
40 10:52:28 215 834901
41 11:05:25 10 834901
43 11:07:15 3529 834900
42 11:07:15 52 834901
44 11:12:05 298 834900
45 11:14:25 650 835000
46 11:25:11 342 834900
47 11:26:45 20831 834900
48 11:27:21 500 834605
49 11:31:34 20 831100
50 11:31:49 25000 834500
51 11:33:18 20000 834600
52 11:37:51 3925 834605
53 11:37:58 4169 834900
54 11:42:00 8 833000
55 11:48:51 1786 833000
56 11:59:15 1079 834000
57 12:10:59 93 834000
58 12:17:44 3645 834000
59 12:20:12 6 836000
60 12:20:12 118 836000
61 12:20:12 2423 836000
62 12:20:12 10 836000
63 12:29:13 1132 834200