1 09:00:22 200 848151
3 09:14:15 2000 844232
2 09:14:15 2000 844239
4 09:14:24 2660 844232
5 09:30:45 990 848141
6 09:30:59 320 848141
7 09:33:20 153 845033
8 09:35:47 20 844508
9 09:39:58 566 844508
10 09:40:32 1500 844510
11 09:46:23 47 845006
12 09:46:38 1700 845007
13 09:48:45 236 845205
14 10:10:26 171 845504
23 10:18:10 2400 850000
22 10:18:10 171 850000
21 10:18:10 500 850000
20 10:18:10 990 849999
19 10:18:10 320 849999
18 10:18:10 40 848151
17 10:18:10 1350 848141
16 10:18:10 65 847000
15 10:18:10 100 847000
24 10:24:17 1299 849900
25 10:24:28 5200 850000
26 10:31:48 10 845531
27 10:42:33 590 845606
28 10:48:51 953 846001
29 10:49:44 2000 846001
30 10:50:10 1000 846001
31 10:51:03 220 846001
32 11:19:53 110 845703
33 11:21:45 120 847001
34 11:44:43 757 848501
35 11:51:06 348 849001
36 12:02:10 30 847001
37 12:13:09 254 847001
38 12:22:36 2341 848000
39 12:23:17 1500 849000
40 12:23:25 2341 849999