1 09:04:55 320 846001
2 09:37:34 137 850000
3 09:37:54 19 850000
4 09:41:51 10 850000
5 09:53:08 820 847152
6 10:32:42 103 847202
7 10:32:42 14 847202
8 10:32:42 383 847201
9 10:33:33 923 850000
10 10:34:59 14 850000
11 10:37:27 15 850000
12 11:16:51 617 850000
13 11:22:52 30 850000
14 11:35:27 215 850000
15 11:42:20 944 846123
16 11:42:21 56 846123
17 11:42:37 944 850000
18 12:07:21 512 847200
23 12:12:30 22 846012
22 12:12:30 2000 846100
21 12:12:30 14 846101
20 12:12:30 500 846138
19 12:12:30 947 846139
24 12:13:08 947 850000
25 12:15:18 5000 850000
26 12:19:44 143 849500
27 12:27:17 76 847130
28 12:28:36 1000 850000