1 09:22:23 1000 839000
2 09:44:13 811 841000
5 09:45:16 10451 843308
4 09:45:16 600 843308
3 09:45:16 211 843000
9 09:48:43 3862 845962
8 09:48:43 155 845946
7 09:48:43 2173 845000
6 09:48:43 200 845000
10 09:52:37 800 847000
11 10:08:22 2000 844001
12 10:12:31 306 844001
13 10:19:23 500 844300
14 10:24:09 1034 844300
15 10:24:39 92 846500
16 10:24:57 4000 846999
17 10:25:03 2301 846999
18 10:25:35 7 849999
19 10:26:29 2410 848000
20 10:27:00 4000 848000
21 10:27:21 9 844401
22 10:39:16 6 844001
23 10:48:50 200 845000
24 10:56:36 8092 844001
25 10:56:40 1739 844001
26 10:57:10 1000 844001
27 10:57:42 500 846999
28 10:57:50 3580 847000
29 10:58:04 200 848000
30 11:10:12 73 844003
31 11:11:58 700 845000
32 11:12:00 831 844501
33 11:12:21 254 848000
34 11:24:03 1000 844500
35 11:29:31 200 844500
36 11:29:50 260 844500
37 12:04:49 446 847999
38 12:08:53 1000 844701
39 12:12:41 12 845074
40 12:18:28 500 846000
41 12:20:31 7 845001
42 12:21:03 1800 846000
42 12:21:03 1800 846000
43 12:22:11 1160 846000
44 12:23:07 1800 846300
45 12:23:16 126 846900
47 12:23:24 700 847000
46 12:23:24 1000 847000
49 12:23:30 2149 847000
48 12:23:30 7 847999
50 12:23:48 3472 848000
51 12:23:49 1800 848000
52 12:26:45 400 846500
53 12:27:22 400 848000