1 09:19:22 30 848302
3 09:38:54 1216 854000
2 09:38:54 1784 854001
4 09:46:10 1890 854503
5 09:46:12 1967 854503
6 09:58:10 210 854503
7 10:11:18 608 854503
8 10:18:34 991 854503
9 10:18:34 1663 854502
10 10:24:53 2038 854502
11 10:48:46 43 853006
12 11:14:40 104 853007
13 11:35:02 1751 853009
14 11:35:17 5390 853009
15 11:36:03 154 853010
16 11:51:43 868 853012
17 11:51:54 130 853012
19 12:17:55 1322 853012
18 12:17:55 678 853013
20 12:25:12 25000 853300
21 12:25:13 15624 853300
22 12:28:03 25000 853302