8 09:00:05 500 858155
7 09:00:05 500 858155
6 09:00:05 1000 858155
5 09:00:05 1000 858155
4 09:00:05 1000 858155
3 09:00:05 1000 858155
2 09:00:05 1000 858155
1 09:00:05 2935 858155
9 09:00:22 2935 860998
10 09:01:38 440 862000
11 09:43:05 130 859505
12 09:47:49 949 859507
13 10:18:03 900 862000
15 10:31:46 6540 859519
14 10:31:46 76 859520
16 10:45:46 406 861500
17 10:56:49 500 861000
18 11:04:07 100 861000
19 11:36:09 4660 861500
20 11:40:22 1084 859540
21 12:05:49 5000 859900
23 12:19:47 471 859928
22 12:19:47 29 859928
24 12:21:09 50 859928