1 09:13:26 79 843345
2 09:34:31 237 843502
3 09:44:28 95 843502
4 10:02:46 10 841010
5 10:02:46 400 841010
6 10:02:46 803 841001
8 10:04:38 232 841000
7 10:04:38 10 841010
9 10:09:53 178 842000
10 10:21:00 50 841589
11 10:21:00 352 841587
12 10:32:37 310 841587
13 10:46:50 287 841587
14 10:49:37 520 841587
15 10:54:42 20 843000
16 10:56:54 4980 843000
17 11:10:42 127 843000
19 11:11:57 20 843000
18 11:11:57 105 843000
20 11:20:50 767 842429
21 11:24:29 112 842429
22 12:00:39 1100 842700
23 12:01:59 1200 842700
25 12:21:28 2443 842760
24 12:21:28 500 842800
26 12:23:00 1500 842800
27 12:23:00 2500 842760
28 12:24:25 701 842800
29 12:26:21 700 842900
33 12:29:50 741 842900
32 12:29:50 200 842901
31 12:29:50 10 842950
30 12:29:50 49 842950