1 09:05:24 1280 846010
2 09:08:39 86 847000
3 09:18:01 811 847000
4 09:18:01 189 846110
5 09:19:57 6 846112
6 09:35:06 6 848000
7 09:35:44 500 848000
8 09:36:44 507 848000
9 09:43:52 150 847700
10 09:55:32 303 848000
12 09:57:44 117 846500
11 09:57:44 285 846500
13 09:59:32 1335 847203
14 10:01:16 417 847306
15 10:19:55 643 847006
17 10:26:58 1443 849000
16 10:26:58 254 849000
20 10:35:13 1000 850000
19 10:35:13 86 850000
18 10:35:13 507 849999
21 11:05:50 200 848011
22 11:06:55 220 848011
23 11:13:14 287 847011
24 11:23:18 1243 847011
25 11:40:00 61 847741
26 11:48:40 719 847741
27 12:03:07 175 847741
33 12:12:31 3250 851989
32 12:12:31 240 851900
31 12:12:31 117 850949
30 12:12:31 1 850000
29 12:12:31 100 850000
28 12:12:31 897 849980
34 12:12:38 3000 851990