1 09:00:03 73 849109
2 09:00:03 1 849109
3 09:00:41 99 849129
4 09:00:41 74 849119
5 09:00:42 1821 849109
6 09:04:51 431 852012
7 09:24:37 1423 854145
8 09:24:38 23 854145
9 09:31:21 231 854145
10 09:50:53 100 854897
11 10:04:38 74 855000
12 10:06:03 1000 854936
13 10:14:10 73 855898
14 10:15:29 81 855898
15 10:15:49 1110 855010
16 10:56:49 56 855151
17 11:28:16 265 855151
18 11:28:16 178 855150
19 11:45:13 30 855151
20 11:46:02 1000 855151
21 11:59:44 135 855500
22 12:03:38 591 855501
23 12:03:38 2513 855500
24 12:07:24 1568 855501
25 12:07:25 8432 855501
26 12:07:28 10000 855501
28 12:11:47 5000 857998
27 12:11:47 470 857500