1 09:24:57 30 845503
2 09:38:55 236 845504
3 09:55:41 203 845703
4 10:09:28 500 847000
5 10:12:11 7750 847000
6 10:25:43 1247 846034
9 10:26:35 447 850000
8 10:26:35 60 850000
7 10:26:35 93 849000
10 10:34:18 283 846900
11 10:50:15 1780 847000
12 10:50:25 858 847900
13 10:51:35 22 846203
14 11:06:40 3000 847900
15 11:07:32 831 846456
16 11:11:18 500 846456
17 11:30:56 23000 846457
18 11:42:27 6 846457
19 11:55:02 28 846457
20 11:55:26 305 846457
21 11:57:08 44 846457
22 11:57:50 283 847900
26 12:05:57 497 848500
25 12:05:57 1063 848347
24 12:05:57 1718 848147
23 12:05:57 150 848000
27 12:22:13 12000 848400
29 12:23:39 691 847900
28 12:23:39 20 847910
30 12:29:13 303 846326