1 09:07:04 62 849001
2 09:16:46 25000 849112
3 09:17:05 4593 849112
4 09:27:23 2027 849223
5 09:40:21 18 849223
6 09:54:37 200 849601
7 09:59:52 3380 850000
8 10:39:39 6 850998
9 10:39:39 1702 850101
10 10:44:23 824 850101
11 10:52:04 500 850100
12 10:55:43 20 850100
13 11:06:12 346 850100
14 11:18:42 2400 850100
15 11:35:14 147 850500
16 11:40:41 6 850150
17 11:54:53 782 850100
18 11:59:07 1000 850100
19 12:19:34 227 850100
20 12:26:18 118 850999
24 12:27:42 1766 851000
23 12:27:42 10 850999
22 12:27:42 82 850999
21 12:27:42 234 850900
25 12:27:48 234 851000
26 12:29:26 1000 850002