2 09:12:15 10 849990
1 09:12:15 10000 849990
3 09:12:49 300 850000
4 09:12:55 20 849991
5 09:13:24 1342 849991
6 09:14:43 137 850000
7 09:24:33 14 850000
8 09:45:53 750 850000
9 09:47:32 900 849999
10 09:49:22 900 849994
11 09:56:23 544 849996
12 09:58:16 84 849996
13 10:03:43 1026 849996
14 10:04:34 434 849996
15 10:12:30 864 850001
16 10:19:00 949 850001
17 10:30:59 1000 850500
18 10:51:32 3 850032
19 11:14:09 1442 850052
20 11:14:09 582 850051
21 11:22:19 1486 850052
22 11:22:19 5571 850052
23 11:37:43 120 850056
24 11:58:58 300 850062
25 12:14:19 500 850159
26 12:26:43 589 850167