2 09:26:27 1000 849666
3 09:26:27 3629 849109
1 09:26:27 3000 849667
4 09:30:46 1000 849121
5 09:39:14 3000 849356
6 09:39:30 242 849356
7 09:40:08 190 849356
8 09:58:30 784 852427
9 10:00:37 58 852427
10 10:09:43 512 852427
11 10:10:44 1386 852427
12 10:39:32 86 852427
13 10:49:04 4914 852427
14 10:49:04 8646 852426
15 10:52:06 215 849358
16 10:55:21 5098 852426
17 11:11:04 500 850009
18 11:31:50 3224 852000
19 11:53:30 205 850743
20 11:56:35 500 850116
21 11:57:43 500 850116
22 11:58:30 775 850116
23 12:03:51 41 852000
24 12:03:51 15575 852000
25 12:11:11 106 852000
26 12:11:11 700 852000
27 12:15:34 4 852426
28 12:15:34 270 852900
29 12:28:11 400 850126