1 09:41:11 514 846102
2 09:49:48 500 847320
3 10:01:13 446 847320
4 10:22:39 192 846786
5 10:28:17 65 846801
6 10:36:04 186 846801
7 10:36:23 70 847000
8 10:45:04 357 847990
9 10:45:04 192 847990
10 11:04:21 2 846804
11 11:04:21 998 846803
12 11:11:52 3000 848000
13 11:44:48 942 848000
14 11:44:48 2000 848000
15 11:53:36 70 848400
16 11:53:36 500 848500
17 11:53:36 2000 849990
18 11:53:36 5000 850000
19 11:53:36 137 850000
20 12:12:56 83 847051
21 12:13:03 85 847051
22 12:18:08 2387 847081
23 12:20:44 205 848201
24 12:22:28 300 848201