2 09:11:39 5214 836999
1 09:11:39 400 836286
3 09:18:46 825 835005
4 09:22:26 7 837000
5 09:23:34 44 837000
6 09:24:19 480 835011
8 09:26:35 1733 837000
7 09:26:35 236 837000
10 09:29:56 617 838000
9 09:29:56 500 838001
11 09:37:23 1065 838000
12 09:48:46 434 835556
14 10:02:33 4800 838000
13 10:02:33 200 838000
15 10:05:40 1819 838200
17 10:11:03 40 838100
16 10:11:03 255 838102
18 10:18:54 2500 838101
19 10:22:04 5000 838501
20 10:22:29 40 838501
23 10:30:28 2000 840000
22 10:30:28 15 840000
21 10:30:28 10 840000
25 10:37:34 13379 841713
24 10:37:34 4060 841700
26 10:47:54 176 839500
28 10:52:18 24276 839500
27 10:52:18 724 839500
29 10:56:57 2256 840500
30 10:58:00 25000 841750
31 11:00:32 10 841788
32 11:01:23 1840 841730
33 11:01:56 16262 841780
35 11:02:07 8738 841780
34 11:02:07 10 841779
36 11:02:45 16252 841780
38 11:02:52 16252 841789
37 11:02:52 8748 841780
40 11:02:57 23695 841790
39 11:02:57 1305 841790
42 11:03:06 17353 841790
41 11:03:06 1305 841790
43 11:05:32 25000 841790
44 11:06:25 25000 841790
45 11:07:26 25000 841790
46 11:08:11 25000 841790
47 11:08:31 25000 841790
48 11:08:51 71 841000
49 11:10:33 7474 841790
51 11:11:01 9234 841800
50 11:11:01 3907 841800
52 11:15:56 539 841000
53 11:17:58 44 841000
54 11:25:01 2533 841000
55 11:52:58 99 841000
62 12:09:42 598 841000
63 12:23:49 345 841000
64 12:24:06 50 841000