1 09:20:26 2868 845006
2 09:31:30 200 844502
3 09:57:35 600 846001
5 09:59:00 10000 847000
4 09:59:00 1 846931
6 10:03:54 5000 847000
7 10:09:03 4350 847250
8 10:15:08 85 846003
10 10:16:57 9713 848000
9 10:16:57 5650 848000
11 10:22:58 21 846009
12 10:52:29 6750 848500
12 10:52:29 6750 848500
15 11:27:40 1132 849000
14 11:27:40 193 848999
13 11:27:40 2000 848611
16 11:28:12 8868 849000
17 11:41:27 674 847610
18 11:57:20 5000 849000
19 12:01:40 5000 849000
20 12:04:43 5000 849000
21 12:16:23 801 847610
23 12:18:41 5000 849000
22 12:18:41 600 848999
26 12:26:14 24 849000
25 12:26:14 5000 849000
24 12:26:14 1836 848999