1 09:21:28 10 852150
2 09:21:28 188 852011
3 09:29:31 2247 854003
4 09:48:30 1729 856015
5 10:02:32 7 856015
6 10:11:33 194 856018
7 10:11:34 18 856018
8 10:17:49 400 856025
9 10:19:04 104 856025
10 10:19:57 20 856025
11 10:51:10 255 856059
12 10:51:23 573 856056
13 10:54:10 60 856059
14 11:01:25 36 856059
15 11:04:41 657 856059
16 11:04:42 204 856059
17 11:12:47 50 856059
18 11:44:14 916 857000
19 11:57:44 987 856065
20 12:03:44 84 857000
21 12:15:13 1214 857000
22 12:18:51 7005 856410
23 12:21:07 120 856450
24 12:21:56 6 856460
25 12:29:10 483 856450
26 12:29:47 137 857000
27 12:29:58 146 859000