1 09:00:05 19 860020
2 09:01:53 300 860020
4 09:10:26 1099 857500
3 09:10:26 1 860020
5 09:18:00 150 859000
8 09:40:40 928 860011
7 09:40:40 212 860011
6 09:40:40 1134 860012
9 10:26:47 350 860500
10 10:37:31 120 861990
11 10:37:43 20 861990
12 10:37:49 100 861990
13 10:39:26 260 861990
14 10:40:05 50 862000
15 10:40:57 259 862000
23 10:57:43 1371 860650
22 10:57:43 10 860880
21 10:57:43 20 860880
20 10:57:43 200 860880
19 10:57:43 192 860880
18 10:57:43 12 860880
17 10:57:43 80 860880
16 10:57:43 100 860880
24 11:01:06 1000 860650
25 11:12:09 142 860650
26 11:16:35 200 860650
28 11:26:24 3027 861500
27 11:26:24 1509 861500
29 11:37:43 253 860650
30 11:40:49 40 860650
31 11:40:56 2776 861499
34 11:52:35 1820 860650
33 11:52:35 6 860650
32 11:52:35 1644 860650