1 09:05:42 15 836111
2 09:10:48 10 836269
3 09:24:21 10 840777
4 09:26:08 143 843000
5 09:45:08 30 840521
6 09:45:27 10 848000
7 09:45:27 20 848000
8 09:58:28 566 848000
9 10:07:34 7 847702
10 10:14:44 131 847702
11 10:14:46 89 848000
12 10:28:06 50 847702
13 10:37:14 590 847702
14 10:50:48 3427 847704
15 11:05:02 200 847704
16 11:16:58 555 849999
17 11:16:58 10 849999
18 11:16:58 3032 850500
19 11:30:16 30 849000
21 11:33:44 10 848850
20 11:33:44 500 848850
22 11:34:12 560 848100
23 11:45:22 81 848150
24 11:46:27 2067 850000
25 11:46:27 10 850000
26 12:10:48 470 849001
27 12:13:14 200 849200
28 12:17:01 121 849001
29 12:21:33 869 849001