1 09:05:57 20 849001
2 09:10:31 137 851000
3 09:10:31 3 851990
4 09:17:05 13 849001
5 09:36:09 283 849002
6 09:36:56 521 849002
7 09:54:53 9000 849501
8 09:54:53 16000 849500
9 10:21:46 2011 849004
10 10:22:19 50 849004
11 10:28:17 1500 849006
12 10:31:52 21439 849012
13 10:32:56 449 849012
14 10:33:25 112 849012
15 10:47:38 25000 849010
16 10:52:31 25000 850000
17 11:14:24 138 849436
18 11:19:04 2000 849436
19 11:41:42 7 849100
20 11:42:34 66 849010
21 11:58:03 13 849500
22 11:58:03 1487 849010
23 11:59:02 5447 849010
24 12:08:05 40 849010
25 12:12:06 1391 849010
26 12:22:19 1425 849010