2 09:00:05 245 821990
1 09:00:05 2670 821990
3 09:00:07 15 821990
4 09:00:12 5000 821990
6 09:00:13 5000 821990
5 09:00:13 5000 821990
7 09:00:15 2165 821990
8 09:16:33 5000 826900
9 09:16:57 5000 826900
10 09:17:09 7165 826900
12 09:26:21 24750 826900
11 09:26:21 250 826900
13 09:26:22 250 826900
18 09:28:10 9149 825000
17 09:28:10 3800 825000
16 09:28:10 5204 825001
15 09:28:10 20 825001
14 09:28:10 1827 825002
19 09:30:41 24 826980
20 09:31:59 701 826000
21 09:32:56 21500 826900
22 09:33:43 3195 823007
23 09:35:10 3195 826900
26 09:40:08 390 823000
25 09:40:08 10 824100
24 09:40:08 100 824999
28 09:45:10 33 825999
27 09:45:10 7 825999
29 09:52:58 1313 826900
33 09:56:14 110 823000
32 09:56:14 30 823100
31 09:56:14 7 823999
30 09:56:14 7 825499
34 10:00:43 10000 826800
38 10:04:03 5340 822001
37 10:04:03 4350 822101
36 10:04:03 300 822102
35 10:04:03 10 824999
42 10:04:09 6620 806800
41 10:04:09 100 810010
40 10:04:09 620 812152
39 10:04:09 2660 822001
43 10:04:28 10000 806800
44 10:07:24 10 824400
45 10:07:25 2414 824400
46 10:07:52 4484 824402
47 10:08:06 2670 824402
48 10:08:28 3641 824402
49 10:08:49 7 824402
50 10:10:42 80 824402
52 10:15:41 300 826399
51 10:15:41 380 826399
53 10:15:44 10882 826400
54 10:15:47 240 826400
56 10:16:33 260 826399
55 10:16:33 240 826499
57 10:20:19 15 826988
59 10:20:23 10000 826989
58 10:20:23 1609 826989
60 10:20:34 2086 826990
61 10:32:48 610 826900
62 10:39:56 500 828000
63 10:40:48 100 825000
64 10:49:31 840 824100
65 10:49:49 2 824004
66 10:50:01 24 824004
68 10:53:24 5908 824004
67 10:53:24 27 824005
69 10:53:47 248 824004
70 10:55:43 3000 827999
72 10:55:49 1818 829000
71 10:55:49 527 829000
73 11:01:01 87 824056
76 11:03:32 3000 828999
75 11:03:32 87 828989
74 11:03:32 27 828988
77 11:04:07 500 825000
80 11:07:16 100 824502
79 11:07:16 500 825000
78 11:07:16 400 825000
81 11:18:44 3966 829000
82 11:46:11 1533 826900
86 11:47:54 23172 824502
85 11:47:54 900 825000
84 11:47:54 900 825000
83 11:47:54 28 825001
89 11:48:23 7073 824051
88 11:48:23 1728 824502
87 11:48:23 13319 824503
90 11:49:38 13319 826900
91 11:59:09 6100 815101
92 11:59:34 6100 826900
94 12:00:38 4173 815100
93 12:00:38 20827 815140
95 12:00:39 13827 815100
96 12:00:57 20827 826900
97 12:01:50 20904 812153
98 12:02:55 20904 826900
100 12:09:24 7 812153
99 12:09:24 7 812156
101 12:09:25 83 812153
102 12:10:47 7 826000
103 12:11:39 7 826000
104 12:11:58 230 812169
105 12:11:59 4770 812169
106 12:12:14 7 826000
107 12:12:26 2700 812170
108 12:16:55 265 814105
109 12:19:44 223 824500
110 12:19:47 2965 824590
111 12:22:33 400 824500
112 12:22:49 240 815000
113 12:22:50 2099 815000
114 12:24:11 7 819999
115 12:28:27 2329 815016