1 09:00:49 329 848000
3 09:10:51 186 848000
2 09:10:51 10 848010
4 09:12:53 196 848011
5 09:15:13 128 849101
6 09:24:38 139 849202
7 09:26:41 361 849202
8 09:28:10 1367 849202
9 09:35:05 309 849000
10 09:41:17 500 849500
11 09:43:26 500 849500
12 10:38:51 503 848790
14 11:00:15 490 848013
13 11:00:15 10 848100
16 11:03:53 468 848012
15 11:03:53 377 848013
19 11:12:35 296 848012
18 11:12:35 9 848013
17 11:12:35 873 848013
21 11:22:59 324 848014
20 11:22:59 6 848100
24 11:44:17 6432 849000
23 11:44:17 10000 848900
22 11:44:17 300 848899
25 12:08:26 7 851998
26 12:26:14 407 849000