1 09:09:47 95 838103
2 09:26:16 28 838405
3 09:37:45 847 841000
4 09:37:45 16 841500
5 09:37:45 7763 841500
6 09:38:08 10 839000
7 09:38:08 48 839000
8 09:38:51 1000 842000
9 09:38:51 474 842000
10 09:43:48 500 841477
11 09:43:48 1750 842000
12 09:50:13 1000 842000
13 09:58:37 181 839181
14 09:58:55 7309 841000
15 09:58:55 100 841900
16 09:58:55 2451 842000
17 09:58:55 411 842000
18 10:00:14 711 842000
19 10:01:08 8839 842000
20 10:05:47 740 840044
21 10:10:40 50 841207
22 10:11:01 560 841507
23 10:16:51 257 842002
24 10:16:51 952 842001
25 10:17:32 450 842001
26 10:27:21 1900 842200
27 10:27:21 965 842001
28 10:27:32 71 842001
29 10:35:25 2500 842200
30 10:53:08 439 842200
31 11:03:27 2543 842200
32 11:17:34 1118 842200
33 11:20:36 150 842001
34 11:22:43 438 842001
35 11:22:55 240 842001
36 11:25:50 669 842001
37 11:27:42 400 842001
38 11:27:53 2000 842001
39 11:30:56 1115 842001
40 11:33:44 8500 842001
41 11:36:03 848 842001
42 11:40:02 1539 842999
43 11:40:02 3382 844500
44 11:40:02 1447 844500
45 11:42:58 1000 842001
46 11:44:45 24 842001
47 11:48:16 156 842001
48 12:00:11 300 842001
49 12:00:12 1131 842001
50 12:04:45 928 842001
51 12:15:03 1301 842010
52 12:17:38 7 844900
53 12:27:28 572 842010
54 12:27:28 428 842001
55 12:28:33 3000 842010
56 12:28:33 22000 842001
57 12:28:46 213 842001
58 12:28:46 1471 842001
59 12:28:57 23529 842001
60 12:28:57 1471 842000