2 09:20:01 12836 842000
1 09:20:01 1000 842000
3 09:23:04 1299 839002
4 09:23:58 451 839002
5 09:24:16 56 839002
6 09:24:27 42 839002
8 09:31:19 143 842000
7 09:31:19 8 842002
9 09:33:19 535 842000
14 09:55:31 432 842900
13 09:55:31 1750 842900
12 09:55:31 539 842880
11 09:55:31 56 842870
10 09:55:31 42 842860
15 09:55:54 200 841923
16 09:58:56 433 842000
17 10:05:26 208 842000
18 10:13:52 20 842100
19 10:17:31 5259 842000
20 10:24:28 10 842000
21 10:29:35 1498 842000
22 10:30:43 3230 842000
23 10:30:48 2075 842000
24 10:32:27 124 842000
25 10:36:24 15 842000
26 10:40:18 95 842000
27 10:41:07 677 842000
28 10:53:57 650 842000
30 11:07:45 500 842500
29 11:07:45 1500 842300
31 11:11:41 3200 842012
31 11:11:41 3200 842012
32 11:12:52 501 842011
33 11:14:59 600 842011
34 11:18:19 638 842011
35 11:31:05 7288 843000
36 11:51:10 243 842101
38 11:53:14 23242 843995
37 11:53:14 1758 843994
40 11:53:27 1758 843995
39 11:53:27 842 843500
42 11:57:04 24990 843999
41 11:57:04 10 843999
43 11:57:07 10 843999
44 12:01:04 581 842102
45 12:02:12 3500 843990
46 12:19:45 2218 843100
48 12:21:44 3373 844700
47 12:21:44 10 844699
49 12:22:07 25000 844790
51 12:27:17 18900 844885
50 12:27:17 3399 844700