1 09:00:05 6 879990
3 09:15:27 8500 860000
2 09:15:27 6890 859900
4 09:44:29 1500 859990
6 09:47:30 7941 860000
5 09:47:30 13000 860000
7 09:49:22 1000 859520
8 09:59:50 200 859999
9 09:59:50 10000 860000
10 10:08:09 17 856501
11 10:18:45 14 858500
12 10:32:03 13988 859990
13 10:32:03 12 859990
14 10:32:03 11000 860000
15 10:32:06 1000 860000
16 10:39:10 300 860000
17 10:47:08 15000 860000
18 10:59:04 50 860400
19 11:03:47 10 859973
20 11:19:21 455 859973
21 11:19:21 82 860000
22 11:19:21 10000 860000
23 11:26:17 500 859999
24 11:26:17 8231 860000
25 11:37:04 172 859000
26 11:46:55 278 856150
27 11:52:51 1500 855153
28 11:56:02 2807 855153
29 12:01:33 276 855153
30 12:02:45 119 855153
31 12:16:39 6 855153
32 12:25:02 52 856000
34 12:26:12 5773 856000
33 12:26:12 100 856001
35 12:26:56 6200 856000
36 12:28:01 231 856000