6 09:05:49 1364 864200
5 09:05:49 500 864000
4 09:05:49 100 860000
3 09:05:49 50 859999
2 09:05:49 450 859999
1 09:05:49 2536 857000
7 09:16:08 312 839320
11 09:23:39 1391 858034
10 09:23:39 2000 858030
9 09:23:39 200 858020
8 09:23:39 312 858000
12 09:29:46 1097 870000
14 09:32:54 32 840202
13 09:32:54 350 840209
19 09:36:21 1763 869998
18 09:36:21 209 869997
17 09:36:21 2678 865000
16 09:36:21 343 864990
15 09:36:21 7 852000
20 09:36:29 3237 869998
21 09:43:28 400 850000
23 09:44:05 939 869999
22 09:44:05 824 869000
27 09:44:29 24 881000
28 09:44:29 170 881970
29 09:44:29 250 881979
30 09:44:29 150 881980
26 09:44:29 500 881000
25 09:44:29 250 880999
24 09:44:29 3525 869999
31 09:44:42 131 882000
32 09:49:08 5000 879999
33 09:56:14 10 855000
34 10:11:18 300 879988
35 10:40:02 10 855000
36 10:46:20 20 855000
37 10:48:33 200 855000
38 10:48:50 80 855000
39 10:55:57 11 850502
40 10:58:01 920 850502
41 11:05:55 769 850502
42 11:15:14 20 845100
43 11:15:14 98 843502
44 11:24:59 200 844112
45 11:24:59 20 844100
46 11:24:59 780 843602
47 11:38:42 9 843750
48 11:41:38 1 843750
49 11:41:58 190 843750
54 11:43:21 8 840135
53 11:43:21 2877 840139
52 11:43:21 100 840139
51 11:43:21 9 840150
50 11:43:21 6 842513
55 11:56:02 500 850000
56 11:56:02 40 854800
57 11:56:02 978 863000
58 11:56:02 450 863899
59 11:56:02 100 863973
60 11:56:02 345 864498
61 11:56:02 2587 864500
65 12:02:14 796 864500
64 12:02:14 4000 864498
63 12:02:14 6 864498
62 12:02:14 198 864496
66 12:02:26 1490 845233
67 12:14:53 865 845340
68 12:17:08 1338 845355
69 12:26:12 890 845381
70 12:26:12 570 845380
71 12:26:18 10 845355
72 12:26:18 186 845000
73 12:26:22 11344 845000
74 12:28:26 101 844000