1 09:02:33 62 846000
2 09:02:33 938 845500
4 09:17:38 100 845510
3 09:17:38 10 845510
5 09:17:59 46 845510
10 09:27:46 84 845501
9 09:27:46 200 845501
8 09:27:46 10 845510
7 09:27:46 12 845520
6 09:27:46 100 845520
11 09:34:19 80 846001
12 09:34:19 209 846000
13 09:40:11 310 847000
15 09:49:28 690 847000
14 09:49:28 2000 847001
16 09:51:32 270 846501
19 09:52:20 353 846000
18 09:52:20 10 846500
17 09:52:20 10 846990
20 09:52:23 1756 846000
21 09:53:25 232 845611
25 10:00:35 76 851980
24 10:00:35 583 849999
23 10:00:35 50 849990
22 10:00:35 90 847990
26 10:37:47 70 850000
27 10:41:22 75 850000
29 10:49:19 1000 851000
28 10:49:19 629 850990
30 10:49:22 50 850500
31 10:54:41 239 850500
32 10:59:58 16 851000
33 11:06:19 711 850500
34 11:10:12 450 850500
35 11:14:07 831 850600
36 11:17:30 539 850500
37 11:17:51 248 850500
38 11:25:22 63 850500
39 11:37:50 370 847307
40 11:59:52 500 847374
41 12:10:32 345 847408
42 12:14:27 64 847801
43 12:21:42 810 848611
44 12:29:03 500 848612
45 12:29:31 694 848612