1 09:13:31 779 860012
3 09:41:02 434 860511
2 09:41:02 29 861000
4 09:47:07 1023 860512
4 09:47:07 1023 860512
5 10:05:32 63 860512
5 10:05:32 63 860512
6 10:06:17 3525 860512
6 10:06:17 3525 860512
7 10:07:01 150 860511
7 10:07:01 150 860511
8 10:27:37 2 860544
9 10:44:15 1693 860552
10 10:44:16 429 860552
11 10:46:04 25 860552
12 11:18:10 100 861000
13 11:23:40 700 861000
14 11:24:30 300 861000
15 12:03:46 504 860800
16 12:09:22 5 861500
17 12:11:20 6 861000
18 12:14:50 10 861000
19 12:16:23 990 861000
21 12:28:40 363 860606
20 12:28:40 828 860607