1 09:04:28 3000 826685
2 09:04:49 3000 826685
3 09:05:07 2000 826685
4 09:07:32 5933 826685
5 09:14:24 3000 826702
6 09:22:48 864 827500
7 09:22:59 132 827500
8 09:24:24 4 827500
9 09:24:24 440 826730
10 09:28:07 100 826730
11 09:30:20 2448 826730
12 09:32:15 2000 826730
13 09:34:05 2012 826730
14 09:34:05 4713 826730
15 09:45:21 700 826750
16 09:56:48 1720 826750
17 09:57:37 7 827000
18 10:02:09 536 826750
19 10:16:35 141 826750
20 10:17:15 121 827000
21 10:19:09 2190 826750
22 10:19:09 149 826750
23 10:20:20 2815 826750
24 10:44:36 884 826750
25 10:49:47 220 826750
26 10:50:25 249 826750
27 10:52:30 432 826750
28 10:52:38 272 827000
29 10:52:38 1000 827000
30 11:00:06 2907 827001
31 11:00:07 1032 827400
32 11:09:36 350 827400
33 11:09:59 218 827400
34 11:13:38 284 827001
35 11:13:58 973 827001
36 11:21:36 1087 827001
37 11:21:36 77 827001
38 11:25:06 109 827001
39 11:25:48 823 827001
40 11:25:48 938 827001
41 11:26:06 650 827001
42 11:28:33 400 827001
43 11:30:24 7003 827001
44 11:32:14 7 826750
45 11:32:14 126 826741
46 11:34:18 171 826733
47 11:36:46 12 826733
48 12:18:47 10 826634
49 12:18:47 204 826634
50 12:21:43 69 826634
51 12:26:37 1 826633
52 12:27:32 1 826633
53 12:29:40 86 826633
54 12:29:40 4914 826632