1 09:22:45 10 843012
2 09:28:44 18 843012
5 09:32:12 810 843000
4 09:32:12 1000 843000
3 09:32:12 32 843001
8 09:36:54 2147 842500
7 09:36:54 9190 842501
6 09:36:54 7 842555
9 09:51:38 864 843111
12 10:03:06 5790 843900
11 10:03:06 200 843901
10 10:03:06 10 843901
13 10:08:13 700 843501
14 10:21:18 7300 843851
16 10:21:34 10 845000
15 10:21:34 1545 845000
17 10:23:13 312 843851
18 10:29:49 35 843851
19 10:35:58 150 843851
20 10:54:50 25 843853
21 10:57:05 1000 843853
22 11:24:30 591 843883
23 11:51:39 204 843913
24 11:52:18 336 844000
25 11:53:11 2064 844000
26 12:18:56 506 845000
27 12:18:56 10 845000
28 12:18:56 1147 845990
29 12:18:56 5 845990
30 12:18:56 182 845990
31 12:18:56 10 845990
32 12:18:56 1000 846000
33 12:18:56 1500 846990
34 12:27:29 10000 845001