1 09:04:08 86 825505
2 09:09:28 176 825600
3 09:10:35 500 825700
5 09:11:56 862 825701
4 09:11:56 150 825800
6 09:15:57 500 828000
7 09:16:55 788 826000
9 09:17:47 867 825601
8 09:17:47 1412 826000
10 09:26:24 1 826222
12 09:26:57 738 829000
11 09:26:57 2896 829000
15 09:28:45 123 826000
14 09:28:45 5635 826311
13 09:28:45 3000 826333
16 09:50:47 1000 826500
17 09:55:07 2000 827000
18 09:55:45 37 827001
19 09:57:05 1386 827001
20 10:04:52 1000 827101
22 10:06:15 993 829000
21 10:06:15 7 829000
23 10:10:43 417 827500
24 10:17:03 1029 829001
25 10:22:41 1000 830000
26 10:25:50 22710 827101
27 10:26:24 2290 827101
28 10:26:25 3692 827101
29 10:31:27 178 828001
30 10:32:38 208 828001
31 10:37:33 30 828001
32 10:42:18 576 831000
33 10:51:07 1705 829001
35 10:51:51 518 830000
34 10:51:51 399 830000
37 10:53:32 6094 830000
36 10:53:32 99 830000
38 10:58:41 1900 829000
39 11:00:24 400 828001
40 11:08:22 1000 829700
44 11:09:48 1566 831000
43 11:09:48 1000 830000
42 11:09:48 477 830000
41 11:09:48 236 829700
46 11:13:37 581 830000
45 11:13:37 10 830000
48 11:15:35 500 830900
47 11:15:35 5574 830400
49 11:18:28 1151 827111
50 11:23:07 2444 830010
57 11:26:27 1500 831500
56 11:26:27 1000 831400
55 11:26:27 1000 831350
54 11:26:27 1000 831340
53 11:26:27 500 831330
52 11:26:27 1000 831200
51 11:26:27 100 831100
58 11:28:51 100 831800
59 11:28:59 79 831880
60 11:30:22 2325 831000
61 11:35:24 2000 831000
62 11:35:42 860 831000
63 11:39:34 2000 831000
64 11:39:44 11161 831000
65 11:44:27 2000 831000
66 11:58:28 861 831000
68 11:59:18 10448 831000
67 11:59:18 2400 831001
69 12:04:11 2000 831500
70 12:04:41 2266 831100
71 12:05:17 2380 831100
72 12:07:15 1000 831500
73 12:11:15 1000 831500
74 12:12:01 1000 831500
75 12:19:22 90 830100
76 12:19:28 493 830100
77 12:21:37 2163 830000
78 12:22:27 1729 829500
80 12:22:51 6650 829500
79 12:22:51 7852 831010
82 12:27:07 7450 832000
81 12:27:07 402 832000
83 12:28:46 160 832908
85 12:29:39 2200 832990
84 12:29:39 4003 832990