1 09:02:23 809 826236
2 09:14:21 171 820000
3 09:41:37 625 825200
4 09:44:46 875 825200
5 09:44:46 147 824700
6 09:46:08 176 824800
7 09:59:25 1000 824810
8 09:59:25 1000 824700
9 09:59:29 19 824810
10 10:02:54 1697 824700
11 10:07:12 300 824700
12 10:13:17 15 824700
13 10:17:26 55 824700
14 10:28:03 172 828000
15 10:28:03 28 828799
16 10:28:03 3000 828800
17 10:28:03 1324 828900
18 10:28:55 100 828980
19 10:28:55 5100 828984
20 10:28:55 5100 828984
21 10:28:55 100 828999
22 10:28:55 100 828999
23 10:29:03 4750 829986
24 10:29:03 20250 829986
25 10:29:07 4750 829986
26 10:29:07 20250 829986
27 10:29:12 4317 829986
28 10:56:13 62 829800
29 11:04:40 938 828501
30 11:09:56 53 828901
31 11:09:56 1117 828900
32 11:12:30 25000 828903
33 11:14:57 7 828903
34 11:22:29 200 828907
35 11:22:49 300 828907
36 11:23:18 10 828907
37 11:35:50 45 828907
38 11:36:26 1730 828907
39 11:38:20 500 828911
40 11:39:23 500 828911
41 11:54:31 1250 828950
42 11:59:01 115 829200
43 11:59:01 153 829200
44 11:59:01 157 829200
45 12:03:28 3000 829994
46 12:03:28 300 829994
47 12:03:28 3160 829995
48 12:03:28 53 830989
49 12:03:28 5250 830990
50 12:09:48 1219 828967
51 12:10:01 5000 830990
52 12:11:26 5000 831749
54 12:11:31 555 831749
53 12:11:31 2420 831749
55 12:14:12 586 830000
56 12:16:00 3800 831500
57 12:17:03 1220 830000
58 12:24:12 1676 831999
59 12:26:11 130 830000