1 09:55:47 3509 845087
2 09:57:48 307 845087
3 10:13:54 116 845110
4 10:14:28 186 845100
5 10:15:22 443 845100
6 10:15:22 127 845100
7 10:22:04 10 845017
8 10:22:34 40 844090
9 10:33:34 700 844000
10 10:33:54 70 844000
11 10:34:09 82 844000
12 10:34:21 30 844000
13 10:35:54 22 844000
14 10:37:27 275 844000
15 11:34:32 1000 844805
16 11:35:32 185 844805
17 11:39:55 10 844856
18 11:56:33 525 844857
19 12:06:56 6 845000
20 12:07:10 745 844859
21 12:13:45 213 845000
22 12:20:58 10 844859
23 12:21:12 792 843200
24 12:21:12 25 843200
25 12:21:12 24183 843000
26 12:26:50 20 843000
27 12:26:59 35 843000
28 12:26:59 10919 843000
29 12:27:43 31 840115
30 12:29:14 216 840200