1 09:14:35 1000 830002
2 09:21:50 855 832000
3 09:35:21 1011 832005
4 09:39:55 1545 832005
5 09:41:52 650 832005
6 09:44:54 1794 832005
7 10:06:41 873 833502
8 10:32:14 1366 833506
9 10:34:45 227 833506
10 10:40:19 823 833506
11 10:53:19 7 838900
12 11:03:50 437 835000
13 11:10:30 8 835000
14 11:15:06 20 835010
15 11:20:29 100 835010
17 11:26:50 900 835010
16 11:26:50 1211 835010
18 11:30:03 354 835000
19 11:33:25 4 835000
20 11:38:34 7 838750
21 11:44:53 1105 835000
22 11:49:04 4672 835000
23 11:49:58 500 835000
25 11:57:52 455 835000
24 11:57:52 399 835001
26 12:18:12 866 835000
27 12:26:51 1214 835000