1 09:24:31 33 857498
2 09:39:13 76 857534
3 09:41:03 911 858009
5 09:49:15 300 859990
4 09:49:15 1500 859990
6 10:08:36 500 859003
7 10:10:37 100 859218
8 10:13:27 1000 859218
10 10:14:09 5000 860000
9 10:14:09 390 860000
11 10:41:32 30 859500
13 10:44:02 387 860000
12 10:44:02 5000 860000
14 10:44:25 58 859301
15 11:09:33 38 859800
16 11:12:00 2027 859800
17 11:17:01 4205 859800
18 11:18:42 300 859773
19 11:29:04 619 859713
21 11:59:30 8500 860000
20 11:59:30 5000 860000
22 12:02:00 1730 859772
23 12:08:08 585 859800
26 12:24:35 4500 860000
25 12:24:35 6500 860000
24 12:24:35 500 860000
27 12:25:46 5000 860000
28 12:27:08 676 860000