1 09:08:16 51 837753
2 09:13:38 106 845010
3 09:17:14 201 845032
4 09:28:14 200 846002
5 09:44:09 10605 846009
6 10:04:51 210 846705
7 10:11:05 500 847500
8 10:13:47 798 847500
9 10:20:59 650 846702
10 10:21:49 1131 846702
11 10:42:30 93 846802
12 10:57:50 300 846801
13 11:04:08 8 847500
14 11:12:29 24700 846801
15 11:13:02 300 846801
16 11:15:22 924 846800
17 11:19:17 611 846800
18 11:23:57 465 846800
19 11:23:57 10 846800
20 11:23:57 24525 846101
21 11:24:48 25000 846101
22 11:26:59 565 846101
23 11:30:17 24435 846101
24 11:30:17 10 846101
25 11:34:41 100 846001
26 11:34:41 10 846001
27 11:34:41 100 845600
28 11:34:41 345 844600
29 11:39:58 2789 844600
30 12:16:27 16954 840000
31 12:23:01 65 840000
32 12:24:21 135 840000
33 12:24:21 10 837801
34 12:24:21 32 837670