2 09:25:35 190 843000
1 09:25:35 10 845000
3 09:27:40 100 846499
4 09:38:06 50 845005
5 09:38:06 950 845000
6 09:41:26 85 845000
7 09:51:55 24 845200
8 09:54:24 23 845200
10 10:06:44 226 846500
9 10:06:44 5000 846500
12 10:17:16 5000 846500
11 10:17:16 500 846499
13 10:19:54 310 845350
14 10:20:53 5000 846500
15 10:23:44 5000 846500
16 10:25:33 5000 846500
17 10:26:06 5000 846500
18 10:28:06 706 845500
19 10:29:43 5000 846500
20 10:56:48 100 845650
21 11:03:31 500 845801
22 11:05:46 1057 845801
23 11:09:32 1451 845810
24 11:23:49 434 845900
25 11:47:42 193 845980
26 11:51:18 1807 845980
27 11:51:18 5000 846500
30 11:56:57 223 847000
29 11:56:57 5000 847000
28 11:56:57 66 846500
31 12:04:20 36 846000
32 12:07:25 5000 847000
33 12:12:08 7605 847500
34 12:12:25 532 846000
35 12:25:42 10000 847500
36 12:26:40 10000 847000
37 12:28:24 10000 847500
38 12:28:32 10000 847500
39 12:28:38 120 846110
40 12:29:06 10000 847500
41 12:29:11 60 847500