1 09:02:11 24 826985
2 09:03:04 1476 826984
3 09:09:52 1000 826984
4 09:11:05 127 826984
5 09:13:13 2500 826984
6 09:13:51 436 826984
7 09:16:08 173 826984
8 09:24:22 131 826984
9 09:31:37 327 826984
10 09:32:28 13830 826984
11 09:34:52 11170 826984
12 09:35:49 13830 826984
13 09:36:41 11170 826984
14 09:37:48 80 826984
15 09:40:09 113 826984
16 09:40:58 23 826984
17 10:00:38 655 826984
18 10:14:19 3050 826984
19 10:16:56 583 826984
20 10:25:05 18200 826999
21 10:25:08 150 826984
22 10:28:27 981 826984
23 10:33:41 1803 826002
24 10:33:42 6197 826002
26 11:01:27 1198 826005
25 11:01:27 302 826100
28 11:07:34 330 826005
27 11:07:34 250 826006
31 11:08:28 18 826000
30 11:08:28 10 826005
29 11:08:28 472 826005
33 11:13:19 1833 826000
32 11:13:19 950 826005
34 11:16:01 150 826005
35 11:17:16 171 826980
36 11:32:40 861 826005
37 11:33:24 489 826005
38 11:33:24 297 826005
39 11:34:58 134 826979
40 11:35:01 366 826979
41 11:35:04 134 826980
42 11:36:20 120 826009
43 11:36:20 40 826005
44 11:44:33 120 826006
45 11:44:34 3780 826006
46 11:48:21 161 826900
47 12:00:33 60 826006
48 12:00:33 713 826005
49 12:08:07 50 826005
50 12:08:07 10 826005
51 12:08:07 950 826005
52 12:09:21 200 826005
53 12:09:22 69 826005
54 12:11:13 63 826005
55 12:11:13 3285 826000
56 12:11:14 4652 826000
57 12:17:43 20 826000
58 12:17:50 365 825110
59 12:17:59 480 826000
60 12:23:07 30 826005
61 12:23:07 470 826001
62 12:24:04 530 826001
63 12:24:04 470 826000
64 12:24:46 750 826000
65 12:24:46 250 826000
66 12:29:08 100 826000
67 12:29:33 340 826000