2 09:18:09 1397 833000
1 09:18:09 1000 833000
3 09:19:29 479 831150
4 09:23:27 1954 834000
5 09:27:51 90 834000
6 09:28:53 360 835000
7 09:34:07 200 834445
9 09:44:48 490 837500
8 09:44:48 10 837501
10 10:08:10 1000 836011
12 10:14:57 1006 837000
11 10:14:57 108 837000
13 10:18:45 323 836011
14 10:21:55 618 837000
15 10:27:36 171 837000
16 10:30:45 500 836011
17 10:34:13 1000 837000
18 10:45:01 453 836011
20 10:50:27 21 838000
19 10:50:27 50 837990
21 10:51:34 707 837000
22 10:51:59 360 837000
23 10:55:05 918 837000
24 10:56:55 400 837000
25 10:57:40 727 837000
26 10:58:24 250 837000
27 11:01:02 100 837500
28 11:06:19 33 837000
29 11:06:52 5000 837000
30 11:11:08 29 837000
31 11:15:34 4978 837001
32 11:15:34 2172 837000
33 11:15:53 1242 837000
34 11:17:19 262 837000
35 11:31:26 200 837000
36 11:37:53 120 837000
37 11:44:29 100 837001
38 11:49:58 20 837101
39 11:51:26 279 837151
40 11:51:26 221 837150
41 11:52:42 30 837150
42 12:10:37 193 837150
43 12:13:07 350 837150
44 12:24:40 33 837150
45 12:25:42 81 837150