3 09:00:05 240 827000
2 09:00:05 9760 827000
1 09:00:05 15000 827000
7 09:00:16 555 827000
6 09:00:16 9971 827000
5 09:00:16 6685 827000
4 09:00:16 240 827000
8 09:21:23 2106 827000
9 09:22:10 108 827000
10 09:26:33 425 822220
11 09:26:59 157 822220
12 09:35:23 800 826999
14 09:37:04 259 822331
13 09:37:04 360 822339
15 09:37:23 360 827000
17 09:46:28 211 824400
16 09:46:28 866 824400
18 09:46:57 114 824400
19 09:47:17 770 824001
20 09:49:27 451 823001
21 09:49:28 2132 825000
22 09:49:34 1191 826998
23 09:49:37 1000 826999
24 09:49:40 38 826999
26 09:49:54 411 826998
25 09:49:54 171 826999
27 09:50:00 770 826998
28 09:57:42 209 827000
30 10:05:24 10 827999
29 10:05:24 900 827999
32 10:17:22 605 826601
31 10:17:22 28 826998
34 10:18:42 300 827500
33 10:18:42 33 826998
35 10:19:25 800 827999
36 10:23:07 71 826601
37 10:36:42 13 826603
38 10:49:27 25000 826605
41 10:50:13 19311 826603
40 10:50:13 19 826604
39 10:50:13 5000 826604
42 10:51:32 4000 826805
44 10:51:55 1000 827999
43 10:51:55 200 827999
45 10:58:53 787 826600
45 10:58:53 787 826600
46 11:02:56 100 826600
47 11:03:33 67 826600
48 11:04:31 7 826600
49 11:26:04 30 826600
51 11:27:31 1873 825010
50 11:27:31 30 825100
52 11:29:36 28 825100
54 11:34:11 4337 825010
53 11:34:11 2 825100
55 11:34:28 170 825002
56 11:34:48 2650 825002
58 11:40:48 970 825010
57 11:40:48 30 825100
58 11:40:48 970 825010
57 11:40:48 30 825100
63 11:51:12 3666 825000
62 11:51:12 4039 825001
61 11:51:12 2265 825001
60 11:51:12 15000 825010
59 11:51:12 30 825100
64 11:56:47 1500 825000
65 11:57:58 108 825000
66 11:59:21 205 825000
67 12:01:38 399 825000
72 12:15:37 2679 825010
71 12:15:37 230 825100
70 12:15:37 10 825100
69 12:15:37 171 825100
68 12:15:37 550 825100
74 12:18:24 10 825100
73 12:18:24 30 825100
77 12:26:29 54 825100
76 12:26:29 30 825100
75 12:26:29 388 825100
78 12:26:30 828 825100