1 09:00:05 500 843985
2 09:47:32 50 845103
3 09:48:47 30 845103
6 10:03:16 890 845800
5 10:03:16 10 845801
4 10:03:16 100 845801
7 10:24:51 883 845109
8 10:31:12 3220 845111
9 10:35:20 500 845111
10 10:38:31 6 845800
11 10:46:27 1000 845112
12 10:46:28 1500 845900
13 10:47:07 1000 845112
14 10:47:12 477 845900
15 10:47:59 7523 845900
16 10:49:02 2500 846000
17 10:58:13 5000 846000
18 11:02:47 537 845118
19 11:10:10 491 846000
20 11:11:57 99 845126
21 11:18:29 1234 845126
22 11:20:41 120 845126
23 11:22:24 120 845126
24 11:23:07 35 845126
25 11:27:28 93 845128
27 11:32:31 4509 846000
26 11:32:31 10 845999
29 11:35:05 1035 846500
28 11:35:05 1000 846500
30 11:43:41 24 846500
31 11:43:41 10 846500
32 11:43:41 2097 846500
33 11:57:16 1121 846000
36 11:58:06 5000 846500
35 11:58:06 1148 846500
34 11:58:06 10 846490
37 12:02:57 61 846000
41 12:12:52 2257 848885
40 12:12:52 2265 848799
39 12:12:52 20 848790
38 12:12:52 1000 848780
42 12:17:07 5000 846500
43 12:18:12 5000 846500
44 12:22:54 3003 846500
45 12:23:40 1463 846500
46 12:23:41 534 846500
47 12:26:58 5000 846500
48 12:28:48 1770 846200
49 12:29:29 1027 846200
50 12:29:45 2890 846500