1 09:10:34 250 841011
2 09:20:02 500 843003
3 09:39:59 15 845001
5 09:50:42 727 845002
4 09:50:42 1013 845003
6 10:01:46 52 846800
7 10:01:47 1 846800
8 10:02:14 975 846003
9 10:02:19 497 846003
10 10:02:21 1 846003
11 10:03:37 208 845002
12 10:14:56 10 845002
14 10:23:23 1000 848654
13 10:23:23 250 847000
15 10:41:21 94 845006
16 10:44:56 200 845007
17 10:48:08 126 845028
18 10:48:27 34 845029
19 10:52:21 19 845071
20 11:03:23 85 845104
21 11:06:11 85 846000
22 11:17:33 500 847300
23 11:17:40 110 848000
24 11:18:23 2450 848654
25 11:18:41 871 848654
26 11:19:14 3060 850000
27 11:48:52 15 846102
28 11:54:58 80 848990
29 11:59:41 80 846106
30 11:59:45 11 846106
31 12:02:37 50 846112
32 12:09:17 1096 846112
33 12:09:59 1096 849990
34 12:10:47 416 846110
35 12:12:18 16 846107
36 12:14:17 2572 849991
37 12:14:25 416 849991
38 12:26:09 124 848000
39 12:26:51 124 849991