1 09:02:37 100 845001
2 09:10:33 300 843500
3 09:10:33 10 843000
4 09:10:33 180 842001
5 09:10:33 82 842000
6 09:19:25 200 843500
7 09:26:58 100 843500
8 09:27:04 97 843500
9 09:27:09 104 843500
10 09:27:14 97 843500
11 09:27:18 102 843500
11 09:27:18 102 843500
12 09:27:23 100 843500
12 09:27:23 100 843500
13 09:27:29 102 843500
14 09:27:34 95 843500
15 09:27:39 4 843500
16 09:27:49 10 843500
17 09:35:29 104 843100
19 09:38:51 10 845000
18 09:38:51 801 845000
20 09:39:32 300 846000
20 09:39:32 300 846000
21 09:40:22 1308 848696
22 09:51:36 750 848601
24 09:52:33 40 848697
23 09:52:33 180 848696
25 09:53:02 1670 848700
26 09:53:22 500 848800
27 09:53:42 1811 848899
28 09:57:29 8 849001
29 09:57:29 492 849000
30 09:57:35 500 849000
31 09:59:27 6000 849000
32 10:08:33 6000 848001
33 10:09:56 10 848001
34 10:12:38 294 848001
35 10:18:57 15 849000
36 10:18:57 4616 849000
37 10:39:41 198 843569
38 10:39:41 6413 843569
39 10:39:41 11118 843569
40 11:06:27 1235 845200
41 11:13:14 44 845200
42 11:14:42 68 845200
43 11:14:50 253 845200
44 11:14:50 6 845200
45 11:14:50 667 845000
46 11:17:30 10 845010
47 11:17:30 2064 845000
48 11:25:58 1000 845500
49 11:30:55 1339 845000
50 11:33:24 930 845000
51 11:33:24 2315 845000
52 11:39:07 225 845000
53 11:39:08 29 845000
54 11:42:19 57 845000
55 11:44:07 867 845000
56 11:44:07 3368 845000
59 11:46:14 33 844800
58 11:46:14 10 844801
57 11:46:14 100 844802
60 11:46:39 175 845000
61 11:48:35 4825 845000
62 11:55:17 6000 845500
63 11:57:52 15 845000
64 12:02:53 1329 845000
65 12:02:53 954 845000
66 12:03:29 671 845000
67 12:06:34 10 844803
68 12:14:46 103 844804
69 12:14:46 563 844803
70 12:15:35 9800 845500
71 12:15:35 1000 845500
70 12:15:35 9800 845500
71 12:15:35 1000 845500