1 09:02:06 148 849001
2 09:13:01 35 850101
3 09:15:02 678 850101
4 09:16:33 100 852990
5 09:32:20 32 850122
6 09:47:08 500 850133
7 09:47:08 1476 850123
9 09:48:58 274 850123
8 09:48:58 500 850124
10 10:05:34 168 850124
11 10:06:12 1000 850125
13 10:12:08 1320 850125
12 10:12:08 478 850129
14 10:29:22 157 850131
15 10:47:09 4060 850131
16 10:47:09 7304 850000
17 11:02:15 253 852000
18 11:19:45 1000 846500
19 11:19:46 939 846500
20 11:39:28 907 846006
21 11:49:29 1033 848000
22 12:07:34 1399 849470
24 12:09:35 342 846001
23 12:09:35 10 846010
25 12:27:23 52 846002