2 09:04:15 1162 865000
1 09:04:15 29 860000
3 09:40:05 77 860501
4 09:42:22 500 860501
5 09:48:59 1994 860506
6 09:57:57 400 863998
7 09:58:24 600 863998
8 09:59:39 100 863998
9 10:00:55 50 863998
10 10:03:16 1 861000
11 10:54:06 49 861000
12 10:55:05 1415 860565
13 10:56:53 51 861000
14 11:01:57 10 860565
15 11:02:29 10 860565
16 11:02:43 980 860564
17 11:10:32 211 860564
18 11:25:50 548 860567
19 11:32:26 168 860601
21 11:41:02 10 863999
20 11:41:02 531 862000
22 11:49:56 15 860572
23 12:19:55 1000 860582
24 12:27:30 3595 860584
25 12:29:30 904 860601