1 09:06:45 50 825003
2 09:13:23 67 826000
3 09:14:35 1433 826000
4 09:14:37 567 826000
5 09:23:40 1788 826115
6 09:35:22 1 826155
7 09:49:33 130 830000
8 09:49:33 693 830000
9 09:50:26 895 827200
10 09:56:00 137 827804
11 09:58:02 380 829500
13 09:59:04 1886 830000
12 09:59:04 236 829900
14 09:59:23 236 830000
16 10:00:18 2598 830000
15 10:00:18 2000 830000
18 10:09:02 177 830010
17 10:09:02 1004 830010
19 10:12:43 85 830010
20 10:16:29 1214 830200
21 10:18:58 409 830200
22 10:22:10 50 830200
23 10:24:36 127 830200
24 10:27:41 85 830200
25 10:35:43 23 830200
26 10:39:32 2000 831200
27 10:48:35 500 830301
28 10:58:06 900 830501
29 10:59:02 1000 831000
30 11:14:48 1000 832000
32 11:21:36 877 832000
31 11:21:36 10 832010
35 11:26:21 2345 832000
34 11:26:21 7949 832000
33 11:26:21 10 832010
36 11:37:46 10 831116
37 11:42:32 251 831116
38 11:43:45 500 832000
39 11:57:25 5152 832000
41 12:00:29 3 832000
40 12:00:29 7 832000
42 12:04:10 2771 832000
43 12:06:05 1000 832000
44 12:06:19 7 832000
45 12:09:06 646 831116
46 12:09:15 433 831116
49 12:10:19 530 831115
48 12:10:19 646 831115
47 12:10:19 10 831115
50 12:10:29 1000 831112
51 12:13:16 65 831133
52 12:13:31 30 831120
53 12:13:46 1875 831112
54 12:13:54 30 831120
55 12:14:04 1525 831120
56 12:23:02 475 831200
57 12:23:02 10 831200
58 12:23:02 515 831150