1 09:09:02 693 842500
2 09:17:44 2000 843100
3 09:32:54 220 843500
4 09:38:04 36 848500
5 09:38:04 1000 848990
6 09:38:10 1000 848990
7 09:38:10 1000 849000
8 09:44:07 131 847001
9 09:44:36 285 847501
10 09:44:47 1453 847501
11 09:52:17 252 848001
12 09:55:11 1 848001
13 09:55:47 342 848001
14 09:58:33 2065 848001
15 10:08:26 2490 848501
16 10:15:23 70 848501
17 10:18:46 544 848501
18 10:18:47 200 848501
19 10:25:35 25 848501
20 10:26:39 528 848501
21 10:30:25 649 848501
22 10:30:57 558 848501
23 10:32:41 594 848501
24 10:38:22 400 848501
30 10:38:39 1212 850000
29 10:38:39 90 850000
28 10:38:39 5500 849990
27 10:38:39 500 849850
26 10:38:39 6 849000
25 10:38:39 500 849000
31 11:25:41 147 848501
32 11:31:15 891 848501
33 11:38:43 3 848501
34 11:41:15 821 848501
36 11:45:50 4664 851000
35 11:45:50 200 850000
37 11:56:45 110 848680
38 11:57:55 110 850000
39 12:00:48 1255 848501
40 12:05:39 1897 848501
41 12:19:16 145 849101