1 09:00:04 317 826984
2 09:10:25 87 826984
3 09:10:43 10000 826984
4 09:10:47 105 826984
5 09:14:29 966 826984
6 09:16:04 824 826984
7 09:20:30 439 826984
8 09:25:37 1964 826984
9 09:31:16 1281 826984
10 09:41:27 71 826984
11 09:42:04 64 826984
12 09:42:24 48 826984
13 09:43:09 2000 826984
14 09:52:35 763 826984
15 09:53:15 15 827000
16 10:09:29 442 826985
17 10:12:43 963 826985
18 10:26:34 100 826985
20 10:26:37 407 827000
19 10:26:37 379 827000
21 10:29:15 17 826985
22 10:32:54 50 826985
23 10:36:01 140 826985
24 10:37:04 62 826985
25 10:38:48 2000 826985
26 10:56:58 320 826985
27 11:06:51 1197 826985
28 11:09:53 2000 826985
29 11:15:47 128 826985
30 11:25:21 620 827000
31 11:30:28 3800 827000
32 11:30:45 194 827000
35 11:53:19 9033 826984
34 11:53:19 12581 826985
33 11:53:19 3386 827000
36 11:53:31 4038 826984
37 11:57:28 17000 826984
38 11:58:19 3962 826984
39 12:01:00 365 826984