1 09:15:11 307 846500
2 09:15:11 201 850000
3 09:15:11 1757 850000
4 09:15:11 20 850000
5 09:15:11 52 850000
6 09:15:11 900 850000
7 09:15:11 2200 850000
8 09:15:11 450 856500
9 09:15:11 453 876000
10 09:15:11 100 876480
11 09:16:14 130 887721
12 09:16:26 24 887721
13 09:16:29 9846 887721
14 09:16:29 154 887721
15 09:17:09 3406 887721
16 09:22:47 450 860150
17 09:24:39 200 860000
18 09:24:39 270 876031
19 09:25:06 960 876031
20 09:29:00 20 887720
21 09:29:12 10 887720
22 09:29:23 10 887720
23 09:29:28 10 887720
24 09:29:35 30 887720
25 09:29:40 30 887720
26 09:29:46 30 887720
27 09:29:56 50 887720
28 09:30:06 30 887720
29 09:30:16 17 887720
30 09:30:27 33 887720
31 09:32:32 100 887720
32 09:32:42 100 887720
33 09:32:46 50 887720
34 09:32:53 100 887720
35 09:33:02 100 887720
36 09:33:07 100 887720
37 09:33:12 100 887720
38 10:22:08 170 839011
39 10:22:08 214 839011
40 10:22:08 7 839011
41 10:22:39 3 839011
42 10:22:39 378 839002
43 10:23:11 79 839002
44 10:23:31 586 839000
45 10:40:44 460 845990
46 11:04:33 126 844990
47 11:04:33 2000 845000
48 11:07:46 327 845500
49 11:20:13 5047 845449
50 11:20:27 1027 845449
52 11:20:31 10 845000
51 11:20:31 23 845000
55 11:20:39 507 840000
54 11:20:39 400 840002
53 11:20:39 10 842000
56 11:24:16 24 840020
57 11:24:16 10 840020
58 11:24:16 100 840020
59 11:24:16 115 840000
60 11:28:04 30 840010
61 11:28:04 53 840000
62 11:33:43 25 840020
63 11:33:43 8 840020
64 11:34:00 967 840020
65 11:34:25 300 840000
66 11:35:43 25 840010
67 11:35:52 569 840010
68 11:42:40 28 840010
69 11:42:40 315 840000
70 11:42:40 1290 840000
71 11:42:49 20 839000
72 11:50:40 9 839010
73 11:50:40 492 839010
74 11:56:29 976 839010
75 11:56:29 26 839010
76 11:56:29 204 839010
77 11:56:29 294 839000
78 11:58:53 1000 840000
79 12:10:46 6 839010
80 12:10:46 783 839000
81 12:10:59 839 838892
82 12:15:19 77 839000
83 12:23:14 23 840000
84 12:23:58 17 840000
85 12:24:08 960 840000
86 12:26:54 1000 839000
87 12:26:54 3201 838891
88 12:26:54 150 838890