1 09:24:25 50 851556
2 09:45:50 278 855000
3 09:45:50 1103 855000
4 09:47:01 635 848586
5 09:50:41 1000 854990
6 09:54:57 236 854990
7 09:59:52 169 853711
8 10:06:11 155 848744
9 10:06:33 352 848745
10 10:30:33 498 851005
11 10:30:33 1222 851004
12 10:50:22 460 853503
13 11:05:06 66 851012
14 11:10:46 25000 853000
15 11:14:27 200 852000
16 11:18:54 1367 853501
17 11:21:00 55 853501
18 11:21:00 4489 853500
19 11:21:00 456 853499
21 11:29:52 4421 853499
20 11:29:52 1570 853500
22 11:29:53 14437 853499
24 11:31:30 500 853501
23 11:31:30 500 853501
25 11:33:11 10 853501
27 11:40:50 741 853501
26 11:40:50 362 853502
28 11:50:35 138 853503
31 11:58:47 3762 853504
30 11:58:47 9000 853504
29 11:58:47 1289 853505
33 12:28:42 4638 853500
32 12:28:42 1383 853501