1 09:09:56 26 842001
3 09:38:35 249 842100
2 09:38:35 104 842101
5 09:40:23 1199 842100
4 09:40:23 100 842101
6 09:42:44 12 842102
7 09:49:18 10000 846100
8 09:49:32 1600 846200
9 09:52:12 72 846999
11 09:56:01 22 844084
10 09:56:01 96 844085
12 10:07:17 98 844434
13 10:15:58 110 845949
14 10:15:58 505 845949
15 10:16:24 789 845950
16 10:16:48 2302 847699
18 10:17:17 1448 848670
17 10:17:17 6000 848670
19 10:17:25 50 848999
20 10:17:46 895 849000
21 10:17:51 1404 849000
22 10:43:20 130 845111
23 11:03:16 416 845114
24 11:03:49 200 845114
25 11:10:24 1548 845115
26 11:15:36 719 845823
27 11:16:04 549 848000
28 11:16:32 719 849000
29 11:23:56 2000 845118
30 11:35:28 7 845118
31 11:39:04 13 845118
32 11:51:20 189 845118
33 11:58:57 224 845118
34 12:09:23 739 845120
35 12:11:37 156 845120
36 12:19:24 115 845121
37 12:19:45 100 845121
38 12:25:04 10 845121