2 09:00:05 3 846700
1 09:00:05 2850 846700
3 09:17:21 210 846600
4 09:17:28 145 846600
5 09:32:39 100 846600
10 09:36:46 4000 850000
9 09:36:46 3095 849999
8 09:36:46 3000 849998
7 09:36:46 41 849997
6 09:36:46 69 846600
11 09:38:36 217 850000
12 09:53:49 4444 845014
13 10:06:31 2502 845508
14 10:08:57 855 845523
15 10:10:22 55 845504
16 10:10:41 82 845504
17 10:18:25 956 850000
18 10:28:06 228 850000
19 10:32:59 600 850000
20 10:34:42 2403 850000
21 10:43:28 500 850000
22 10:47:29 10 850500
24 10:51:48 51 850000
23 10:51:48 10 850010
26 10:57:01 138 850000
25 10:57:01 10 850010
28 11:08:52 455 850000
27 11:08:52 20 850010
29 11:10:44 300 850000
30 11:17:38 343 850000
31 11:27:26 2 850010
32 11:32:10 8 850010
33 11:33:27 40 850010
34 11:36:40 200 850000
35 11:37:35 700 850000
36 11:42:50 4708 850000
37 11:54:46 1142 850000
38 12:02:07 1052 850000
39 12:10:47 500 850000
41 12:16:25 660 850000
40 12:16:25 20 850010
43 12:17:50 710 850000
42 12:17:50 10 850010
44 12:29:39 10 850010