1 09:12:43 200 860000
1 09:12:43 200 860000
2 09:19:57 9 860100
2 09:19:57 9 860100
4 09:29:14 226 860003
3 09:29:14 10 860003
5 09:30:35 73 860002
6 10:25:18 232 860021
7 10:26:51 136 860021
8 10:33:46 804 860021
9 10:33:48 614 860021
11 10:55:29 662 860030
10 10:55:29 6 860100
14 11:32:22 123 860203
13 11:32:22 50 860210
12 11:32:22 20 860210
15 11:32:35 263 860204
17 11:51:45 177 860200
16 11:51:45 10 860205
18 11:52:01 20 862800
19 11:52:57 8 862800
21 11:54:13 1000 862900
20 11:54:13 500 862900
22 12:20:17 200 862801