1 09:07:07 3218 852500
2 09:13:02 500 852557
3 09:23:17 470 854000
4 09:24:37 929 854000
5 09:31:02 440 854103
6 09:31:27 221 854103
7 09:35:20 100 854108
8 09:44:20 1306 854205
9 09:45:49 8000 854205
10 10:26:41 1500 858990
11 10:26:41 1500 859000
12 10:27:28 470 859987
13 10:27:28 5930 859988
14 10:27:28 1600 859990
15 10:54:43 1455 856900
16 11:03:21 900 857100
17 11:03:21 5700 857001
18 11:19:37 710 859000
19 11:23:07 600 858000
20 11:32:02 1732 858000
21 11:42:07 540 858000
22 11:56:04 1000 858000
23 12:22:52 293 859000