1 09:47:02 1262 906000
2 11:16:53 2400 909900
3 11:17:01 3000 909900
4 11:17:07 800 909900
5 11:17:20 90 909900
6 11:17:44 2710 909900
7 11:18:05 2400 947001
8 11:18:07 3890 947001
9 11:21:44 157 930000
10 11:22:29 5 940000
11 11:22:40 157 947005
12 11:40:13 2400 925900
13 11:40:18 3500 925900
14 11:40:26 400 925900
15 11:40:35 3200 925900
16 11:40:48 2400 947001
17 11:40:53 3900 947001
18 11:41:31 4834 938000
19 11:47:48 4834 934999
20 11:48:05 1504 935000
21 12:11:06 20 906442
22 12:13:40 7496 935000