2 09:07:15 483 571800
1 09:07:15 50 571810
3 09:08:30 10 572000
4 09:09:38 17 571800
5 09:10:39 94 571800
7 09:11:13 23095 572000
6 09:11:13 1905 571800
8 09:11:21 1895 572000
9 09:19:23 9588 572000
10 09:24:17 105 571915
11 09:30:14 2100 572000
12 09:32:55 100 571000
13 09:41:04 10 571101
14 09:41:16 440 572990
15 09:47:49 50 571110
16 09:54:10 200 571100
17 09:56:40 200 571100
18 09:59:38 200 571130
19 09:59:45 135 571130
20 10:09:54 55 572000
21 10:09:55 200 572000
22 10:10:10 200 572000
23 10:10:33 200 572000
24 10:10:53 50 572000
25 10:10:54 200 572000
27 10:11:00 737 572990
26 10:11:00 10 572500
28 10:11:03 737 572990
29 10:11:05 20 572000
30 10:11:36 200 572000
31 10:12:39 2036 572990
34 10:12:56 2600 574995
33 10:12:56 20 574995
32 10:12:56 50 574995
36 10:12:58 7620 575000
35 10:12:58 100 575000
38 10:15:19 881 576000
37 10:15:19 400 575999
39 10:18:05 50 572005
42 10:19:52 608 576000
41 10:19:52 119 576000
40 10:19:52 1000 575999
47 10:21:12 463 576980
46 10:21:12 200 576000
45 10:21:12 1000 576000
44 10:21:12 92 576000
43 10:21:12 24 575995
48 10:26:13 24 572005
49 10:35:33 200 572002
50 10:37:08 200 572002
51 10:40:10 126 572003
52 10:42:04 200 572004
53 10:43:20 200 572006
55 10:43:40 500 576000
54 10:43:40 100 576000
57 10:43:46 84 576980
56 10:43:46 24 576975
58 10:44:39 200 572102
59 10:46:57 24 572202
60 10:47:41 157 572114
62 10:48:08 133 572113
61 10:48:08 43 572114
63 10:49:11 200 572201
64 10:51:11 200 572206
69 10:51:22 100 576500
68 10:51:22 1000 576500
67 10:51:22 500 576500
66 10:51:22 100 576495
65 10:51:22 24 576495
73 10:51:28 590 576980
72 10:51:28 500 576980
71 10:51:28 200 576980
70 10:51:28 30 576980
74 10:52:05 24 572252
75 10:52:41 176 572212
78 11:06:07 500 576980
77 11:06:07 500 576975
76 11:06:07 24 576975
81 11:17:38 5000 576979
80 11:17:38 500 576978
79 11:17:38 39 576978
82 11:21:17 400 576000
83 11:21:45 100 576000
84 11:22:16 200 576000
85 11:23:07 300 576500
86 11:24:01 200 576700
87 11:37:50 3750 576697
88 11:38:01 10 573002
89 11:39:24 10 573002
90 11:43:42 199 576000
95 12:02:13 99 576697
94 12:02:13 1250 576697
93 12:02:13 100 576500
92 12:02:13 500 576500
91 12:02:13 1 576000
99 12:02:18 499 576978
98 12:02:18 873 576900
97 12:02:18 5000 576699
96 12:02:18 1 576697
101 12:02:36 499 577000
100 12:02:36 1 576978
102 12:02:37 1 577000
103 12:08:08 101 573102
105 12:17:44 16 573104
104 12:17:44 4 573125
107 12:26:03 900 577000
106 12:26:03 100 576750