1 09:01:37 50 600000
2 09:13:19 50 599911
4 09:25:55 1338 598000
3 09:25:55 100 598200
5 10:14:43 40 599999
15 10:37:16 200 598000
14 10:37:16 1000 598000
13 10:37:16 60 598000
12 10:37:16 1662 598000
11 10:37:16 10000 598010
10 10:37:16 765 598014
9 10:37:16 765 598015
8 10:37:16 10000 598016
7 10:37:16 50 598017
6 10:37:16 40 598017
16 10:37:52 458 598000
17 10:46:44 19408 599000
19 10:57:08 19408 599900
18 10:57:08 5592 599000
20 10:57:31 25000 599900
25 10:57:46 5000 600000
24 10:57:46 60 599999
23 10:57:46 5000 599999
22 10:57:46 12 599999
21 10:57:46 5592 599900
26 11:00:35 470 605500
27 11:08:22 1595 600000
28 11:22:03 60 600002
34 11:28:02 7474 600000
33 11:28:02 100 600001
32 11:28:02 46 600001
31 11:28:02 448 600001
30 11:28:02 1428 600001
29 11:28:02 4 600001
35 11:31:35 267 600000
36 12:15:56 20 600000
37 12:16:05 33 600000
38 12:18:09 200 600000
39 12:22:52 59 600000
40 12:27:37 10000 600000
42 12:27:42 312 600000
41 12:27:42 14688 600000
43 12:28:10 300 600000
44 12:29:19 100 600000