1 11:03:10 3000 575002
3 11:03:13 1000 575000
2 11:03:13 200 575001
5 11:03:30 3677 574011
4 11:03:30 20 574100
6 11:35:24 5000 575000
7 11:36:34 5000 575000
8 11:40:08 1927 575001
9 11:40:15 1924 575001
11 11:41:45 36 576800
10 11:41:45 50 576800
13 11:41:46 4189 575000
12 11:41:46 949 575001
14 11:45:59 30 576800
15 11:47:10 357 575000
16 11:47:29 480 576800
17 11:48:19 340 576800
18 11:49:04 24 576800
20 11:52:29 5000 575000
19 11:52:29 454 575000
21 11:53:25 8 575000
22 11:53:56 5000 575000
24 11:54:24 2400 575000
23 11:54:24 2761 575000
25 12:08:42 10 575010
26 12:18:09 20 576800
28 12:19:53 50 576800
27 12:19:53 25 575020
29 14:43:21 100 575100