1 09:22:49 21 586222
4 09:23:28 93 586200
3 09:23:28 85 586200
2 09:23:28 281 586200
5 09:24:13 23 586200
6 09:24:18 737 586200
12 10:15:18 85 592000
11 10:15:18 23 592000
10 10:15:18 93 592000
9 10:15:18 21 592000
8 10:15:18 281 592000
7 10:15:18 353 591999
13 10:17:33 38 592000
18 10:31:28 2032 590000
17 10:31:28 15 590200
16 10:31:28 522 590200
15 10:31:28 170 590200
14 10:31:28 1000 590200
19 10:31:29 77 590000
20 10:33:29 9 590000
21 10:34:16 175 590000
23 11:04:41 34 588700
22 11:04:41 21 588700
25 11:38:56 15 589001
24 11:38:56 15 589001
26 11:39:26 27 589000
28 11:42:01 27 589000
27 11:42:01 23 589000
30 11:53:20 45 589000
29 11:53:20 5 589000
31 12:18:46 50 589001