2 10:21:46 174 572999
1 10:21:46 40 572900
3 10:23:37 18 571500
4 10:34:25 16 571500
6 10:38:33 14 571119
5 10:38:33 16 571500
7 10:39:53 5 571119
8 10:45:02 50 572000
9 10:45:26 10 572900
10 10:47:32 14 571119
14 10:47:33 14 571119
13 10:47:33 15 571119
12 10:47:33 14 571119
11 10:47:33 1 571119
26 11:00:06 16 570301
25 11:00:06 14 570301
24 11:00:06 16 570301
23 11:00:06 16 570301
22 11:00:06 14 570301
21 11:00:06 14 570301
20 11:00:06 16 570301
19 11:00:06 2 570301
18 11:00:06 10 571119
17 11:00:06 1 571119
16 11:00:06 14 571119
15 11:00:06 16 571119
30 11:12:01 16 570400
29 11:12:01 16 570400
28 11:12:01 6 570400
27 11:12:01 10 570500
31 11:13:15 16 570400
33 11:18:20 14 570400
32 11:18:20 14 570400
34 11:19:20 13 570400
38 11:32:18 16 570400
37 11:32:18 14 570400
36 11:32:18 16 570400
35 11:32:18 14 570400
39 11:33:27 14 570400
40 11:38:56 7 570400
49 11:54:12 16 570311
48 11:54:12 8 570311
47 11:54:12 8 570312
46 11:54:12 2 570312
45 11:54:12 3 570312
44 11:54:12 7 570312
43 11:54:12 16 570312
42 11:54:12 8 570312
41 11:54:12 16 570312
50 11:56:36 11 570312
51 12:14:33 14 570402
53 12:14:34 8 570402
52 12:14:34 16 570402