1 09:00:04 600 570010
2 09:11:14 200 574000
6 09:22:55 365 570019
5 09:22:55 20 570025
4 09:22:55 35 570025
3 09:22:55 80 571000
8 09:29:22 913 570031
7 09:29:22 87 570031
12 09:43:57 203 570030
11 09:43:57 600 570031
10 09:43:57 100 570032
9 09:43:57 97 570033
14 09:55:55 1331 570042
13 09:55:55 200 570062
15 10:14:18 340 570401
16 10:14:39 560 570401
17 11:32:00 419 572490
20 11:52:07 20 570650
19 11:52:07 50 570650
18 11:52:07 10 570651
21 12:22:30 800 570701
23 12:25:08 141 571200
22 12:25:08 600 571000