1 09:23:28 100 590800
3 09:24:30 30 600000
2 09:24:30 98 600000
4 09:24:50 472 600000
5 09:26:44 100 600000
6 09:27:19 100 600000
7 09:27:27 1900 600000
8 09:50:23 10 590800
9 09:51:11 10 590800
10 10:22:56 10 595000
11 10:33:25 50 595000
12 10:35:45 20 591602
13 10:36:27 20 591602
15 10:42:43 2315 595000
14 10:42:43 440 595000
16 10:45:20 38 595000
17 10:49:50 34 595000
18 12:17:04 10 595000
19 12:17:30 10 595000
20 12:18:16 5 595000
23 12:28:43 208 592009
22 12:28:43 86 592009
21 12:28:43 266 592009
24 12:28:58 2 592009