1 09:02:57 300 571100
2 09:04:34 2000 570285
3 09:07:20 1000 570285
4 09:28:55 35 569001
5 09:59:10 43 570000
6 10:02:01 2525 570000
7 10:10:36 40 570111
8 10:11:11 37 570101
9 10:14:15 50 572000
10 10:16:49 65 570100
11 10:20:59 432 570100
13 10:23:16 10 570100
12 10:23:16 1503 570100
14 10:23:33 6722 570000
15 10:23:56 3000 570000
17 10:24:26 647 570000
16 10:24:26 353 570000
18 10:25:26 350 570000
19 10:25:59 3 570000
20 10:28:38 26 570010
27 10:31:55 2060 570000
26 10:31:55 676 570000
25 10:31:55 5000 570000
24 10:31:55 2755 570000
23 10:31:55 67 570000
22 10:31:55 433 570010
21 10:31:55 9 570100
28 10:43:33 1005 571000
29 10:44:33 3498 571000
30 10:44:42 55 571000
31 10:46:05 2442 571000
33 10:50:15 10 571000
32 10:50:15 1048 571000
34 10:50:37 2000 571000
35 10:51:35 800 571000
40 10:57:32 6799 570010
39 10:57:32 10 570010
38 10:57:32 76 571000
37 10:57:32 17 571000
36 10:57:32 98 571000
41 11:01:18 1000 570010
42 11:04:29 142 570010
46 11:04:44 19985 570000
45 11:04:44 4000 570000
44 11:04:44 940 570000
43 11:04:44 75 570010
47 11:05:12 5000 570000
49 11:05:20 5000 571000
48 11:05:20 500 571000
50 11:05:48 9000 571000
51 11:10:37 5000 571001
55 11:13:25 49 571000
54 11:13:25 100 571000
53 11:13:25 200 571000
52 11:13:25 300 571000
56 11:14:37 351 571000
58 11:17:42 357 571000
57 11:17:42 109 571000
61 11:20:01 10545 570000
60 11:20:01 15 570000
59 11:20:01 10 570100
62 11:21:29 855 570000
63 11:29:29 20 571000
64 11:29:30 22 571000
67 11:33:26 5000 571000
66 11:33:26 40 571000
65 11:33:26 492 571000
68 11:33:56 3000 571000
69 11:34:51 3000 571000
70 11:36:05 29 571000
71 11:36:29 939 571000
74 12:01:46 890 570100
73 12:01:46 10 570100
72 12:01:46 800 570100
75 12:03:21 5000 570100
77 12:03:55 700 570100
76 12:03:55 1000 570100
78 12:04:08 1300 570000
79 12:06:15 7000 570000
80 12:07:31 2000 570000
84 12:11:41 6700 570000
83 12:11:41 3300 570000
82 12:11:41 10000 570010
81 12:11:41 5000 570010
86 12:11:48 6700 570000
85 12:11:48 18300 570000
89 12:11:58 6690 570000
88 12:11:58 10 570000
87 12:11:58 18300 570000
90 12:12:11 3310 570000
91 12:16:17 143 570000
92 12:21:43 10 570000
94 12:22:37 14990 570000
93 12:22:37 10 570000
98 12:23:41 3949 570000
97 12:23:41 6000 570000
96 12:23:41 51 570000
95 12:23:41 10 570000
102 12:26:12 8400 569051
101 12:26:12 1000 569051
100 12:26:12 400 569060
99 12:26:12 200 569060