1 09:10:19 10 601890
1 09:10:19 10 601890
3 09:19:22 34 596008
2 09:19:22 130 596100
4 09:42:01 400 600000
5 09:42:39 213 600000
6 09:56:46 387 600000
7 10:17:44 16 597025
8 10:18:33 84 597025
9 10:19:41 122 597020
10 10:21:58 10 597021
11 10:23:23 122 597021
12 10:23:55 122 597021
13 10:34:32 2 597111
14 10:45:06 16 599999
15 10:50:15 19 599999
16 10:51:04 16 599999
17 10:54:44 16 599999
27 11:12:14 14 599999
26 11:12:14 19 599999
25 11:12:14 7 599999
24 11:12:14 11 599998
23 11:12:14 8 599998
22 11:12:14 13 599998
21 11:12:14 19 599998
20 11:12:14 8 599998
19 11:12:14 14 599998
18 11:12:14 11 599998
35 11:13:03 900 600000
34 11:13:03 680 600000
33 11:13:03 260 600000
32 11:13:03 45 600000
31 11:13:03 32 600000
30 11:13:03 1087 600000
29 11:13:03 1000 600000
28 11:13:03 259 599999
36 11:13:04 90 600000
37 11:13:25 2040 600000
41 11:27:56 5 597800
40 11:27:56 5 597900
39 11:27:56 10 597900
38 11:27:56 10 597900
41 11:27:56 5 597800
40 11:27:56 5 597900
39 11:27:56 10 597900
38 11:27:56 10 597900
41 11:27:56 5 597800
40 11:27:56 5 597900
39 11:27:56 10 597900
38 11:27:56 10 597900
51 11:29:20 88 597130
50 11:29:20 85 597500
49 11:29:20 2000 597600
48 11:29:20 19 597601
47 11:29:20 109 597601
46 11:29:20 35 597650
45 11:29:20 500 597700
44 11:29:20 100 597700
43 11:29:20 290 597800
42 11:29:20 1023 597800
51 11:29:20 88 597130
50 11:29:20 85 597500
49 11:29:20 2000 597600
48 11:29:20 19 597601
47 11:29:20 109 597601
46 11:29:20 35 597650
45 11:29:20 500 597700
44 11:29:20 100 597700
43 11:29:20 290 597800
42 11:29:20 1023 597800
51 11:29:20 88 597130
50 11:29:20 85 597500
49 11:29:20 2000 597600
48 11:29:20 19 597601
47 11:29:20 109 597601
46 11:29:20 35 597650
45 11:29:20 500 597700
44 11:29:20 100 597700
43 11:29:20 290 597800
42 11:29:20 1023 597800
52 11:43:44 10 597210
52 11:43:44 10 597210
53 11:43:45 10 597210
53 11:43:45 10 597210
55 11:57:10 22 597300
54 11:57:10 10 597300
56 11:59:36 30 597210
57 12:01:40 23 597300
58 12:04:22 140 597310
67 12:04:26 13 599899
66 12:04:26 18 599899
65 12:04:26 44 599899
64 12:04:26 10 599899
63 12:04:26 13 599899
62 12:04:26 9 599899
61 12:04:26 8 599899
60 12:04:26 8 599899
59 12:04:26 13 599899
71 12:05:11 10 597300
70 12:05:11 10 597300
69 12:05:11 1 597300
68 12:05:11 9 597310
72 12:07:46 16 599899
73 12:07:47 14 599899
74 12:09:10 9 599899
75 12:19:29 14 599799
76 12:19:30 8 599799
77 12:26:16 40 599799
79 12:29:51 11562 599800
78 12:29:51 938 599799