1 09:24:22 21 571300
2 09:24:24 21 571300
3 10:01:05 6 570000
4 10:48:48 14 570000
5 10:55:19 38 570000
6 10:57:06 162 570000
7 11:04:17 578 570000
8 11:12:38 10 570000
9 11:12:49 10 570000
20 11:27:07 1556 570000
19 11:27:07 20 570001
18 11:27:07 30 570001
17 11:27:07 10 570001
16 11:27:07 100 570001
15 11:27:07 30 570001
14 11:27:07 20 570001
13 11:27:07 50 570001
12 11:27:07 500 570001
11 11:27:07 100 570010
10 11:27:07 20 570010
21 11:30:21 10 570001
83 11:30:22 14 570000
82 11:30:22 16 570000
81 11:30:22 12 570000
80 11:30:22 14 570000
79 11:30:22 12 570000
78 11:30:22 14 570000
77 11:30:22 14 570000
76 11:30:22 14 570000
75 11:30:22 16 570000
74 11:30:22 10 570000
73 11:30:22 12 570000
72 11:30:22 16 570000
71 11:30:22 14 570000
70 11:30:22 14 570000
69 11:30:22 16 570000
68 11:30:22 9 570000
67 11:30:22 14 570000
66 11:30:22 14 570000
65 11:30:22 14 570000
64 11:30:22 16 570000
63 11:30:22 14 570000
62 11:30:22 16 570000
61 11:30:22 9 570000
60 11:30:22 16 570000
59 11:30:22 16 570000
58 11:30:22 10 570000
57 11:30:22 14 570000
56 11:30:22 10 570000
55 11:30:22 6 570000
54 11:30:22 10 570000
53 11:30:22 20 570000
52 11:30:22 16 570000
51 11:30:22 20 570000
50 11:30:22 10 570000
49 11:30:22 11 570000
48 11:30:22 10 570000
47 11:30:22 10 570000
46 11:30:22 10 570000
45 11:30:22 10 570000
44 11:30:22 10 570000
43 11:30:22 10 570000
42 11:30:22 6 570000
41 11:30:22 18 570000
40 11:30:22 9 570000
39 11:30:22 16 570000
38 11:30:22 16 570000
37 11:30:22 16 570000
36 11:30:22 20 570000
35 11:30:22 10 570000
34 11:30:22 10 570000
33 11:30:22 10 570000
32 11:30:22 10 570000
31 11:30:22 10 570000
30 11:30:22 20 570000
29 11:30:22 20 570000
28 11:30:22 16 570000
27 11:30:22 10 570000
26 11:30:22 16 570000
25 11:30:22 9 570000
24 11:30:22 10 570000
23 11:30:22 6 570000
22 11:30:22 10 570001
85 11:31:50 62 570000
84 11:31:50 55 570000
90 11:34:08 14 570000
89 11:34:08 14 570000
88 11:34:08 9 570000
87 11:34:08 6 570000
86 11:34:08 10 570001
92 11:36:39 1095 570999
91 11:36:39 22 570998
96 11:38:56 9 570000
95 11:38:56 12 570000
94 11:38:56 2 570001
93 11:38:56 8 570001
97 11:40:28 21 570000
98 11:41:33 560 570000
101 11:51:51 1707 570000
100 11:51:51 1000 570000
99 11:51:51 2293 570000
104 12:14:42 436 570990
103 12:14:42 50 570990
102 12:14:42 1960 570980
107 12:25:37 3293 570000
106 12:25:37 10 570001
105 12:25:37 15 570010
108 12:25:48 87 569000
109 12:26:11 35 570990
110 12:28:28 10 570990
111 12:29:32 30 570990