1 09:05:16 168 586160
2 09:14:25 16 591997
3 09:26:13 100 591990
4 09:33:45 445 590100
5 09:41:50 50 591001
6 09:46:27 555 591200
9 09:46:39 850 590101
8 09:46:39 574 591001
7 09:46:39 35 591001
10 09:47:01 4000 590000
11 09:53:35 40 590001
12 09:55:34 23 590002
13 10:24:49 136 590005
15 10:25:18 28 590005
14 10:25:18 56 590005
16 10:41:42 4600 590009
17 10:54:13 10 590008
18 10:59:22 18 591460
19 11:07:32 23 590990
20 11:18:38 40 590055
22 11:19:40 11 590004
21 11:19:40 16 590004
23 11:22:47 100 590004
26 11:23:36 56 590003
25 11:23:36 643 590003
24 11:23:36 1 590004
27 11:24:16 20 590003
28 11:24:54 20 590003
29 11:26:15 30 590003
30 11:27:29 26 590003
31 11:27:55 20 590002
32 11:31:13 20 590002
34 12:07:40 20 590055
33 12:07:40 10 590055
35 12:08:48 100 591400