1 09:32:58 16 598500
3 09:42:44 50 597001
2 09:42:44 335 597500
4 09:43:34 3000 597000
5 09:45:43 50 597000
6 09:47:14 348 597000
9 10:00:54 25 597000
8 10:00:54 150 597001
7 10:00:54 10 597170
10 10:11:51 784 596800
11 10:23:07 868 597000
12 10:30:10 2000 597000
21 10:30:32 60 596500
20 10:30:32 15 596500
19 10:30:32 60 596501
18 10:30:32 3000 596507
17 10:30:32 100 596536
16 10:30:32 50 596538
15 10:30:32 5000 596540
14 10:30:32 200 596540
13 10:30:32 5000 596541
27 10:37:35 5000 596000
26 10:37:35 200 596001
25 10:37:35 100 596011
24 10:37:35 100 596012
23 10:37:35 50 596015
22 10:37:35 50 596020
28 10:38:31 2962 595500
29 10:38:45 7038 595500
30 10:38:47 30 595500
35 11:11:42 500 595500
34 11:11:42 50 595501
33 11:11:42 100 595505
32 11:11:42 3000 595508
31 11:11:42 86 595509
36 11:12:32 14 595500
44 11:21:48 1123 595007
43 11:21:48 50 595007
42 11:21:48 55 595012
41 11:21:48 100 595013
40 11:21:48 20 595150
39 11:21:48 125 595207
38 11:21:48 100 595208
37 11:21:48 50 595209
45 11:23:25 14182 595500
47 11:25:11 1950 595007
46 11:25:11 50 595008
49 11:25:42 1927 595007
48 11:25:42 10 595010
50 11:26:25 4534 595000
51 11:26:43 3700 595000
52 11:26:45 285 595000
53 11:32:29 25 593323
54 11:32:40 1461 593323
58 11:36:59 1000 593321
57 11:36:59 200 593324
56 11:36:59 10 593325
55 11:36:59 52 593325
59 11:37:22 10 593321
60 11:38:00 90 593321
61 11:38:14 71 593321
62 11:39:58 25 593321
66 11:40:25 15 593000
65 11:40:25 10 593000
64 11:40:25 30 593180
63 11:40:25 39 593320
67 11:49:37 12000 593000
68 11:50:00 2450 593000
69 11:50:22 8542 593321
70 11:57:57 100 593321
71 11:58:57 3300 593321
72 11:59:43 500 593321
73 12:00:20 600 593321
74 12:00:22 100 593321
75 12:00:37 100 593321
76 12:00:38 1000 593321
77 12:01:04 100 593321
78 12:01:26 100 593321
79 12:02:26 500 593321
80 12:02:40 5700 593321
81 12:02:53 400 593321
82 12:03:04 300 593321
83 12:03:13 100 593321
84 12:03:15 100 593321
85 12:03:21 200 593321
86 12:03:29 40 593321
87 12:03:42 40 593321
88 12:03:52 12 593321
89 12:05:43 1054 593321
90 12:07:06 654 593321
91 12:08:52 80 594000
92 12:12:37 500 594000
93 12:15:44 500 593400
94 12:15:54 610 593321
95 12:16:34 1000 593321
96 12:18:07 100 593200
97 12:20:09 16 594000