1 09:15:22 45 600553
6 09:58:48 850 596000
5 09:58:48 314 596000
4 09:58:48 200 596100
3 09:58:48 200 596100
2 09:58:48 980 596200
9 10:04:24 292 596000
8 10:04:24 87 596200
7 10:04:24 291 596200
12 10:17:51 118 596201
11 10:17:51 21 596250
10 10:17:51 111 596300
13 10:21:02 100 600290
14 10:21:23 50 600290
15 10:22:03 200 600290
18 10:23:02 230 596201
17 10:23:02 23 596300
16 10:23:02 80 596300
19 10:48:59 100 600000
21 10:55:49 9 600000
20 10:55:49 980 600000
22 10:56:11 291 600000
23 10:56:18 87 600000
24 10:56:29 111 600000
25 10:56:38 21 600000
26 10:56:45 23 600000
27 11:10:49 67 596334
28 11:14:57 10 600000
31 12:10:01 742 600180
30 12:10:01 18 600170
29 12:10:01 9 600160
32 12:18:08 1955 600553