1 09:50:10 800 572012
2 09:55:49 500 572022
3 09:59:04 500 572022
4 10:27:19 100 574000
5 10:27:21 50 574889
10 10:42:44 2447 572506
9 10:42:44 77 572600
8 10:42:44 57 572600
7 10:42:44 59 572600
6 10:42:44 60 572600
11 10:42:56 2553 572506
12 10:43:52 59 572506
13 10:43:55 88 572506
16 10:44:10 500 574890
15 10:44:10 50 574889
14 10:44:10 500 573900
17 10:44:16 701 574899
22 10:50:24 100 574897
21 10:50:24 50 574897
20 10:50:24 40 574800
19 10:50:24 60 574800
18 10:50:24 70 574800
24 10:50:27 200 575000
23 10:50:27 1354 574899
25 10:55:10 300 574889
31 10:59:06 77 572353
30 10:59:06 112 572506
29 10:59:06 70 572600
28 10:59:06 110 572600
27 10:59:06 20 572600
26 10:59:06 63 572600
32 11:01:03 300 575000
34 12:02:29 150 574999
33 12:02:29 70 574990
35 12:03:01 120 575000
37 12:05:48 10 575000
36 12:05:48 80 575000
38 12:05:53 570 575000
39 12:09:14 400 575000
40 12:09:31 30 575000
41 12:13:37 10 575000
42 12:29:12 61 575000
43 12:29:40 900 575000
44 12:29:43 39 575000