4 09:00:05 24 586150
3 09:00:05 25 586150
2 09:00:05 52 586150
1 09:00:05 100 586150
5 09:04:53 10 586000
7 09:09:23 10 586150
6 09:09:23 90 586140
8 09:16:59 430 583500
9 09:32:00 2 587999
11 09:34:31 100 588000
10 09:34:31 18 587999
12 10:18:23 50 588000
13 10:19:17 10 588000
16 10:26:30 10 585225
15 10:26:30 20 585225
14 10:26:30 2 588000
17 10:33:08 68 585225
19 10:34:51 7 585101
18 10:34:51 32 585225
21 11:25:14 70 585400
20 11:25:14 30 585400
22 11:29:03 20 585400
30 11:41:45 142 592000
29 11:41:45 85 591998
28 11:41:45 1630 591998
27 11:41:45 464 591900
26 11:41:45 20 591899
25 11:41:45 50 591899
24 11:41:45 9 589999
23 11:41:45 100 589999
49 11:41:48 4140 618597
48 11:41:48 191 617718
47 11:41:48 50 605851
46 11:41:48 1000 600000
45 11:41:48 50 600000
44 11:41:48 10 600000
43 11:41:48 470 599995
42 11:41:48 10 596000
41 11:41:48 23 595000
40 11:41:48 21 595000
39 11:41:48 93 595000
38 11:41:48 85 595000
37 11:41:48 284 595000
36 11:41:48 10 593000
35 11:41:48 400 592999
34 11:41:48 50 592900
33 11:41:48 660 592900
32 11:41:48 50 592000
31 11:41:48 28 592000
50 11:42:17 20 618597
51 11:42:26 15555 618597
53 11:44:11 120 618580
52 11:44:11 90 618579
54 11:44:50 90 618580
57 11:48:47 2 618490
56 11:48:47 12 618490
55 11:48:47 5 618400
58 12:00:45 200 591002
59 12:06:33 50 591202
60 12:12:40 50 591602
61 12:12:44 168 591602
63 12:15:40 600 597000
62 12:15:40 50 596999