1 09:12:40 50 589000
2 09:14:05 50 590000
9 09:17:10 5424 595000
8 09:17:10 20 595000
7 09:17:10 20 595000
6 09:17:10 250 594995
5 09:17:10 33 594000
4 09:17:10 50 591500
3 09:17:10 50 591000
10 10:14:44 50 594989
11 10:14:49 50 594989
12 10:36:16 34 594970
13 11:07:50 34 594888
14 11:11:24 7 590600
15 11:49:20 50 593900
17 12:16:04 48 590600
16 12:16:04 9 590600
20 12:17:14 76 590200
19 12:17:14 34 590200
18 12:17:14 12 590600
23 12:20:14 5 590200
22 12:20:14 27 590200
21 12:20:14 10 590200
27 12:21:52 140 590111
26 12:21:52 750 590113
25 12:21:52 93 590141
24 12:21:52 10 590200
29 12:21:53 2720 590110
28 12:21:53 6860 590111
30 12:24:23 10 590100
31 12:25:44 5000 590001
32 12:26:16 500 590000
33 12:26:29 300 590000
34 12:26:54 132 590000
35 12:28:29 593 590000