2 09:35:50 15 570715
1 09:35:50 24 570715
3 09:38:45 43 570715
4 09:39:33 200 570709
10 10:08:12 4911 570700
9 10:08:12 10 570710
8 10:08:12 79 570710
7 10:08:12 200 570710
6 10:08:12 200 570710
5 10:08:12 600 570711
11 10:42:59 50 572000
12 11:05:31 50 572000
14 11:15:07 1300 572000
13 11:15:07 750 571999
17 11:36:53 237 573700
16 11:36:53 43 573700
15 11:36:53 16 573700
18 12:00:36 10 571010
19 12:00:49 84 571000
22 12:23:05 192 571000
21 12:23:05 91 571000
20 12:23:05 10 571010
24 12:27:25 308 571000
23 12:27:25 10 571010