1 09:01:55 55 589000
2 09:26:51 50 587000
3 09:29:03 85 586999
4 09:44:10 30 586899
5 09:46:35 10 585200
7 09:48:09 400 585200
6 09:48:09 390 585200
8 10:12:24 20 584800
9 10:17:42 100 585000
10 10:21:11 30 585001
12 10:39:21 5221 585001
11 10:39:21 796 585002
13 10:40:14 20 585001
14 10:42:46 439 585001
15 10:45:22 70 586500
16 10:46:33 10 585001
17 11:04:12 35 586000
18 11:04:36 35 586000
19 11:14:16 10 586890
20 11:28:21 220 586890
29 11:29:38 74 586890
28 11:29:38 6 586890
27 11:29:38 8 586890
26 11:29:38 17 586890
25 11:29:38 51 586890
24 11:29:38 18 586890
23 11:29:38 105 586890
22 11:29:38 18 586890
21 11:29:38 47 586890
30 11:31:35 150 586100
31 11:31:42 10 586000
32 11:39:02 1050 586000
34 11:45:08 3 586000
33 11:45:08 17 586000
43 11:46:26 40 586000
42 11:46:26 59 586000
41 11:46:26 25 586000
40 11:46:26 17 586000
39 11:46:26 17 586000
38 11:46:26 18 586000
37 11:46:26 17 586000
36 11:46:26 11 586000
35 11:46:26 29 586000
48 11:51:18 18 586000
47 11:51:18 17 586000
46 11:51:18 17 586000
45 11:51:18 10 586000
44 11:51:18 40 586000
54 11:57:50 17 586000
53 11:57:50 8 586000
52 11:57:50 8 586000
51 11:57:50 28 586000
50 11:57:50 10 586000
49 11:57:50 13 586000
56 12:03:33 10 585005
55 12:03:33 576 585006
57 12:06:39 453 585000
73 12:21:01 61 586000
72 12:21:01 10 586000
71 12:21:01 17 586000
70 12:21:01 17 586000
69 12:21:01 10 586000
68 12:21:01 8 586000
67 12:21:01 46 586000
66 12:21:01 248 586000
65 12:21:01 10 586000
64 12:21:01 17 586000
63 12:21:01 17 586000
62 12:21:01 17 586000
61 12:21:01 18 586000
60 12:21:01 17 586000
59 12:21:01 17 586000
58 12:21:01 8 586000
74 12:22:22 240 586000
75 12:25:07 3800 586000