1 09:08:04 782 600000
2 09:16:59 100 598033
4 09:17:35 700 598000
3 09:17:35 300 598001
6 09:18:52 500 598000
5 09:18:52 500 598001
9 09:48:45 300 598000
8 09:48:45 400 598033
7 09:48:45 342 598040
10 09:57:14 50 599000
11 10:07:02 500 599000
12 10:12:57 290 597000
27 10:56:39 250 597000
26 10:56:39 50 597000
25 10:56:39 210 597000
24 10:56:39 100 597021
23 10:56:39 50 597022
22 10:56:39 3000 597023
21 10:56:39 5000 597024
20 10:56:39 50 597025
19 10:56:39 215 597026
18 10:56:39 122 597026
17 10:56:39 330 597030
16 10:56:39 200 597056
15 10:56:39 200 597057
14 10:56:39 190 597100
13 10:56:39 20 597100
30 11:23:32 3000 597001
29 11:23:32 5000 597002
28 11:23:32 50 597003
31 11:30:24 5000 597000
33 11:30:44 271 596700
32 11:30:44 100 596701
34 11:56:40 10 596701
36 12:06:26 26 596702
35 12:06:26 100 596702
37 12:14:19 167 598000
38 12:14:49 139 598000
39 12:17:47 374 598000
40 12:21:04 10 598000
41 12:24:33 500 598000
42 12:25:05 500 598000
43 12:26:33 1000 598000
44 12:27:52 1000 598000
45 12:28:35 100 598000