1 09:12:15 1000 583300
2 09:15:39 200 586989
3 09:16:59 800 586989
5 09:32:29 200 584400
4 09:32:29 800 584400
6 09:40:42 500 584500
7 09:43:07 500 584500
8 09:44:42 200 586987
9 10:20:29 500 584600
11 10:22:57 490 584510
10 10:22:57 10 584600
12 10:23:38 500 584510
15 10:32:21 20 583305
14 10:32:21 200 583305
13 10:32:21 10 584510
17 10:35:49 190 583305
16 10:35:49 30 584000
18 10:48:05 86 583300
22 11:35:02 464 583300
21 11:35:02 11 583301
20 11:35:02 11 583301
19 11:35:02 14 583301
23 11:42:15 74 585999
24 11:47:52 204 585999
25 12:02:51 9820 585990
27 12:03:22 45 585999
26 12:03:22 135 585999
33 12:03:37 4712 586000
32 12:03:37 80 585999
31 12:03:37 9 585999
30 12:03:37 7 585999
29 12:03:37 78 585999
28 12:03:37 114 585999
34 12:29:40 7 585994