2 10:03:12 5000 570000
1 10:03:12 1000 570002
3 10:28:45 23600 570600
4 10:37:33 2300 570600
7 12:05:22 82 571000
6 12:05:22 918 571000
5 12:05:22 1000 571010
8 12:10:54 50 571000
11 12:15:25 810 572470
10 12:15:25 18 572470
9 12:15:25 44 572470
16 12:24:09 9710 573000
15 12:24:09 8400 573000
14 12:24:09 6500 572999
13 12:24:09 200 572999
12 12:24:09 190 572000
18 12:24:11 9710 573000
17 12:24:11 15290 573000
20 12:24:12 9710 573000
19 12:24:12 15290 573000
22 12:24:14 9710 573000
21 12:24:14 15290 573000
24 12:24:18 9710 573000
23 12:24:18 15290 573000
26 12:24:22 9710 573000
25 12:24:22 15290 573000
27 12:24:33 15000 573000
29 12:24:56 420 573000
28 12:24:56 290 573000