3 09:24:43 30 593005
2 09:24:43 10 593006
1 09:24:43 200 593006
4 09:25:36 260 593000
5 09:36:09 1000 593000
6 09:37:06 500 593000
7 09:38:20 7398 593000
8 09:53:24 407 593001
10 10:00:30 9102 593000
9 10:00:30 9593 593001
11 10:42:43 48 595900
12 10:43:11 18 595900
13 10:49:27 60 593301
14 11:11:22 100 593305
15 11:33:58 688 593900
16 11:35:46 50 593800
19 11:38:30 10000 593701
18 11:38:30 513 593702
17 11:38:30 400 593900
20 12:03:25 3000 594899
21 12:25:58 1052 594600
22 12:26:26 448 594600
23 12:27:05 9743 594000
24 12:27:17 100 594600
25 12:28:22 452 594600