1 09:00:54 200 581000
2 09:29:35 20 580988
10 09:38:07 20 581000
9 09:38:07 60 581000
8 09:38:07 435 581000
7 09:38:07 119 580988
6 09:38:07 884 580987
5 09:38:07 4501 580986
4 09:38:07 1501 580986
3 09:38:07 3001 580986
11 09:38:19 1000 581890
13 09:38:24 979 581000
12 09:38:24 1500 581890
14 09:40:59 3549 581000
15 09:41:35 1000 581000
16 09:42:16 705 581000
17 09:49:06 1000 581000
18 10:02:26 10 581999
20 10:02:41 488 581999
19 10:02:41 990 581999
22 10:03:32 187 582000
21 10:03:32 1000 582000
23 10:06:26 6 581999
24 10:09:35 1500 582500
25 10:09:54 1500 582500
29 10:10:07 1061 582995
28 10:10:07 1000 582995
27 10:10:07 24 582995
26 10:10:07 500 582500
30 10:24:17 68 582201
31 10:25:30 100 582900
32 10:25:47 939 582995
34 10:26:01 10 584995
33 10:26:01 200 584995
36 10:26:12 30 585000
35 10:26:12 30 585000
37 10:26:22 20 585995
38 10:26:31 2 588999
39 10:26:54 1000 588999
40 10:27:28 363 588999
41 10:29:37 761 588999
42 10:29:48 87 589000
45 11:07:57 467 583005
44 11:07:57 200 583005
43 11:07:57 10 583006
46 11:09:05 514 583005
47 11:09:13 10 583005
48 11:09:46 559 583005
49 11:17:01 1000 584000
52 11:37:08 650 584000
51 11:37:08 2128 584001
50 11:37:08 513 584002
53 11:55:11 40 584000
54 11:55:53 5000 584000
55 11:56:54 500 583110
56 12:07:59 14 583110