1 09:04:23 60 575100
2 09:26:09 10 575110
3 09:27:32 18 575110
4 09:30:23 87 575150
6 09:31:20 20 576990
5 09:31:20 525 576990
7 09:31:48 10 576990
8 09:32:00 17 576990
9 09:33:28 100 577000
10 09:37:15 90 577000
11 09:38:17 10 577000
12 09:38:26 500 577000
13 09:39:35 283 576990
14 09:40:13 34 575150
15 09:50:30 4337 576000
16 09:53:29 5000 576000
17 09:53:54 10 575161
18 09:59:19 11000 576000
19 09:59:27 4663 576000
20 10:07:07 384 576000
21 10:09:48 13500 576000
22 10:09:51 11116 576000
23 10:10:08 13500 576000
24 10:10:41 11000 576000
25 10:12:20 2500 576000
26 10:13:37 60 576000
27 10:14:27 2922 576000
28 10:14:59 150 576000
29 10:15:13 35 576000
30 10:17:22 19333 576000
31 10:20:30 10 575260
32 10:26:32 490 575260
33 10:26:55 510 575252
34 10:33:03 216 576970
35 11:11:22 1100 576000
38 12:00:02 1400 576000
37 12:00:02 2000 576010
36 12:00:02 50 576011
39 12:01:20 200 576000
40 12:06:02 1350 576000
42 12:08:06 3650 576000
41 12:08:06 50 576001
43 12:08:56 200 576000
44 12:09:17 10 576000
45 12:09:50 190 576000
46 12:09:54 900 576000
48 12:12:51 200 576000
47 12:12:51 775 576000
49 12:13:25 350 576000
50 12:15:06 350 576000
51 12:16:09 3500 576000
52 12:17:54 787 576000