1 09:00:05 20323 577000
3 09:04:01 15323 577000
2 09:04:01 4677 577000
4 09:05:26 50 576001
5 09:06:09 100 576001
6 09:06:14 4000 577000
7 09:06:17 5677 577000
8 09:28:16 1771 577000
9 09:50:48 15000 577000
10 09:57:32 850 577000
11 09:57:49 4000 577000
13 09:58:14 1621 577000
12 09:58:14 3379 577000
14 10:04:22 5000 576999
15 10:09:31 3990 576999
17 10:10:25 10990 577000
16 10:10:25 1010 576999
18 10:15:20 11800 577000
19 10:18:35 500 577000
21 10:35:27 9 577000
20 10:35:27 89 577000
22 10:51:32 100 577000
23 10:54:51 120 577000
24 10:55:50 22 577000
25 10:56:47 100 577000
27 11:00:52 184 577000
26 11:00:52 900 577000
28 11:09:24 100 578000
29 11:10:40 100 578000
30 11:44:58 100 577004
31 11:45:42 100 577004
32 11:48:04 50 577004
33 11:53:56 7 577008
34 12:05:20 203 577509