2 09:06:16 90 599894
1 09:06:16 76 599890
3 09:06:33 10 599894
4 09:10:59 16 599891
5 09:57:26 150 593200
6 10:04:18 100 593100
9 10:04:49 509 592500
8 10:04:49 76 593002
7 10:04:49 58 593100
10 10:07:03 584 598899
11 10:13:58 19 593000
15 11:13:02 9491 592500
14 11:13:02 10 593000
13 11:13:02 2057 593000
12 11:13:02 565 593000
17 11:14:11 2000 591502
16 11:14:11 500 591502
18 11:14:20 2000 591100
19 11:19:27 6510 591000
20 11:24:15 1688 592000
21 11:33:07 21 592000
22 11:35:11 30 591002
23 11:39:42 16 592000
25 11:44:16 13848 592000
24 11:44:16 11152 592000
26 11:44:22 11152 592000