6 09:13:02 4454 570000
5 09:13:02 1000 570100
4 09:13:02 170 571110
3 09:13:02 361 571500
2 09:13:02 706 571500
1 09:13:02 309 571500
7 09:13:52 546 570000
9 09:19:23 8691 574500
8 09:19:23 309 574400
20 09:24:50 5784 571000
19 09:24:50 15000 571000
18 09:24:50 1000 571001
17 09:24:50 56 571001
16 09:24:50 72 571001
15 09:24:50 180 571001
14 09:24:50 227 571001
13 09:24:50 101 571001
12 09:24:50 247 571001
11 09:24:50 23 571001
10 09:24:50 310 571500
21 09:37:32 10 571500
22 09:54:23 240 572000
28 10:00:08 624 571002
27 10:00:08 2000 571003
26 10:00:08 4136 571100
25 10:00:08 1000 571100
24 10:00:08 1000 571110
23 10:00:08 240 571500
29 10:01:00 276 571002
30 10:01:45 33 571001
31 11:56:06 32 572500
32 12:10:02 700 572500
46 12:11:54 158 572500
45 12:11:54 44 572500
44 12:11:54 24 572500
43 12:11:54 60 572500
42 12:11:54 108 572500
41 12:11:54 34 572500
40 12:11:54 34 572500
39 12:11:54 125 572500
38 12:11:54 35 572500
37 12:11:54 121 572500
36 12:11:54 153 572500
35 12:11:54 32 572500
34 12:11:54 45 572500
33 12:11:54 12 572500
47 12:21:19 10 572500