1 09:53:17 7 570700
2 10:00:15 20 570900
3 10:03:36 173 571000
4 10:09:44 43 570001
5 10:24:10 26 570001
11 10:24:38 110 571000
10 10:24:38 35 571000
9 10:24:38 122 571000
8 10:24:38 65 571000
7 10:24:38 143 571000
6 10:24:38 32 571000
12 10:28:41 157 571000
13 10:29:05 163 571000
14 10:35:00 130 571000
15 10:48:49 176 571000
16 10:58:28 1000 571500
18 11:08:52 1000 571500
17 11:08:52 20 571500
22 11:09:19 20 573000
21 11:09:19 40 572511
20 11:09:19 20 572000
19 11:09:19 20 572000
25 11:09:34 1 575000
24 11:09:34 20 573523
23 11:09:34 100 573523
28 11:11:01 20 571500
27 11:11:01 470 571500
26 11:11:01 1000 571500
29 11:28:20 166 571100
30 11:34:02 500 571100
31 11:43:39 10 571100
32 11:44:40 500 571500
34 11:56:40 20 571600
33 11:56:40 354 571600
38 12:03:22 8016 577000
37 12:03:22 1000 576990
36 12:03:22 599 575000
35 12:03:22 50 574999
39 12:03:40 335 577000
46 12:06:00 1000 578000
45 12:06:00 1000 578000
44 12:06:00 300 578000
43 12:06:00 2368 578000
42 12:06:00 100 577777
41 12:06:00 303 577777
40 12:06:00 703 577777
47 12:06:29 20 578000
48 12:07:17 1500 578000
49 12:07:41 100 578000
50 12:07:54 1000 578000
51 12:09:36 100 578000
52 12:09:53 100 578000
55 12:10:34 306 579900
54 12:10:34 100 579000
53 12:10:34 1000 579000