1 09:15:30 340 587999
2 09:36:45 1000 586300
3 10:25:18 160 587000
4 11:17:06 201 587500
5 11:18:04 200 587500
6 11:22:49 30 589200
7 11:27:38 20 588000
8 11:34:13 19 588000
9 11:55:18 50 587006
11 12:03:48 24 587006
10 12:03:48 26 587006
12 12:05:30 150 587006
15 12:05:40 500 587000
14 12:05:40 1030 587005
13 12:05:40 21 587006
16 12:07:24 50 586900
17 12:08:16 500 586900
18 12:10:43 1500 587000
19 12:10:54 250 587000
20 12:13:18 500 585009
21 12:25:31 350 585000
22 12:25:40 50 585000
23 12:26:37 500 585000
24 12:26:57 50 585000
25 12:27:25 200 585000
26 12:27:36 50 585000
27 12:28:03 20 585000
28 12:28:32 3000 585000
29 12:29:31 11 585000