5 09:09:25 189 568179
4 09:09:25 501 569534
3 09:09:25 90 569535
2 09:09:25 20 570000
1 09:09:25 200 570001
6 09:15:00 13 571000
7 09:21:42 9 571000
8 09:26:11 2 571000
9 09:28:11 10 572619
10 09:30:15 2 571500
11 09:31:57 2 571500
12 09:34:25 1 571500
13 09:39:22 12 571700
17 09:40:43 14 571000
16 09:40:43 20 571500
15 09:40:43 45 571500
14 09:40:43 14 571700
18 10:02:40 50 571000
19 10:36:29 106 572618
20 11:00:29 17 572618
21 11:05:26 17 572618
22 11:09:39 7 571002
23 11:10:02 1 571003
24 11:10:52 1 571003
25 12:14:08 2 571101
34 12:14:09 5 571101
33 12:14:09 11 571101
32 12:14:09 10 571101
31 12:14:09 13 571101
30 12:14:09 10 571101
29 12:14:09 13 571101
28 12:14:09 2 571101
27 12:14:09 11 571101
26 12:14:09 10 571101
42 12:14:34 9 571100
41 12:14:34 3 571100
40 12:14:34 10 571100
39 12:14:34 5 571100
38 12:14:34 12 571100
37 12:14:34 6 571100
36 12:14:34 8 571100
35 12:14:34 6 571100
105 12:14:35 8 571100
104 12:14:35 10 571100
103 12:14:35 10 571100
102 12:14:35 12 571100
101 12:14:35 10 571100
100 12:14:35 10 571100
99 12:14:35 9 571100
98 12:14:35 5 571100
97 12:14:35 12 571100
96 12:14:35 10 571100
95 12:14:35 5 571100
94 12:14:35 12 571100
93 12:14:35 11 571100
92 12:14:35 14 571100
91 12:14:35 11 571100
90 12:14:35 9 571100
89 12:14:35 12 571100
88 12:14:35 12 571100
87 12:14:35 13 571100
86 12:14:35 6 571100
85 12:14:35 10 571100
84 12:14:35 10 571100
83 12:14:35 10 571100
82 12:14:35 10 571100
81 12:14:35 10 571100
80 12:14:35 12 571100
79 12:14:35 9 571100
78 12:14:35 12 571100
77 12:14:35 11 571100
76 12:14:35 10 571100
75 12:14:35 10 571100
74 12:14:35 11 571100
73 12:14:35 10 571100
72 12:14:35 11 571100
71 12:14:35 11 571100
70 12:14:35 10 571100
69 12:14:35 11 571100
68 12:14:35 12 571100
67 12:14:35 11 571100
66 12:14:35 9 571100
65 12:14:35 12 571100
64 12:14:35 11 571100
63 12:14:35 10 571100
62 12:14:35 10 571100
61 12:14:35 10 571100
60 12:14:35 10 571100
59 12:14:35 8 571100
58 12:14:35 10 571100
57 12:14:35 4 571100
56 12:14:35 13 571100
55 12:14:35 10 571100
54 12:14:35 10 571100
53 12:14:35 8 571100
52 12:14:35 10 571100
51 12:14:35 16 571100
50 12:14:35 13 571100
49 12:14:35 11 571100
48 12:14:35 8 571100
47 12:14:35 11 571100
46 12:14:35 10 571100
45 12:14:35 10 571100
44 12:14:35 12 571100
43 12:14:35 9 571100
144 12:14:36 10 571100
143 12:14:36 12 571100
142 12:14:36 10 571100
141 12:14:36 5 571100
140 12:14:36 14 571100
139 12:14:36 10 571100
138 12:14:36 14 571100
137 12:14:36 13 571100
136 12:14:36 12 571100
135 12:14:36 12 571100
134 12:14:36 10 571100
133 12:14:36 13 571100
132 12:14:36 12 571100
131 12:14:36 9 571100
130 12:14:36 12 571100
129 12:14:36 4 571100
128 12:14:36 12 571100
127 12:14:36 13 571100
126 12:14:36 12 571100
125 12:14:36 11 571100
124 12:14:36 13 571100
123 12:14:36 12 571100
122 12:14:36 8 571100
121 12:14:36 11 571100
120 12:14:36 12 571100
119 12:14:36 10 571100
118 12:14:36 14 571100
117 12:14:36 10 571100
116 12:14:36 14 571100
115 12:14:36 12 571100
114 12:14:36 11 571100
113 12:14:36 12 571100
112 12:14:36 10 571100
111 12:14:36 14 571100
110 12:14:36 10 571100
109 12:14:36 4 571100
108 12:14:36 11 571100
107 12:14:36 10 571100
106 12:14:36 12 571100