1 09:11:11 600 572009
2 09:11:27 9 576800
3 09:12:08 25 572010
4 09:12:25 9 576800
5 09:12:50 28 572019
6 09:13:00 9 576800
7 09:14:37 200 572519
8 09:15:01 9 576800
9 09:17:58 325 572811
10 09:18:10 9 576799
11 10:00:25 20 572520
13 10:36:36 1109 572555
12 10:36:36 34 572600
14 10:42:58 1000 572555
15 11:31:47 16 574798
18 11:42:15 488 572760
17 11:42:15 500 572760
16 11:42:15 2 574798
19 11:51:22 19 574798
20 11:52:03 131 574798
21 11:52:59 12 574799
28 11:59:41 908 572100
27 11:59:41 10 572100
26 11:59:41 60 572100
25 11:59:41 1500 572760
24 11:59:41 500 572760
23 11:59:41 10 572760
22 11:59:41 12 572760