1 09:00:38 85 574503
4 09:00:38 40 574502
3 09:00:38 64 574502
2 09:00:38 347 574502
5 09:01:01 115 574502
6 09:01:19 354 574502
12 09:35:48 690 575400
11 09:35:48 500 575500
10 09:35:48 243 575550
9 09:35:48 10 575550
8 09:35:48 40 575550
7 09:35:48 150 575550
13 10:02:52 10 576200
15 10:17:19 1990 576200
14 10:17:19 200 576210
16 10:19:35 5000 576000
21 10:22:01 36 576400
20 10:22:01 32 576400
19 10:22:01 31 576400
18 10:22:01 39 576400
17 10:22:01 12 576400
24 10:23:09 3140 577000
23 10:23:09 70 576999
22 10:23:09 540 576400
28 10:27:35 571 577000
27 10:27:35 302 577000
26 10:27:35 4926 577000
25 10:27:35 3635 577000
29 10:28:02 294 577000
30 10:29:11 20 577000
31 10:33:32 1860 577000
32 10:35:24 6580 576500
33 10:36:19 1000 576000
36 10:39:28 6025 575501
35 10:39:28 752 575501
34 10:39:28 1000 575510
42 10:42:10 10000 575500
41 10:42:10 5000 575500
40 10:42:10 1996 575501
39 10:42:10 1704 575501
38 10:42:10 312 575501
37 10:42:10 1000 575502
47 10:56:11 272 575002
46 10:56:11 1000 575003
45 10:56:11 40 575400
44 10:56:11 1000 575501
43 10:56:11 150 575502
48 10:59:25 40 575000
49 11:03:51 50 574000
50 11:05:34 100 574000
51 11:07:29 10 574000
52 11:07:33 100 574000
53 11:11:29 1180 574000
54 11:11:46 20 574000
54 11:11:46 20 574000
55 11:11:54 1900 574000
55 11:11:54 1900 574000
56 11:12:21 1000 574000
57 11:13:04 11 574000
58 11:14:07 1720 574000
59 11:15:13 1607 574000
60 11:19:45 16 574000
61 11:20:25 15 574000
63 11:29:12 75 574000
62 11:29:12 271 574000
64 11:29:57 391 574000
65 11:30:47 84 574000
66 11:35:50 14 574000
67 11:36:41 100 574000
68 11:37:36 10 574000
71 11:41:30 4176 574000
70 11:41:30 824 574000
69 11:41:30 1000 573999
72 11:46:07 40 574000
74 11:46:17 10 573500
73 11:46:17 100 573500
75 11:48:13 228 572000
76 11:48:32 90 572000
77 11:48:51 300 572000
78 11:50:41 500 572000
79 11:51:53 100 572000
80 11:52:13 100 572000
81 11:52:56 100 572000
82 11:53:16 1200 572000
83 11:53:35 267 572000
84 11:53:53 30 572000
85 11:54:00 300 572000
86 11:54:52 100 572000
87 11:55:04 515 572000
88 11:55:23 14 572000
89 11:55:45 500 572000
90 11:55:50 100 572000
91 11:56:38 1016 572000
92 11:57:57 13 572000
93 11:57:58 500 572000
95 11:58:59 772 572000
94 11:58:59 2447 572000
96 11:59:11 6781 572000
97 12:11:43 873 572000
98 12:14:07 30 572000
99 12:14:49 10 572000
100 12:15:40 1971 572000
101 12:16:53 500 572000
102 12:16:59 10 572000
105 12:18:33 4780 571101
104 12:18:33 100 571101
103 12:18:33 10 571110
106 12:18:47 2220 571101
107 12:19:36 500 571500
108 12:20:23 2280 571500
109 12:21:20 40 572000
110 12:22:06 14785 572000
111 12:24:33 2000 573999
112 12:25:37 1000 573999
113 12:27:37 500 573999
114 12:29:25 1000 573999