6 09:07:13 387 575463
5 09:07:13 2000 574319
4 09:07:13 1243 572000
3 09:07:13 6 572000
2 09:07:13 176 571600
1 09:07:13 1188 571500
8 09:29:16 591 570510
7 09:29:16 89 570511
9 09:29:27 3282 570510
10 09:35:41 77 570510
12 09:35:55 10 570510
11 09:35:55 1050 570510
17 09:38:38 1101 574999
16 09:38:38 100 573000
15 09:38:38 799 573000
14 09:38:38 1000 573000
13 09:38:38 2000 573000
18 09:38:43 2580 574999
19 09:38:53 97 574999
23 09:46:04 999 575099
22 09:46:04 3001 575099
21 09:46:04 500 574999
20 09:46:04 500 574999
26 09:46:30 2610 575439
25 09:46:30 1501 575439
24 09:46:30 889 575439
29 09:50:08 1609 575439
28 09:50:08 3000 575439
27 09:50:08 391 575438
31 09:50:21 891 575439
30 09:50:21 1000 575438
35 09:50:37 1555 575990
34 09:50:37 1000 575988
33 09:50:37 500 575987
32 09:50:37 54 575440
36 09:50:48 1445 575990
37 09:51:03 878 576990
46 09:51:25 20 580000
45 09:51:25 20 580000
44 09:51:25 200 579995
43 09:51:25 609 579100
42 09:51:25 908 578800
41 09:51:25 262 578000
40 09:51:25 50 576990
39 09:51:25 1000 576990
38 09:51:25 533 576990
47 09:51:38 1000 580000
48 09:54:27 398 577000
53 11:23:45 1500 571100
52 11:23:45 400 571200
51 11:23:45 200 571201
50 11:23:45 80 571210
49 11:23:45 10 571210
55 11:25:58 590 570000
54 11:25:58 400 570200
56 11:27:58 1510 570000
57 11:33:14 80 575000
58 11:33:43 621 575000
64 11:58:10 1945 575462
63 11:58:10 10 575400
62 11:58:10 35 575400
61 11:58:10 9 574977
60 11:58:10 1501 574977
59 11:58:10 1500 574000
65 11:58:16 5000 575462
66 12:04:06 1700 575462
69 12:04:16 6 575462
68 12:04:16 60 575462
67 12:04:16 234 575462
71 12:24:18 64 570500
70 12:24:18 36 570500