1 10:30:16 100 572000
2 10:50:06 65 570000
5 10:52:25 855 570000
4 10:52:25 10 570000
3 10:52:25 35 570000
6 10:53:13 400 570000
7 10:54:40 99 570000
8 11:02:17 44 570010
10 11:06:18 470 570010
9 11:06:18 30 570100
13 11:10:14 534 570000
12 11:10:14 436 570010
11 11:10:14 30 570100
13 11:10:14 534 570000
12 11:10:14 436 570010
11 11:10:14 30 570100
14 11:13:27 402 570000
15 11:16:20 2 570000
16 11:18:09 1 570000
17 11:29:19 17 570000
18 12:26:13 30 570300
19 12:26:24 1813 570200
20 12:27:11 100 570300