1 09:03:09 2000 569904
2 09:10:14 710 569905
3 09:10:32 2000 569905
4 09:33:41 10 571000
5 09:34:01 100 569909
6 09:34:31 900 569908
7 09:46:20 100 569908
8 09:49:07 24 569908
9 09:49:20 190 569905
11 09:59:55 100 569904
10 09:59:55 100 569905
12 10:20:19 10 569800
13 10:43:26 100 568804
14 10:44:27 146 565002
15 10:58:54 80 569400
16 11:11:14 50 568000
17 11:18:27 50 565022
18 11:19:29 210 565033
19 11:26:57 90 567989
25 11:29:44 30 568990
24 11:29:44 1753 568000
23 11:29:44 10 567999
22 11:29:44 700 567999
21 11:29:44 10 567989
20 11:29:44 106 567989
26 11:30:15 300 569562
28 11:30:45 2909 569153
27 11:30:45 91 569562
29 11:31:06 50 569153
30 11:40:29 41 569153
31 11:47:22 40 566000
32 11:48:25 60 566000
34 11:49:05 29 569907
33 11:49:05 6 566000
40 12:00:00 1000 570000
39 12:00:00 1000 570000
38 12:00:00 800 569999
37 12:00:00 1320 569908
36 12:00:00 20 569907
35 12:00:00 471 569907
41 12:00:26 389 570000