1 09:27:05 500 584500
2 09:33:56 200 584002
3 09:37:37 17 586900
5 09:38:18 10817 587000
4 09:38:18 183 586900
6 09:38:32 439 587000
9 09:38:48 7815 587000
8 09:38:48 443 587000
7 09:38:48 742 586900
10 09:39:02 1000 587000
21 09:56:59 74 587000
20 09:56:59 17 587000
19 09:56:59 32 587000
18 09:56:59 17 587000
17 09:56:59 39 587000
16 09:56:59 8 587000
15 09:56:59 8 587000
14 09:56:59 39 587000
13 09:56:59 40 587000
12 09:56:59 47 587000
11 09:56:59 68 587000
22 10:09:04 100 586999
23 10:09:14 96 587000
24 10:15:03 100 586200
25 10:53:04 100 588000
28 10:59:27 6 588999
27 10:59:27 18 588999
26 10:59:27 16 588999
30 11:00:03 16 588999
29 11:00:03 5 588999
33 11:04:30 477 589599
32 11:04:30 800 589590
31 11:04:30 40 589000
37 11:05:03 21 589600
36 11:05:03 92 589600
35 11:05:03 84 589600
34 11:05:03 280 589600
38 11:05:43 483 589599
39 11:13:52 60 587600
41 11:16:03 7 589900
40 11:16:03 16 589900
49 11:18:29 8 589900
48 11:18:29 16 589900
47 11:18:29 18 589900
46 11:18:29 33 589900
45 11:18:29 11 589900
44 11:18:29 16 589900
43 11:18:29 16 589900
42 11:18:29 9 589900
50 11:27:07 16 589900
62 11:27:31 8 589900
61 11:27:31 22 589900
60 11:27:31 17 589900
59 11:27:31 44 589900
58 11:27:31 13 589900
57 11:27:31 17 589900
56 11:27:31 17 589900
55 11:27:31 18 589900
54 11:27:31 17 589900
53 11:27:31 54 589900
52 11:27:31 27 589900
51 11:27:31 17 589900
63 11:33:31 35 589899
64 12:22:19 32 588202
65 12:26:59 18 588202
66 12:28:11 10 587615