1 09:43:18 10 575500
3 09:56:51 355 575001
2 09:56:51 10 575100
4 11:06:00 50 578989
5 11:06:22 1250 578990
7 11:11:33 50 575101
6 11:11:33 9 575101
8 11:12:14 1831 575101
9 11:14:15 50 578989
10 11:24:01 10 578989
12 11:36:58 20 575200
11 11:36:58 20 575200
13 11:38:56 100 575110
19 12:03:34 1000 578990
18 12:03:34 750 578990
17 12:03:34 2045 578983
16 12:03:34 50 578970
15 12:03:34 100 578969
14 12:03:34 40 578969
20 12:04:40 100 578990
21 12:05:31 600 578990
22 12:05:37 100 578990
23 12:06:53 1000 578990
24 12:07:58 1000 578990
25 12:15:15 1000 578990
26 12:16:11 1000 578990
27 12:16:26 448 578990
28 12:17:16 683 578990
29 12:19:48 9 578990
32 12:20:49 100 575131
31 12:20:49 3000 578900
30 12:20:49 75 578990
35 12:21:21 38 575102
34 12:21:21 10 575120
33 12:21:21 110 575130