1 09:07:06 100 598900
2 09:07:27 100 598900
4 09:07:35 190 598900
3 09:07:35 10 598900
8 09:42:08 53 598900
7 09:42:08 125 598900
6 09:42:08 96 598900
5 09:42:08 26 598899
11 10:11:27 143 591310
10 10:11:27 33 592000
9 10:11:27 26 592202
12 10:29:41 150 591312
15 10:30:43 500 591312
14 10:30:43 500 591312
13 10:30:43 207 591312
16 10:31:05 793 591312
17 11:11:28 207 591901
20 11:11:58 53 591900
19 11:11:58 287 591900
18 11:11:58 955 591900
21 11:21:28 21 591900
21 11:21:28 21 591900
22 11:21:39 52 591900
22 11:21:39 52 591900
23 11:26:40 43 591900
23 11:26:40 43 591900
24 11:27:18 56 591900
24 11:27:18 56 591900
25 11:29:22 1 591900
34 11:35:02 1000 591009
33 11:35:02 3000 591200
32 11:35:02 1000 591311
31 11:35:02 300 591400
30 11:35:02 500 591400
29 11:35:02 500 591410
28 11:35:02 485 591700
27 11:35:02 50 591900
26 11:35:02 22 591900
34 11:35:02 1000 591009
33 11:35:02 3000 591200
32 11:35:02 1000 591311
31 11:35:02 300 591400
30 11:35:02 500 591400
29 11:35:02 500 591410
28 11:35:02 485 591700
27 11:35:02 50 591900
26 11:35:02 22 591900
34 11:35:02 1000 591009
33 11:35:02 3000 591200
32 11:35:02 1000 591311
31 11:35:02 300 591400
30 11:35:02 500 591400
29 11:35:02 500 591410
28 11:35:02 485 591700
27 11:35:02 50 591900
26 11:35:02 22 591900
34 11:35:02 1000 591009
33 11:35:02 3000 591200
32 11:35:02 1000 591311
31 11:35:02 300 591400
30 11:35:02 500 591400
29 11:35:02 500 591410
34 11:35:02 1000 591009
33 11:35:02 3000 591200
32 11:35:02 1000 591311
31 11:35:02 300 591400
30 11:35:02 500 591400
29 11:35:02 500 591410
28 11:35:02 485 591700
27 11:35:02 50 591900
26 11:35:02 22 591900
34 11:35:02 1000 591009
33 11:35:02 3000 591200
32 11:35:02 1000 591311
31 11:35:02 300 591400
30 11:35:02 500 591400
29 11:35:02 500 591410
28 11:35:02 485 591700
27 11:35:02 50 591900
26 11:35:02 22 591900
28 11:35:02 485 591700
27 11:35:02 50 591900
26 11:35:02 22 591900
34 11:35:02 1000 591009
33 11:35:02 3000 591200
32 11:35:02 1000 591311
31 11:35:02 300 591400
30 11:35:02 500 591400
29 11:35:02 500 591410
28 11:35:02 485 591700
27 11:35:02 50 591900
26 11:35:02 22 591900
35 11:48:44 3143 591000
36 12:02:43 105 591000
39 12:27:32 300 591000
38 12:27:32 100 591000
37 12:27:32 752 591000
42 12:27:39 1349 590040
41 12:27:39 1400 590200
40 12:27:39 200 590210