1 09:23:43 600 584000
2 09:28:37 500 585099
9 09:35:00 48 582100
8 09:35:00 280 582100
7 09:35:00 21 582100
6 09:35:00 92 582100
5 09:35:00 934 582100
4 09:35:00 500 583510
3 09:35:00 125 583510
10 09:45:47 500 585000
12 09:52:09 210 583000
11 09:52:09 10 583000
13 10:11:06 290 583000
15 10:29:22 36 582400
14 10:29:22 23 582400
16 10:30:29 600 582400
17 10:31:50 40 582400
18 10:34:58 1 582311
22 10:38:45 1000 582200
21 10:38:45 50 582202
20 10:38:45 90 582310
19 10:38:45 359 582311
23 10:49:30 20000 582000
24 10:49:51 1000 582000
25 10:55:56 100 582000
26 10:57:55 2000 582000
27 11:05:01 100 582000
29 11:10:33 199 582000
28 11:10:33 301 582000
30 11:41:05 100 582000
31 11:47:30 516 581500
32 12:18:24 900 582000
33 12:19:06 500 582000
34 12:19:47 50 582000
36 12:22:34 1749 582000
35 12:22:34 23251 582000
38 12:22:36 2249 582000
37 12:22:36 22751 582000
39 12:22:37 22751 582000