1 09:56:18 1000 570102
2 09:56:31 2000 570101
3 09:57:12 167 570100
4 10:36:06 950 571000
5 10:38:18 36 571000
6 10:50:04 185 571000
10 10:54:38 18368 572000
9 10:54:38 1632 572000
8 10:54:38 23368 572000
7 10:54:38 1632 571200
12 10:54:45 18368 572000
11 10:54:45 6632 572000
14 10:54:58 9912 572000
13 10:54:58 6632 572000
20 11:45:27 20 572000
19 11:45:27 20 572000
18 11:45:27 12 572000
17 11:45:27 20 572000
16 11:45:27 12 572000
15 11:45:27 28 572000
28 11:45:28 20 572000
27 11:45:28 20 572000
26 11:45:28 20 572000
25 11:45:28 20 572000
24 11:45:28 18 572000
23 11:45:28 20 572000
22 11:45:28 20 572000
21 11:45:28 20 572000
29 11:46:47 8028 572000
32 11:59:15 29 573900
31 11:59:15 10 573900
30 11:59:15 11 573000
33 12:23:38 40 571800