2 09:00:03 3000 570147
1 09:00:03 5000 570147
3 09:33:05 98 570141
4 09:33:27 10 570141
5 09:52:48 2000 570141
6 10:06:42 419 570141
7 10:19:43 565 570141
8 11:08:52 100 570149
82 11:15:40 90 570000
81 11:15:40 254 570000
80 11:15:40 29 570000
79 11:15:40 23 570000
78 11:15:40 46 570000
77 11:15:40 52 570000
76 11:15:40 42 570000
75 11:15:40 17 570000
74 11:15:40 233 570000
73 11:15:40 80 570000
72 11:15:40 35 570000
71 11:15:40 59 570000
70 11:15:40 15 570000
69 11:15:40 17 570000
68 11:15:40 17 570000
67 11:15:40 52 570000
66 11:15:40 170 570000
65 11:15:40 20 570000
64 11:15:40 58 570000
63 11:15:40 192 570000
62 11:15:40 29 570000
61 11:15:40 42 570000
60 11:15:40 19 570000
59 11:15:40 736 570000
58 11:15:40 57 570000
57 11:15:40 36 570000
56 11:15:40 85 570000
55 11:15:40 6 570000
54 11:15:40 75 570000
53 11:15:40 68 570000
52 11:15:40 87 570000
51 11:15:40 27 570000
50 11:15:40 28 570000
49 11:15:40 133 570000
48 11:15:40 71 570000
47 11:15:40 106 570000
46 11:15:40 17 570000
45 11:15:40 54 570000
44 11:15:40 85 570000
43 11:15:40 49 570000
42 11:15:40 9 570000
41 11:15:40 24 570000
40 11:15:40 243 570000
39 11:15:40 101 570000
38 11:15:40 8 570000
37 11:15:40 66 570000
36 11:15:40 14 570000
35 11:15:40 87 570000
34 11:15:40 17 570000
33 11:15:40 14 570000
32 11:15:40 26 570000
31 11:15:40 147 570000
30 11:15:40 49 570000
29 11:15:40 52 570000
28 11:15:40 21 570000
27 11:15:40 101 570000
26 11:15:40 31 570000
25 11:15:40 14 570000
24 11:15:40 14 570000
23 11:15:40 78 570000
22 11:15:40 14 570000
21 11:15:40 129 570000
20 11:15:40 21 570000
19 11:15:40 12 570000
18 11:15:40 120 570000
17 11:15:40 68 570000
16 11:15:40 10 570000
15 11:15:40 14 570000
14 11:15:40 23 570000
13 11:15:40 133 570000
12 11:15:40 21 570000
11 11:15:40 3000 570140
10 11:15:40 700 570142
9 11:15:40 3808 570149
114 11:22:02 466 570000
113 11:22:02 208 570000
112 11:22:02 66 570000
111 11:22:02 173 570000
110 11:22:02 35 570000
109 11:22:02 143 570000
108 11:22:02 56 570000
107 11:22:02 30 570000
106 11:22:02 184 570000
105 11:22:02 22 570000
104 11:22:02 21 570000
103 11:22:02 96 570000
102 11:22:02 184 570000
101 11:22:02 64 570000
100 11:22:02 54 570000
99 11:22:02 80 570000
98 11:22:02 50 570000
97 11:22:02 210 570000
96 11:22:02 8 570000
95 11:22:02 31 570000
94 11:22:02 61 570000
93 11:22:02 59 570000
92 11:22:02 70 570000
91 11:22:02 64 570000
90 11:22:02 46 570000
89 11:22:02 98 570000
88 11:22:02 15 570000
87 11:22:02 119 570000
86 11:22:02 63 570000
85 11:22:02 224 570000
84 11:22:02 127 570000
83 11:22:02 25 570000
115 11:43:06 3000 570101
116 11:43:24 1000 566200
119 11:59:38 187 566110
118 11:59:38 10 566111
117 11:59:38 11 566111
120 12:04:25 103 566800
121 12:04:29 103 566800
122 12:04:45 69 566800
123 12:28:37 100 567000
124 12:29:06 87 567000