2 09:16:08 8400 572000
1 09:16:08 200 571999
3 09:25:41 400 572000
4 09:46:18 14000 572000
6 09:59:03 20800 572000
5 09:59:03 2200 572000
7 10:00:17 4200 572000
9 10:20:38 25000 572000
8 10:20:38 25000 572000
10 10:22:08 612 569019
11 10:34:16 9 575000
12 11:07:39 80 572000
13 11:17:13 1400 572001
14 11:18:50 4920 572000
15 11:37:49 5000 572000
16 11:59:53 10 570050
17 12:00:09 90 570022
23 12:22:24 542 570262
22 12:22:24 100 570265
21 12:22:24 3000 570265
20 12:22:24 100 570265
19 12:22:24 10 570500
18 12:22:24 60 570500
26 12:27:58 1752 570250
25 12:27:58 950 570300
24 12:27:58 1000 570303