2 09:05:18 50 592001
1 09:05:18 50 592001
8 09:06:36 249 590000
7 09:06:36 500 590000
6 09:06:36 9 590000
5 09:06:36 28 590000
4 09:06:36 200 590001
3 09:06:36 14 592000
9 09:13:09 1000 590001
13 09:20:05 10 590000
12 09:20:05 15 590000
11 09:20:05 1 590000
10 09:20:05 50 590001
16 09:25:56 94 590000
15 09:25:56 100 590001
14 09:25:56 400 590001
17 09:26:25 1000 590000
18 09:29:17 10000 590000
19 09:29:31 8906 590000
20 09:30:32 240 594997
21 09:33:52 500 590000
22 09:43:23 79 590000
23 09:44:38 6497 590000
24 09:44:49 766 590000
25 09:51:07 300 590000
26 09:51:12 434 590000
27 10:18:10 8300 591500
28 10:30:30 1000 591500
29 10:44:49 15 591500
30 10:45:10 70 591500
31 10:48:32 7875 591500
32 10:56:30 37 592950
34 11:01:46 15265 591500
33 11:01:46 7740 591500
35 11:05:20 3300 591500
37 11:05:47 18565 591500
36 11:05:47 6435 591500
38 11:05:56 5000 591500
40 11:06:13 16294 591500
39 11:06:13 1435 591500
41 11:06:16 8706 591500
42 11:12:18 40 590200
43 11:12:31 10 590010
46 11:12:42 63 592950
45 11:12:42 1294 592949
44 11:12:42 200 590010
47 11:13:52 1000 593000
48 11:19:02 140 593000
49 11:21:50 1000 593000
50 11:22:53 16303 593000
51 11:51:10 508 591000
55 11:58:27 408 590001
54 11:58:27 5000 590001
53 11:58:27 100 590001
52 11:58:27 19492 591000
58 11:58:32 250 590000
57 11:58:32 11424 590000
56 11:58:32 4592 590001
60 12:25:28 485 587010
59 12:25:28 15 589000
61 12:25:39 400 587010