1 09:17:16 533 735000
2 09:40:34 100 739100
3 09:42:55 433 739000
5 09:56:44 5433 736127
4 09:56:44 4567 736128
6 09:58:54 13840 736126
7 10:23:47 400 736501
8 10:23:49 400 736501
9 10:25:57 50 736551
10 10:28:33 1000 736551
11 10:28:44 3150 736551
12 10:29:33 80 736550
13 10:30:48 5743 736500
14 10:31:37 880 736500
15 10:37:29 3200 736500
16 10:50:56 783 736500
17 11:22:12 1400 736521
18 11:42:49 500 736530
19 11:47:37 1036 736530
20 11:56:56 2064 737000
22 11:57:53 2340 736528
21 11:57:53 10 736529
23 11:59:46 10 736999
24 12:02:52 726 736528
25 12:03:09 1000 736528
26 12:03:45 5000 736528
27 12:04:03 6000 736528
28 12:05:49 1000 736528
29 12:06:44 3000 736528
30 12:28:46 7 736529
31 12:29:13 53 736528