1 10:00:05 186 744000
2 10:00:05 1100 743159
3 10:00:05 4214 743150
4 10:08:37 1434 744001
5 10:25:16 13 747999
6 10:40:18 13 747000
7 10:44:46 554 746500
8 10:51:44 78 746500
9 10:51:44 2247 746500
10 10:56:46 7121 746500
13 11:09:44 5757 746500
12 11:09:44 17879 746500
11 11:09:44 1364 746490
14 11:09:45 19243 746500
17 11:41:26 22973 746500
16 11:41:26 1027 746499
15 11:41:26 1000 746495
19 11:41:28 22973 746500
18 11:41:28 2027 746500
20 11:41:29 2027 746500
21 11:45:06 350 745000
22 12:21:44 400 746000
23 12:29:06 200 746000
24 12:29:20 1000 746000
25 12:29:32 70 746000
26 12:29:49 100 746000
27 12:29:52 180 746000
28 12:29:53 1448 746000