2 09:11:40 24630 748664
1 09:11:40 25000 748664
3 09:15:04 60 748664
4 09:16:06 80 748664
5 09:28:49 230 748664
6 09:34:47 99 746000
7 09:35:03 800 746000
8 09:35:19 400 746000
9 09:37:21 205 745082
10 09:44:03 1 746000
11 09:53:25 1000 747000
14 10:25:10 2336 750000
13 10:25:10 16255 749999
12 10:25:10 1200 749990
15 10:25:51 230 750000
16 10:25:59 1 750000
17 10:26:14 4978 750000
19 10:32:09 5000 750000
18 10:32:09 4 748845
20 10:33:24 600 750000
21 10:38:14 13500 750000
22 10:38:17 5896 750000
23 10:51:31 5000 750000
24 10:55:22 20000 750000
25 10:56:04 180 747000
28 11:25:31 5000 750000
27 11:25:31 565 750000
26 11:25:31 180 749999
29 11:26:25 1205 750000
30 11:27:22 7983 750000
31 11:38:22 2500 750000
32 11:41:31 5000 750000
34 11:41:42 2117 750000
33 11:41:42 450 750000
35 11:54:01 1000 747014
36 12:00:32 216 746004