1 09:37:03 100 755113
2 09:37:07 153 755113
4 09:57:03 544 755252
3 09:57:03 740 755252
5 10:02:02 229 755255
10 10:31:34 400 755250
9 10:31:34 7 756013
8 10:31:34 120 756013
7 10:31:34 400 756014
6 10:31:34 491 756015
11 10:32:16 2973 754113
12 10:42:47 4303 754113
13 10:48:29 300 754117
20 11:02:04 21928 758000
19 11:02:04 1000 758000
18 11:02:04 481 758000
17 11:02:04 300 757999
16 11:02:04 7 757989
15 11:02:04 740 757989
14 11:02:04 544 756600
22 11:02:05 21928 758000
21 11:02:05 3072 758000
26 11:02:06 21928 758000
25 11:02:06 3072 758000
24 11:02:06 21928 758000
23 11:02:06 3072 758000
27 11:02:07 3072 758000
28 11:32:57 931 758000
29 11:33:50 720 758000
30 11:34:43 153 758000
31 11:51:40 8 758400
32 11:55:54 192 758400
33 12:03:46 200 758900
34 12:12:03 200 758999
35 12:12:48 50 759000
36 12:13:02 402 759980
37 12:13:19 345 759986
38 12:13:30 2000 759988
39 12:13:43 186 760000
42 12:14:00 200 760900
41 12:14:00 700 760900
40 12:14:00 200 760900
43 12:14:12 200 760990
44 12:14:24 21 763313