1 09:00:05 500 720000
2 09:00:16 108 720000
3 09:06:04 596 720999
4 09:13:29 920 720000
5 09:13:40 222 720999
6 09:18:02 10 720000
7 09:28:49 10 725000
8 09:41:24 206 720029
9 09:41:32 8 725000
10 10:18:04 15000 723000
11 10:30:19 393 723000
12 10:53:14 700 720617
13 10:55:20 2000 720617
14 10:55:41 90 720617
15 10:56:02 1400 720617
16 10:56:37 12 720617
19 10:56:52 888 720169
18 10:56:52 10 720200
17 10:56:52 330 720200
21 10:58:41 284 720617
20 10:58:41 1741 720617
22 11:15:18 1000 723000
23 11:16:39 100 723000
24 11:26:59 679 720680
25 11:28:16 321 720680
26 11:28:29 90 720510
27 11:28:43 978 720510
29 11:39:20 191 720100
28 11:39:20 10 720100
30 11:48:23 15 721800
33 11:55:58 1903 723000
32 11:55:58 10 722999
31 11:55:58 985 721800
34 12:17:53 30 720400
38 12:27:58 10 720100
37 12:27:58 700 720399
36 12:27:58 203 720400
35 12:27:58 220 720400
39 12:28:07 267 719710