1 09:04:03 130 745010
2 09:04:24 1000 745009
3 09:04:24 756 745006
4 09:15:21 500 745017
6 09:26:52 6628 745020
5 09:26:52 500 745022
7 09:44:19 100 744002
8 09:44:19 315 744000
9 09:51:32 3951 744200
10 09:51:50 1723 744200
11 09:52:08 1754 744200
12 09:53:49 27 744200
13 09:56:12 170 744000
14 09:58:19 17 744200
15 10:04:15 20 747721
16 10:30:35 24515 744000
17 11:13:01 40 744000
18 11:43:57 260 744000
19 11:43:57 5757 744000
20 11:44:22 54 744000
21 11:55:34 200 744000
22 12:14:26 7 747000
24 12:19:20 1293 744001
23 12:19:20 7 744002
25 12:21:02 2093 746060
26 12:21:11 180 747600
27 12:21:11 221 747600
28 12:21:21 2700 747721
29 12:21:29 8000 749000
34 12:21:49 40 750150
33 12:21:49 24670 750150
32 12:21:49 150 750000
31 12:21:49 50 750000
30 12:21:49 130 749990
35 12:23:14 927 744002