1 09:18:23 45 734500
2 09:42:12 300 734600
4 09:44:52 2845 734501
3 09:44:52 155 734600
5 09:47:15 20000 734501
6 09:54:41 9 734516
7 09:58:14 9 734553
9 10:07:21 15018 734600
8 10:07:21 9982 734600
10 10:07:22 9982 734600
12 10:17:01 15010 734600
11 10:17:01 8 734601
13 10:17:24 9990 734600
14 10:17:24 10000 734600
15 10:18:32 5010 734600
19 10:51:10 126 734600
18 10:51:10 3000 734600
17 10:51:10 10000 734610
16 10:51:10 10000 734611
20 10:54:01 1874 734600
21 11:11:19 10000 734626
22 11:30:24 30 737000
23 11:34:41 10000 734631
24 11:34:41 6000 734630
25 11:34:41 9000 734588
26 11:34:51 16000 734588
27 11:35:04 12853 734587
28 11:35:14 12147 734587
29 11:35:14 12853 734586
30 11:35:22 12147 734586
31 11:35:22 12853 734586
32 11:36:40 12147 734586
33 11:36:43 30 734586
34 11:38:13 77 722223
35 11:47:50 230 736000
36 11:47:50 1000 736900
37 11:47:50 2770 736997
38 12:00:17 1000 734605
39 12:13:37 1681 734500
40 12:23:44 83 734400
41 12:23:51 8 734400