1 09:03:58 813 737003
4 09:24:36 11784 738532
3 09:24:36 497 738539
2 09:24:36 200 738539
5 09:41:20 8 740000
6 09:45:33 107 740000
7 09:45:51 785 740000
8 09:46:05 100 740000
10 10:06:56 78 740007
9 10:06:56 19 740007
11 10:07:11 1166 740007
18 10:36:41 1000 749000
17 10:36:41 80 749000
16 10:36:41 2000 748999
15 10:36:41 1166 748000
14 10:36:41 21 745000
13 10:36:41 100 745000
12 10:36:41 518 743000
19 10:44:22 2471 740903
20 10:44:37 439 740903
21 10:46:24 2910 748999
23 10:46:41 10592 749000
22 10:46:41 1389 749000
26 10:49:42 10000 749990
25 10:49:42 78 749990
24 10:49:42 19 749990
27 10:56:37 10000 749900
28 11:06:48 10000 749900
29 11:18:47 887 743562
30 11:23:58 887 749700
31 11:24:10 10000 749900
32 11:46:39 10000 749990
33 11:49:17 2300 747300
34 12:06:49 155 744150
35 12:07:13 642 744150
38 12:20:41 10000 749999
37 12:20:41 632 749970
36 12:20:41 155 749960
39 12:21:02 10 749999
40 12:22:20 3 749999
43 12:22:37 383 750000
42 12:22:37 4089 750000
41 12:22:37 100 750000