1 09:09:11 1359 708000
2 09:17:06 10 705100
3 09:17:07 485 705100
4 09:17:36 8670 708000
5 09:24:12 670 708000
6 09:48:07 300 708000
7 10:18:17 7116 707000
8 10:33:59 4000 707001
9 10:40:49 2900 707001
10 10:43:20 598 709790
11 10:43:20 2500 709800
12 10:45:22 121 709800
13 10:53:17 2300 709800
15 10:53:45 103 707003
14 10:53:45 4481 709800
16 11:03:01 2610 707003
19 11:04:06 8092 709000
18 11:04:06 900 709000
17 11:04:06 30 708999
20 11:04:35 884 709000
21 11:10:32 2327 709000
22 11:29:54 100 710000
24 11:33:29 2500 710000
23 11:33:29 100 710000
24 11:33:29 2500 710000
23 11:33:29 100 710000
25 11:55:54 963 709001
26 12:13:53 2939 709101
27 12:24:00 4 709112
30 12:24:23 500 711100
29 12:24:23 2500 711099
28 12:24:23 28 711080
31 12:26:29 20 709112
32 12:26:36 1493 709112
33 12:28:22 1700 709112