1 09:17:08 258 751999
2 09:19:28 3500 750453
3 09:19:28 463 750453
6 10:22:46 2238 752000
5 10:22:46 260 751990
4 10:22:46 1000 751500
7 10:26:16 12 750455
8 10:40:22 197 751140
9 10:40:55 359 751140
10 10:47:17 143 750453
11 10:48:07 457 750453
12 11:05:42 20 751900
13 11:25:24 98 751000
14 11:25:28 98 751000
15 11:25:28 1405 750501
16 11:25:32 98 750501
17 11:25:35 711 750500
18 11:25:57 40 750500
19 11:26:10 37 750463
23 11:51:50 425 750505
22 11:51:50 1070 750506
21 11:51:50 133 750513
20 11:51:50 3 750600
24 12:18:02 333 750600
25 12:18:02 1588 750505
26 12:23:44 3520 750505
27 12:23:48 721 750505
28 12:23:54 197 750505