1 09:07:25 90 753315
2 09:21:35 454 753318
3 10:08:02 281 753401
4 10:08:02 10 753401
5 10:08:43 200 753400
6 10:09:58 389 753321
7 10:10:05 31 753400
8 10:17:06 2973 754000
9 10:31:42 1000 754000
10 10:32:55 3169 754000
11 10:43:52 969 754000
12 11:23:50 1000 754001
13 11:27:57 6000 754001
14 11:29:08 2696 754000
15 11:46:07 139 756000
16 11:46:07 735 757997
17 11:46:07 389 757998
18 11:46:07 2600 758000
19 11:46:07 6000 758000
20 11:46:07 6000 758000
21 11:46:07 2000 758500
22 11:52:06 738 754008
23 11:52:06 862 754007
24 11:54:17 518 754007
25 12:11:28 200 754031
26 12:11:28 1198 754027
27 12:13:26 5422 754027
28 12:15:46 55 754027