2 09:37:02 25000 761000
1 09:37:02 25000 761000
3 09:38:53 200 761000
5 09:40:18 300 761000
4 09:40:18 400 761001
6 09:40:51 300 761000
7 09:41:45 1011 761000
11 09:45:24 23589 761000
10 09:45:24 1411 761000
9 09:45:24 23189 761000
8 09:45:24 400 761001
12 09:46:02 1411 761000
13 10:12:45 42 756300
14 10:53:06 177 758000
15 11:12:47 50 758001
17 11:23:56 1921 758000
16 11:23:56 350 758001
18 11:48:33 13 758000
19 12:03:07 2307 758000
20 12:07:21 5000 758000
22 12:11:52 701 758000
21 12:11:52 213 758010
23 12:17:49 86 758000
24 12:20:28 3000 758000
25 12:23:15 30 758000