1 09:13:08 4162 732700
2 09:27:23 4000 732256
4 09:28:34 430 732700
3 09:28:34 10 732700
5 09:41:36 5000 732700
6 09:49:46 614 732555
7 09:51:10 700 732555
8 09:55:56 519 732555
9 09:58:43 1000 732555
10 10:06:51 28 732555
11 10:12:05 200 732555
12 10:35:30 342 732562
13 10:49:05 1661 732597
14 10:50:30 500 732618
15 10:50:47 8339 732621
16 10:50:47 4158 732620
17 10:54:42 303 732564
18 10:56:32 1000 732564
19 11:07:09 80 732576
20 11:16:35 50 732589
21 11:21:17 100 732590
22 11:28:59 200 732699
23 11:29:04 100 732701
24 11:29:09 100 732711
25 11:29:17 90 732999
26 11:29:38 490 732700
27 11:34:05 15 732593
28 11:36:50 200 732593
29 12:29:33 150 732594