1 09:11:32 508 747600
2 09:29:43 700 750000
3 09:33:06 1100 753000
5 10:31:56 751 750300
4 10:31:56 15 750300
6 11:14:53 6319 750300
7 11:23:52 3039 750300
8 11:25:16 14891 750300
9 11:26:05 195 750300
10 11:31:53 1283 750300
11 11:46:16 17930 750300
20 11:51:19 23391 756000
19 11:51:19 1609 756000
18 11:51:19 23391 756000
17 11:51:19 1609 756000
16 11:51:19 23391 756000
15 11:51:19 50 755000
14 11:51:19 509 753000
13 11:51:19 900 753000
12 11:51:19 150 752998
23 11:51:21 1033 756000
22 11:51:21 23391 756000
21 11:51:21 1609 756000
24 12:26:17 7433 751400