1 09:02:38 398 746004
2 09:06:43 705 741200
4 09:26:01 527 744342
3 09:26:01 800 744344
5 09:27:11 103 744304
6 09:27:11 4307 744302
7 09:28:02 693 744302
9 09:30:18 5500 744320
8 09:30:18 1500 744329
10 09:31:04 990 744313
11 09:32:59 988 743812
12 09:35:41 100 744001
13 09:36:04 912 744001
15 09:38:02 200 744100
14 09:38:02 200 744100
16 09:39:55 300 744124
17 09:41:34 200 744140
18 09:42:58 200 744142
19 09:44:42 240 744161
20 09:46:35 988 744175
21 09:46:35 2311 744173
22 09:48:05 980 745000
23 09:48:44 150 745000
24 09:49:53 5 744202
25 09:50:25 200 744203
26 09:51:01 788 744205
27 09:51:19 200 744205
28 09:52:11 709 744207
29 09:52:15 141 744207
30 09:53:34 195 744210
31 09:55:22 100 744210
32 09:55:53 16 746500
33 09:56:43 14 746500
34 09:57:34 45 746400
35 09:58:31 11 746400
36 09:59:19 21 746400
37 10:00:02 659 744209
37 10:00:02 659 744209
38 10:00:24 14 746400
38 10:00:24 14 746400
39 10:02:06 18 745000
40 10:03:29 1300 744300
42 10:04:16 300 744200
41 10:04:16 5000 744201
43 10:04:41 100 744200
44 10:04:52 30 744200
44 10:04:52 30 744200
45 10:06:19 50 744139
46 10:07:22 31 744500
48 10:09:04 90 744136
47 10:09:04 1900 744136
49 10:10:39 10 744136
50 10:12:12 18 744136
51 10:15:10 909 746200
52 10:15:10 1130 746200
53 10:15:14 270 746500
54 10:21:08 100 744167
55 10:22:51 26 745000
56 10:33:37 98 745300
57 10:43:55 1000 746000
58 10:52:15 2603 745301
59 10:55:47 1163 745301
60 10:57:47 414 745301
61 11:23:40 1000 745301
62 11:28:31 10 745400
63 11:31:35 6000 746500
64 11:31:35 100 748410
65 11:31:35 540 748410
66 11:31:35 400 748420
67 11:31:35 14 748483
68 11:31:35 45 748483
69 11:31:35 11 748483
70 11:31:35 21 748483
71 11:31:35 14 748483
72 11:31:35 18 748483
73 11:31:35 16 748484
74 11:32:05 3539 748998
75 11:32:05 709 748998
76 11:32:05 1500 749500
77 11:32:05 8731 749568
78 11:32:05 630 749989
79 11:32:05 1978 749998
80 11:32:28 1000 751990
81 11:32:28 8900 751996
82 11:32:28 3551 751999
83 11:32:28 2000 752000
84 11:38:30 1080 745535
85 11:38:38 3500 745531
86 11:47:05 4300 745577
89 11:48:14 5500 752000
88 11:48:14 1080 751900
87 11:48:14 3500 749998
90 11:50:44 4300 752000
91 11:59:52 1098 749999
92 11:59:52 5000 750000
93 12:03:26 4900 747009
94 12:03:33 3500 747009
95 12:03:33 3500 747009
96 12:03:44 709 747009
97 12:03:45 929 747009
98 12:03:55 35 747009
99 12:04:00 4000 747009
100 12:04:11 500 747009
101 12:04:16 1101 747009
102 12:04:22 1000 747009
103 12:04:51 1000 745649
104 12:05:00 15 745649
105 12:05:06 3811 745649
107 12:05:54 700 745681
106 12:05:54 200 745682
108 12:06:05 200 745680
109 12:06:09 1000 745680
110 12:06:12 3332 745680
111 12:06:20 50 745680
112 12:06:21 100 745680
113 12:06:29 211 745680
114 12:06:40 5000 745680
115 12:06:53 44 745680
116 12:07:04 4000 745680
117 12:07:09 688 745680
125 12:08:56 50 749950
124 12:08:56 1312 749880
123 12:08:56 709 749870
122 12:08:56 3535 749870
121 12:08:56 2100 749800
120 12:08:56 5844 749500
119 12:08:56 3332 749499
118 12:08:56 400 749490
131 12:09:03 8000 751999
130 12:09:03 5000 751998
129 12:09:03 1000 751998
128 12:09:03 44 751990
127 12:09:03 1896 751000
126 12:09:03 5000 750000
132 12:09:26 8499 752000
135 12:21:36 19003 751000
134 12:21:36 5000 751000
133 12:21:36 997 750999
136 12:21:37 5997 751000
137 12:24:07 5000 751000
138 12:24:07 2000 751000