1 09:02:39 133 706400
2 09:07:28 63 706396
3 09:16:44 300 706400
4 09:17:10 897 706396
5 09:18:51 872 706396
6 09:27:24 282 706396
7 09:27:34 7056 706396
8 09:42:12 432 706396
9 09:42:15 2206 706396
10 09:48:53 1315 706396
11 09:54:48 400 706396
12 09:57:39 2585 706800
13 10:03:22 35 706396
14 10:24:39 660 706989
15 10:39:56 17332 706989
16 10:40:42 91 706999
17 10:44:38 372 706396
18 11:01:40 16962 706732
19 11:01:40 1000 706990
20 11:01:50 1669 706999
21 11:09:07 4000 707000
22 11:12:04 660 707000
23 11:13:23 107 707000
24 11:19:02 116 707000
25 11:19:10 200 707000
26 11:23:55 796 707000
27 11:55:51 100 707999
28 11:57:01 43 707999
29 11:57:08 363 707999
30 12:01:19 369 707000
32 12:02:46 705 708000
33 12:02:46 2500 708000
31 12:02:46 828 708000
34 12:11:42 994 708000
35 12:13:54 1500 709990
36 12:13:54 31 709999
37 12:13:54 500 710000
38 12:13:54 500 710000
39 12:13:54 240 710000
40 12:13:54 1635 710000
41 12:13:54 971 711000
42 12:13:54 300 712000
43 12:13:54 30 713000
44 12:13:54 20 713700
45 12:16:26 100 716000
46 12:16:37 3000 716000
47 12:17:39 150 716000
48 12:18:59 100 716000
49 12:19:52 100 716000
50 12:20:53 629 716000
51 12:21:30 194 716000
53 12:23:45 514 708000
52 12:23:45 196 708001