2 09:00:05 3 720012
1 09:00:05 530 720012
4 09:18:12 52 723000
3 09:18:12 8 723953
5 09:33:38 300 723099
6 09:39:41 530 724918
7 09:39:54 354 724919
8 10:00:49 500 724844
9 10:06:17 250 724851
10 10:17:42 700 723621
11 10:24:40 157 723621
12 10:26:08 500 724133
13 10:46:26 10 726000
15 10:46:35 1000 726000
14 10:46:35 490 726000
16 10:50:04 500 726000
18 10:57:44 11600 726000
17 10:57:44 500 725999
19 11:07:28 1000 726000
20 11:11:24 3 726000
22 11:12:32 8636 725541
21 11:12:32 7 726000
24 11:31:18 2400 725531
23 11:31:18 100 726000
25 11:32:30 100 726000
28 11:32:38 4355 726960
27 11:32:38 500 726959
26 11:32:38 32 726000
32 11:32:52 1170 728879
31 11:32:52 9000 728877
30 11:32:52 300 727000
29 11:32:52 90 726970
33 11:37:56 500 726500
39 11:39:28 3060 728996
38 11:39:28 500 728900
37 11:39:28 62 728900
36 11:39:28 200 728885
35 11:39:28 50 728885
34 11:39:28 166 728500
42 11:39:33 2390 729999
41 11:39:33 1690 729980
40 11:39:33 400 729900
43 11:44:36 2200 729000
44 11:44:43 500 729999
45 12:19:57 500 727100
46 12:25:10 500 727111
47 12:28:20 500 727111
48 12:29:11 594 727101