5 09:04:28 5000 750500
4 09:04:28 110 753315
3 09:04:28 15 754000
2 09:04:28 75 756110
1 09:04:28 200 756590
7 09:04:48 486 734657
6 09:04:48 1 748205
8 09:33:25 486 756013
14 09:38:46 136 761000
13 09:38:46 2042 761000
12 09:38:46 1512 760990
11 09:38:46 200 760990
10 09:38:46 4134 760990
9 09:38:46 1397 760990
15 10:10:04 400 757022
20 10:40:00 200 764999
19 10:40:00 100 760999
18 10:40:00 14594 760728
17 10:40:00 400 760727
16 10:40:00 160 759999
21 11:17:18 100 757035
22 11:55:44 210 759013
24 12:29:23 756 758113
23 12:29:23 400 758115