3 09:14:43 2750 714509
2 09:14:43 150 715000
1 09:14:43 100 715001
4 09:14:51 9 719980
6 09:16:06 2777 714509
5 09:16:06 223 714510
8 09:17:00 200 714500
7 09:17:00 3100 714511
9 09:17:01 700 714500
11 09:44:34 591 718488
10 09:44:34 42 718488
12 09:51:43 95 718498
13 09:57:17 58 718497
16 09:57:20 1960 718500
15 09:57:20 2798 718499
14 09:57:20 105 718498
18 10:03:39 1704 718000
17 10:03:39 300 717999
19 10:04:07 896 718500
21 10:04:28 1489 716203
20 10:04:28 501 716203
26 10:07:24 2534 716202
25 10:07:24 2001 716210
24 10:07:24 1501 716210
23 10:07:24 501 716210
22 10:07:24 1700 716216
27 10:08:12 438 716203
28 10:11:38 333 716207
30 10:13:08 675 716210
29 10:13:08 501 716210
31 10:15:45 300 717800
32 10:16:17 231 717999
33 10:21:40 200 718000
34 10:27:06 4000 718000
35 10:28:51 1569 718100
36 10:35:13 80 718110
37 10:36:05 15 718110
38 10:43:46 426 718130
41 10:46:49 1431 718100
40 10:46:49 509 718130
39 10:46:49 90 718140
42 10:48:50 3000 718100
43 10:48:54 1175 718100
44 10:51:20 18200 718101
47 11:07:52 10 718500
46 11:07:52 1159 718500
45 11:07:52 144 718500
49 11:14:29 5153 718111
48 11:14:29 30 718111
50 11:18:51 461 718111
55 11:41:24 3000 719980
54 11:41:24 650 719900
53 11:41:24 2000 719900
52 11:41:24 500 719500
51 11:41:24 100 719490
56 11:45:43 148 719980
58 11:48:01 597 718130
57 11:48:01 170 718135
59 11:54:04 300 718130
60 11:58:22 75 718130
61 12:14:32 105 718140