1 09:20:28 100 752000
2 09:21:10 100 755460
3 09:23:51 100 755450
4 09:23:51 1800 755460
5 09:29:05 380 755000
6 09:29:15 100 756000
7 09:55:23 200 756000
9 10:10:41 500 754102
8 10:10:41 1070 754103
10 10:10:51 430 754102
13 10:12:07 673 755460
12 10:12:07 1797 755459
11 10:12:07 100 755100
14 10:13:20 889 755000
17 10:19:52 1997 756000
16 10:19:52 100 755990
15 10:19:52 838 755460
19 11:31:21 1216 756000
18 11:31:21 1997 755999
20 11:58:10 1811 755000
21 12:09:26 300 755000
24 12:13:57 2400 758990
23 12:13:57 1721 757450
22 12:13:57 1997 757449
26 12:26:22 1375 757999
25 12:26:22 5304 757998
29 12:29:55 2844 755300
28 12:29:55 61 755600
27 12:29:55 30 755600