1 09:27:45 419 729000
2 09:39:31 100 729002
3 09:41:05 42 729003
4 09:42:14 200 729001
5 09:45:08 350 729001
6 09:46:12 411 729001
7 09:46:52 589 729001
8 09:47:36 1187 729001
10 09:53:18 15000 729001
9 09:53:18 10000 729002
12 09:53:20 17779 729001
11 09:53:20 7221 729001
13 09:53:35 7221 729001
14 09:53:59 7659 729001
17 09:58:29 805 730000
16 09:58:29 985 729999
15 09:58:29 790 729999
18 10:24:43 1000 730500
19 11:01:12 350 730000
23 11:13:27 586 730999
22 11:13:27 155 730997
21 11:13:27 155 730997
20 11:13:27 145 730997
24 11:47:17 500 730000
25 11:51:36 133 730000