1 09:07:30 8 730000
2 09:08:15 42 730000
3 09:25:27 600 733000
4 09:25:27 10 733000
5 09:27:20 200 733000
6 09:30:35 13 733000
8 09:44:37 23 732528
7 09:44:37 177 733000
9 10:32:12 345 732851
10 10:34:07 1484 732851
11 10:36:15 306 732851
12 10:38:21 346 732851
13 10:47:25 1400 732711
15 10:49:56 13881 732710
14 10:49:56 11119 732711
16 10:51:23 212 732710
19 10:54:48 5000 732700
18 10:54:48 5000 732700
17 10:54:48 10884 732701
20 10:56:26 4116 732201
21 10:57:15 13196 732201
24 11:00:18 9302 732201
23 11:00:18 7688 732201
22 11:00:18 10 733000
25 11:26:23 60 732601
26 11:34:32 300 732701
27 11:57:24 10 732711
28 11:58:55 10 732713
29 11:59:00 10 732715
30 11:59:27 10 732701
31 12:02:10 1 732701
32 12:03:08 55 732701
33 12:06:34 250 732701
34 12:06:39 2061 732701