1 09:22:34 2170 707009
2 09:22:55 8 710000
4 09:29:11 519 708000
3 09:29:11 100 708000
5 09:50:07 100 709500
6 09:50:08 447 709500
7 10:24:58 285 709000
8 10:25:09 54 709000
11 10:30:10 229 709000
10 10:30:10 10 709100
9 10:30:10 160 709200
12 10:30:20 90 709000
17 10:44:55 2450 710000
16 10:44:55 150 710000
15 10:44:55 50 709990
14 10:44:55 2880 709990
13 10:44:55 180 709990
18 10:49:21 6000 709021
19 10:49:22 2000 709021
20 10:57:59 50 710000
23 11:05:00 576 711000
22 11:05:00 50 710999
21 11:05:00 2000 710990
24 11:22:43 374 711000
25 11:25:00 1517 709101
26 11:25:23 5739 711000
28 11:34:24 648 710000
27 11:34:24 261 710111
30 12:14:23 3315 710000
29 12:14:23 3785 710000
32 12:22:44 2503 712000
31 12:22:44 1352 711000