5 09:52:57 1863 753616
4 09:52:57 10 753700
3 09:52:57 1000 753710
2 09:52:57 300 753710
1 09:52:57 200 753720
6 09:55:39 400 753625
7 09:55:59 400 753624
8 09:56:08 338 753624
9 09:56:20 100 753625
10 10:29:32 210 753717
11 10:40:44 527 753719
12 10:41:05 1500 753719
13 10:41:27 98 753719
14 10:44:21 20 753719
15 10:44:39 10 753719
16 10:46:19 345 753719
22 11:00:40 2104 758800
21 11:00:40 8055 758799
20 11:00:40 1936 758799
19 11:00:40 1070 758779
18 11:00:40 737 758778
17 11:00:40 830 757729
23 11:16:23 133 753730
24 11:51:16 607 753749
25 11:51:36 73 753749
26 12:12:02 329 753751