1 09:00:05 1550 741009
2 09:00:05 20 741009
3 09:53:46 2 745270
4 09:54:45 1550 747889
5 09:54:45 1000 747890
7 09:56:22 1000 747990
6 09:56:22 200 747990
8 09:57:06 10000 747990
9 09:57:37 5000 747990
10 10:26:06 310 745281
11 10:27:08 10 745283
12 10:27:26 1935 745283
13 10:58:02 205 745301
14 11:49:02 30 749900
15 11:49:02 2450 749900
16 11:49:11 997 749999
17 11:49:11 2011 750000
18 12:19:34 6530 746003
19 12:19:42 10 748000
23 12:24:04 5000 751700
22 12:24:04 1000 751400
21 12:24:04 6444 751390
20 12:24:04 4990 748000
24 12:27:24 3414 752000