6 09:43:29 41 735000
5 09:43:29 215 733000
4 09:43:29 2087 730000
3 09:43:29 1107 730000
2 09:43:29 269 730000
1 09:43:29 50 730000
7 09:44:45 130 735000
8 09:47:28 240 735000
9 09:48:48 400 735000
10 09:48:56 461 735000
11 10:04:39 80 727599
12 10:05:49 491 729000
15 10:06:39 1693 734970
14 10:06:39 1000 734000
13 10:06:39 2307 729000
16 10:16:08 200 727000
17 10:16:22 259 727000
18 10:35:21 671 727559
19 10:41:55 229 727559
20 10:42:03 899 727559
21 10:47:25 243 727019
22 10:56:07 6 727029
28 11:02:05 2000 735000
27 11:02:05 3 734970
26 11:02:05 408 734940
25 11:02:05 1097 734500
24 11:02:05 1000 734500
23 11:02:05 5000 734444
29 11:04:15 192 735000
30 11:04:43 10000 730000
31 11:19:27 336 727560
32 11:42:09 900 727619
33 11:42:17 782 727619
34 11:45:04 464 732000
35 11:45:04 336 734900
36 11:45:04 1000 734900
37 11:45:04 1200 735000
38 11:45:04 3733 736000
39 11:45:12 680 736000
40 11:47:44 500 736000
41 11:53:37 483 736000
42 12:21:41 540 736900
43 12:21:41 500 736999
44 12:21:41 50 737000
45 12:22:38 514 737000