1 09:02:28 529 753317
2 09:23:30 210 754359
3 09:29:27 154 754512
4 09:29:46 31 754512
5 09:43:51 1000 755520
6 09:54:07 388 755532
8 10:22:44 100 756000
7 10:22:44 200 756010
9 10:24:01 1000 756000
10 10:26:32 200 756000
11 10:30:43 31 756000
14 10:44:16 10 757000
13 10:44:16 3605 757000
12 10:44:16 1000 757000
15 10:47:25 598 757000
17 11:03:07 480 757010
16 11:03:07 100 757010
18 11:18:29 300 757010
19 11:30:26 700 757010
20 11:55:29 294 758000
21 11:55:54 676 758000
23 11:57:16 23183 758000
22 11:57:16 1817 758000
25 11:57:18 23183 758000
24 11:57:18 1817 758000
28 11:57:20 13183 758000
27 11:57:20 10000 758000
26 11:57:20 1817 758000
30 11:57:25 13000 758000
29 11:57:25 11817 758000
31 12:15:08 740 757010
32 12:22:18 183 757010
36 12:25:07 1000 759998
35 12:25:07 1085 759997
34 12:25:07 7 758966
33 12:25:07 90 758966
37 12:27:07 300 757010