1 09:01:34 150 715000
2 09:02:09 550 715000
6 09:04:26 505 712139
5 09:04:26 1424 712140
4 09:04:26 200 712150
3 09:04:26 400 712160
7 09:14:50 100 712600
9 09:16:59 3 712600
8 09:16:59 497 712601
10 09:18:46 500 712602
12 09:20:02 499 712604
11 09:20:02 501 712604
13 09:20:10 50 714897
15 09:21:06 499 712607
14 09:21:06 501 712607
16 09:21:13 501 712607
17 09:21:14 922 712607
19 09:23:27 499 712615
18 09:23:27 501 712615
20 09:24:44 123 712620
21 09:26:17 300 712619
22 09:26:25 1000 712619
24 09:28:00 499 712624
23 09:28:00 501 712624
25 09:29:28 1000 712631
31 09:29:38 1602 715000
30 09:29:38 500 714899
29 09:29:38 153 714898
28 09:29:38 565 714897
27 09:29:38 150 714897
26 09:29:38 27 714896
33 09:30:00 932 712632
32 09:30:00 68 712633
34 09:30:27 312 712632
36 09:32:30 1000 712633
35 09:32:30 200 712634
37 09:37:47 50 714999
40 09:38:11 600 715000
39 09:38:11 31 715000
38 09:38:11 70 714999
41 10:16:38 10 715000
42 10:28:20 865 715000
43 10:32:09 125 715000
44 10:39:22 25 714019
46 10:44:02 9 715000
45 10:44:02 141 715000
48 10:54:29 1360 717000
47 10:54:29 640 716999
49 11:07:25 1000 715500
52 11:07:37 370 715002
51 11:07:37 1000 715111
50 11:07:37 425 715113
53 11:07:39 20 714029
54 11:14:46 90 716999
55 11:46:07 100 715500
57 11:57:55 597 715500
56 11:57:55 340 715499
59 11:58:51 268 715900
58 11:58:51 100 715890
60 12:07:28 382 714350
61 12:13:01 41 717440
63 12:20:21 600 717396
62 12:20:21 200 717395
64 12:21:08 600 717479
66 12:22:38 2780 717480
65 12:22:38 20 717479
67 12:27:19 600 714499
68 12:29:47 3060 714700