3 09:09:56 111 716003
2 09:09:56 100 716003
1 09:09:56 14 716004
4 09:10:26 111 725032
5 10:00:37 10 730000
6 10:00:45 390 726000
7 10:37:45 100 732000
8 10:41:50 190 726010
9 11:43:04 400 730000
11 12:03:23 92 728000
10 12:03:23 10 728000
12 12:05:27 2 728000
13 12:07:11 238 728000
14 12:08:37 300 727045
15 12:08:37 20 727010
16 12:08:37 430 726110
17 12:08:41 70 728000
18 12:08:50 100 726110
19 12:12:11 200 728000
21 12:12:34 10 727998
20 12:12:34 8 727998
22 12:13:26 40 727990
23 12:24:17 1770 726564
24 12:27:55 600 726564
25 12:29:15 522 726564