1 09:00:03 1060 741000
2 09:00:03 120 741000
3 09:00:03 20 741000
5 09:36:30 831 741153
4 09:36:30 75 741210
7 09:50:34 413 741201
6 09:50:34 87 741205
8 10:01:25 400 741205
9 10:01:25 400 741203
10 10:43:57 20 742000
16 10:59:08 2284 746900
15 10:59:08 18492 746000
14 10:59:08 1000 746000
13 10:59:08 1644 745995
12 10:59:08 1180 745994
11 10:59:08 400 745499
17 10:59:13 15000 746900
18 10:59:24 3818 746900
19 11:07:28 1000 747000
20 11:32:13 680 747000
21 11:32:13 6981 747000
22 11:56:46 27 749500
23 11:56:46 24973 749500
24 12:12:01 1350 743500
25 12:18:24 430 743500
26 12:19:19 175 743500
31 12:22:48 22583 749500
30 12:22:48 75 749390
29 12:22:48 1955 749385
28 12:22:48 87 749385
27 12:22:48 300 744990
33 12:22:49 27 749500
34 12:22:49 10666 749500
32 12:22:49 2417 749500
35 12:26:50 200 748000
36 12:26:50 24800 749500
37 12:26:54 200 749500