1 09:30:44 290 708002
3 09:40:48 129 708003
2 09:40:48 10 708004
5 10:00:23 740 708003
4 10:00:23 10 708004
8 10:03:41 615 710000
7 10:03:41 2054 709990
6 10:03:41 511 709000
9 10:16:37 972 710000
10 10:18:44 611 710000
11 10:27:42 234 710000
12 10:30:47 809 710000
13 10:36:29 5732 710000
14 10:43:38 657 710000
15 10:43:41 1667 710000
16 10:44:36 2093 710000
17 10:46:33 745 710000
18 10:48:58 438 710000
19 10:51:15 4660 710000
20 10:58:56 3202 710000
21 10:58:56 120 710000
22 10:59:11 10 708100
23 10:59:11 1682 708100
24 10:59:11 996 708003
25 10:59:11 5380 708002
26 10:59:11 104 708001
27 10:59:11 104 708001
28 10:59:11 842 708000
31 11:09:55 9 708100
32 11:09:55 18911 708100
30 11:09:55 70 708100
29 11:09:55 10 708100
33 11:14:51 247 708500
34 11:17:54 214 708500
39 11:51:18 21 708100
38 11:51:18 1000 708100
37 11:51:18 22 708100
36 11:51:18 8 708100
35 11:51:18 10 708100
40 11:51:19 1998 708100
41 11:58:18 297 708999
44 12:13:15 990 708000
43 12:13:15 1000 708010
42 12:13:15 10 708010
45 12:27:28 23168 708000
46 12:27:28 8 708000
47 12:27:30 200 708000
48 12:28:09 10 707674
49 12:28:10 60 707674