1 09:00:04 324 713022
2 09:00:41 116 715000
5 09:05:29 88 713021
4 09:05:29 419 713022
3 09:05:29 20 713023
6 09:18:11 205 713023
7 09:29:03 809 713023
8 09:34:24 109 713023
9 10:15:24 10 713023
10 10:17:31 50 713020
11 10:29:06 783 709012
12 10:41:07 95 709014
13 10:52:00 640 709501
14 10:52:17 1237 709501
15 10:52:45 912 709501
16 11:01:24 2000 709500
17 11:01:24 700 709017
18 11:01:24 1000 709016
19 11:01:24 1000 709016
20 11:01:41 883 709015
21 11:12:08 317 709015
22 11:12:08 8 709015
23 11:12:14 1000 709015
25 11:12:53 10 708550
24 11:12:53 10 708550
26 11:17:00 1415 708550
27 11:30:05 10 708100
28 11:30:05 60 708100
30 11:42:22 16 708110
29 11:42:22 100 708110
31 11:46:53 500 708120
32 11:46:53 1500 708120
38 11:51:15 1000 708000
37 11:51:15 1500 708100
36 11:51:15 300 708100
35 11:51:15 500 708120
34 11:51:15 100 708125
33 11:51:15 100 708130
39 11:52:58 12 708000
40 11:53:49 2000 708000
41 11:55:38 45 708000
42 11:56:01 34 708000
43 11:57:53 18 708000
44 11:59:17 45 708000
47 12:08:38 100 707000
46 12:08:38 150 707100
45 12:08:38 10 707110
48 12:12:16 168 707000
49 12:12:56 10 707000
50 12:15:16 10 707000
51 12:17:21 39 706139
52 12:17:43 14 707000
55 12:17:54 284 706044
54 12:17:54 2700 706139
53 12:17:54 161 706139
57 12:20:02 963 706044
56 12:20:02 300 706049
58 12:21:29 9 706045
59 12:21:37 614 706045
60 12:23:58 50 707000
61 12:28:23 260 707000
62 12:28:56 37 708000
63 12:28:56 100 708000
64 12:28:56 1664 709700
65 12:28:56 3600 709790