1 09:10:24 100 709927
3 09:28:47 209 709927
2 09:28:47 250 709927
4 09:29:00 504 710000
5 09:44:36 200 710000
6 10:08:43 409 709927
7 10:14:04 3562 709927
8 10:14:04 90 709927
9 10:14:05 346 709927
10 10:15:37 3600 709000
11 10:18:56 8 710990
12 10:21:58 57 709009
13 10:22:08 8 710990
14 10:22:33 34 710990
15 10:22:33 324 710990
16 10:25:18 20 710990
17 10:28:57 187 710990
18 10:38:07 990 709001
19 10:38:08 55 709001
20 10:38:16 8 710990
21 10:38:19 92 709000
22 10:38:25 8 710990
23 10:45:23 900 709009
24 10:45:24 244 709009
25 10:45:53 8 710990
26 10:46:02 217 709000
27 10:46:16 8 710990
28 10:53:19 288 709022
29 10:54:58 8 710990
30 10:57:14 1131 710989
31 11:07:05 562 709059
32 11:07:06 250 709059
33 11:31:55 1719 710000
34 11:31:55 1644 710000
35 11:32:25 203 709041
36 11:32:25 1797 709040
41 11:55:05 10000 711000
40 11:55:05 2363 711000
39 11:55:05 20888 711000
38 11:55:05 2273 710988
37 11:55:05 1839 710986
42 12:22:24 350 710000
43 12:24:38 500 710000
45 12:27:19 2365 711995
44 12:27:19 1100 711000