2 09:08:04 300 718000
1 09:08:04 1000 718001
3 09:24:57 10 714999
4 09:24:58 59 714999
5 09:25:11 8 719880
6 09:38:39 203 715709
7 09:38:53 8 718999
8 09:40:38 1000 718999
9 09:58:51 137 718900
10 10:00:42 166 718900
11 10:00:42 592 718999
12 10:00:42 589 718999
13 10:18:25 200 719000
14 10:18:25 1501 719499
15 10:18:25 3001 719499
16 10:18:25 4501 719499
17 10:26:55 566 719500
18 10:33:42 200 719777
19 10:33:42 234 719777
20 10:54:13 420 718001
21 10:55:47 410 718001
22 10:55:47 1090 718000
23 11:00:32 3100 718009
24 11:00:32 601 718001
25 11:00:35 2216 718001
26 11:09:41 1400 719770
27 11:09:41 1938 719773
28 11:09:41 200 719777
29 11:09:41 766 719777
30 11:09:41 3001 719798
31 11:12:47 195 718002
32 11:12:47 100 718002
36 11:19:17 4501 719999
37 11:19:17 10667 720000
35 11:19:17 3001 719999
34 11:19:17 1501 719999
33 11:19:17 100 719798
38 11:23:15 130 718002
40 11:24:02 300 718002
41 11:24:02 767 718002
39 11:24:02 70 718002
42 11:24:27 200 718002
43 11:24:57 537 718001
44 11:25:26 50 719000
45 11:25:26 700 719990
46 11:25:26 62 720000
47 11:25:26 1597 720000
51 11:27:35 1337 718004
50 11:27:35 2763 718007
49 11:27:35 200 718008
48 11:27:35 700 718009
52 11:28:34 2763 720000
53 11:28:34 700 720000
54 11:30:35 1000 720000
55 11:31:29 138 720001
56 11:32:43 20 720500
57 11:38:00 200 721000
58 11:38:07 90 721930
59 11:40:22 49 721989
60 11:46:14 1847 721989
61 11:46:14 1501 721989
62 11:46:14 505 721990
63 11:46:14 200 723000
64 11:46:14 380 723000
65 11:46:14 3300 724000
66 11:46:14 5000 729356
67 11:46:25 1535 729999
68 12:01:44 202 721009
69 12:15:17 1702 721112
70 12:24:33 800 721223
71 12:25:02 104 721223
72 12:26:21 104 725999
73 12:26:22 800 725999