1 09:02:16 400 708052
2 09:02:23 8 714990
3 10:03:30 1728 712500
5 10:04:48 150 711300
4 10:04:48 13 711500
6 10:07:11 250 711000
7 10:30:02 160 713990
9 10:30:37 1000 713999
8 10:30:37 1635 713999
10 10:37:13 70 714000
11 10:44:05 30 712863
12 10:44:13 32 712863
13 10:44:17 17 712863
14 10:46:34 550 712863
15 10:50:26 300 711700
16 10:50:56 400 711700
17 11:01:40 14 712863
18 11:02:45 32 712863
19 11:11:19 410 712968
27 11:15:11 400 714499
26 11:15:11 1500 714499
25 11:15:11 18 714498
24 11:15:11 45 714498
23 11:15:11 45 714498
22 11:15:11 1930 714444
21 11:15:11 452 714443
20 11:15:11 1541 714443
28 11:21:32 100 711701
30 11:25:38 548 714443
29 11:25:38 1959 714443
31 11:25:49 1000 714444
34 11:31:44 600 714499
33 11:31:44 1500 714499
32 11:31:44 1000 714444
36 11:32:31 1092 711703
35 11:32:31 501 711703
37 11:33:58 2001 711703
38 11:33:58 501 711703
39 11:33:58 198 711703
40 11:40:54 130 713001
41 11:41:20 12 713001
48 11:52:28 511 714970
47 11:52:28 1797 714959
46 11:52:28 3000 714890
45 11:52:28 1740 714881
44 11:52:28 174 714881
43 11:52:28 459 714699
42 11:52:28 1500 714699
51 11:52:37 4426 714990
50 11:52:37 42 714990
49 11:52:37 2000 714980
52 12:01:08 116 714300
52 12:01:08 116 714300
53 12:03:25 7 714301
54 12:03:25 300 714300
55 12:03:35 3000 714000
56 12:04:38 2085 714000
57 12:06:32 35 714490
58 12:25:24 1200 714443
59 12:25:24 541 714443
60 12:25:24 1416 714444
61 12:25:24 2658 714490
62 12:25:24 1761 714490