1 09:14:51 25000 708000
2 09:15:41 4000 708000
3 09:22:34 193 708011
4 09:23:04 40 708011
5 09:28:55 700 708021
10 09:59:31 2670 710000
9 09:59:31 450 710000
8 09:59:31 1000 710000
7 09:59:31 700 709998
6 09:59:31 88 709997
11 10:02:45 3125 710000
12 10:02:45 4118 710000
13 10:03:55 5500 710490
15 10:04:01 500 710500
14 10:04:01 187 708100
16 10:04:52 5000 711000
17 10:05:29 5000 711000
18 10:06:07 2000 711000
19 10:06:51 225 711000
20 10:07:08 13 711000
21 10:07:56 52 710490
22 10:10:50 25 710490
23 10:10:50 11348 708151
24 10:11:05 3652 708151
25 10:11:59 16348 708151
26 10:16:11 30 710999
27 10:16:11 794 708851
28 10:42:16 256 708910
29 10:53:14 454 708910
30 11:00:09 1000 708902
31 11:05:47 263 708903
32 11:18:09 796 708902
33 11:21:07 408 708902
34 11:24:50 25 709500
35 11:24:50 275 710000
37 11:26:56 17 709000
36 11:26:56 8 709100
38 11:48:27 83 709000
39 11:54:23 197 708905
40 12:00:09 120 709000
41 12:01:22 30 709000
42 12:11:39 1415 708890
43 12:14:22 93 708890
45 12:14:47 860 709000
44 12:14:47 140 708905
46 12:14:53 1000 709000
47 12:14:59 1000 709000
48 12:15:03 1000 709000
49 12:15:10 1000 709000
50 12:15:11 1000 709000
52 12:15:12 1000 709000
51 12:15:12 1000 709000
54 12:15:13 1000 709000
53 12:15:13 1000 709000
56 12:15:23 1000 709000
55 12:15:23 1000 709000
59 12:15:24 1000 709000
58 12:15:24 1000 709000
57 12:15:24 1000 709000
61 12:15:46 1000 709000
60 12:15:46 1000 709000
63 12:15:47 1000 709000
62 12:15:47 1000 709000
64 12:15:51 1000 709000
65 12:15:52 1000 709000
68 12:15:55 1000 709000
67 12:15:55 1000 709000
66 12:15:55 1000 709000
69 12:15:56 907 709000
70 12:19:15 8295 708890
71 12:20:20 9115 706045
72 12:21:57 800 706047
73 12:25:17 16 706050
74 12:29:53 310 706050