2 09:12:06 148 708000
1 09:12:06 363 708000
4 09:20:03 46 705601
3 09:20:03 1100 705609
6 09:42:31 155 706000
5 09:42:31 50 706000
7 09:42:32 49 706000
9 09:49:52 1200 705629
8 09:49:52 800 705630
10 09:51:47 2000 707644
11 10:10:21 300 708000
12 10:10:30 150 708000
13 10:17:15 1498 708000
14 10:17:35 1845 708000
15 10:19:30 207 708000
16 10:22:03 184 708000
17 10:25:14 7220 708000
18 10:26:37 220 708000
19 10:27:08 846 708000
21 11:00:36 20 706022
20 11:00:36 100 706022
22 11:00:38 2041 706022
23 11:08:59 100 707490
25 11:09:02 3001 707499
24 11:09:02 1501 707499
26 11:09:05 402 707500
28 11:09:11 2037 707490
27 11:09:11 402 707499
29 11:11:04 711 706021
31 11:17:21 1501 707499
30 11:17:21 3001 707499
32 11:17:34 28 707499
33 11:18:03 397 707499
34 11:38:03 1420 706022
38 11:39:40 2280 708000
37 11:39:40 993 707900
36 11:39:40 2834 707899
35 11:39:40 1501 707899
39 11:39:49 1420 708000
40 11:46:36 373 708000
41 11:47:09 245 709000
42 11:48:05 190 709000
43 11:48:50 165 709000
44 11:52:47 73 708000
45 11:54:14 70 708000
46 11:55:49 191 708000
47 12:01:45 8 709000
48 12:06:39 15265 708000
49 12:11:30 309 708000
51 12:13:15 100 709000
50 12:13:15 25 709000
52 12:16:24 850 709000
54 12:16:56 975 708000
53 12:16:56 24025 709000
55 12:16:57 23716 708000