1 09:13:52 4035 739006
2 09:33:33 45 742231
5 10:13:36 2133 743000
4 10:13:36 600 743000
3 10:13:36 1000 743001
11 10:15:58 537 750000
10 10:15:58 3000 749999
9 10:15:58 600 749000
8 10:15:58 9375 745900
7 10:15:58 300 745000
6 10:15:58 188 743999
12 10:16:48 8561 750000
13 11:09:23 2000 742766
14 11:28:41 300 742996
15 11:44:26 1490 742996
19 11:53:52 21210 743000
18 11:53:52 400 743004
17 11:53:52 24600 743004
16 11:53:52 400 743009
20 11:54:32 1500 743000
22 11:55:40 16939 743000
21 11:55:40 1890 743000
25 12:00:42 1993 750000
24 12:00:42 350 750000
23 12:00:42 1900 749000
27 12:13:53 300 750000
26 12:13:53 50 750001
28 12:21:36 100 744002
29 12:23:02 140 744002
31 12:24:04 133 744001
30 12:24:04 760 744002