1 09:03:59 25000 761000
2 09:04:00 22124 761000
3 09:41:15 200 756402
4 09:57:27 543 756421
5 09:57:39 3000 756421
6 09:57:44 2957 756421
11 10:05:40 2112 761000
10 10:05:40 3000 760997
9 10:05:40 743 760997
8 10:05:40 2957 760996
7 10:05:40 42 760990
13 11:05:21 25000 761000
12 11:05:21 25000 761000
14 11:05:22 500 761000
17 11:43:28 24868 761000
16 11:43:28 71 760999
15 11:43:28 61 760000
19 11:43:29 5000 761000
18 11:43:29 132 761000
20 11:46:36 1 758000
21 12:07:33 1291 758100
22 12:13:06 1950 761000
25 12:24:22 93 758020
24 12:24:22 100 758021
23 12:24:22 7 758100
26 12:26:44 1770 758020