1 09:06:24 15 750000
2 09:06:40 50 750000
3 09:09:00 5 750000
5 09:12:03 100 742230
4 09:12:03 100 742230
6 09:12:26 353 742230
7 09:12:55 100 750000
8 09:13:48 100 743000
9 09:14:09 280 743000
12 09:15:26 100 743000
11 09:15:26 280 743000
10 09:15:26 100 743100
13 09:15:53 20 743000
14 09:16:27 10 743000
15 09:17:27 150 743000
17 09:17:39 500 743000
16 09:17:39 6851 743000
18 09:38:44 400 750000
19 09:50:09 449 750000
20 09:51:02 2536 750000
21 09:51:21 1058 750000
22 09:57:26 280 750000
23 09:58:03 2920 750000
25 10:16:05 140 750900
24 10:16:05 700 750500
30 11:08:33 15 745000
29 11:08:33 100 745000
28 11:08:33 200 745010
27 11:08:33 99 747000
26 11:08:33 98 747000
31 11:08:47 212 743100
36 11:30:46 15 742500
35 11:30:46 88 743100
34 11:30:46 1000 744000
33 11:30:46 2000 744004
32 11:30:46 48 745000
38 11:38:53 500 740000
37 11:38:53 100 740000
39 11:39:32 60 740000
40 11:39:34 319 740000
41 12:10:43 300 739200
42 12:11:16 1062 739200
43 12:11:17 765 739200
44 12:28:58 100 739500
47 12:29:15 3076 737497
46 12:29:15 2484 737498
45 12:29:15 200 738000
48 12:29:16 3982 737497
52 12:29:32 1216 730798
51 12:29:32 501 730798
50 12:29:32 1 734000
49 12:29:32 300 735000
53 12:29:56 20 737000