1 09:05:23 553 706396
2 09:42:00 84 710000
4 09:46:48 57 706400
3 09:46:48 174 706400
6 10:01:01 10 706410
5 10:01:01 10 706410
8 10:04:07 840 706400
7 10:04:07 13 706400
11 10:10:17 3280 706396
10 10:10:17 160 706400
9 10:10:17 50 707000
13 10:19:55 78 706396
12 10:19:55 105 706500
14 10:25:36 1275 706396
15 10:48:50 684 706396
16 10:54:32 300 706396
17 10:58:29 833 708533
18 11:12:45 1511 707000
19 11:19:13 300 707000
22 11:38:32 1509 706396
21 11:38:32 189 707000
20 11:38:32 70 708000
23 11:47:48 80 707200
24 11:48:04 40 707100
25 11:50:44 30 707100
26 11:51:40 340 707000
27 12:08:13 791 707000
30 12:16:52 1000 707000
29 12:16:52 869 707000
28 12:16:52 8 707010
31 12:23:16 385 706400