1 09:25:15 70 729095
2 09:32:33 162 729090
3 09:41:42 500 729174
4 09:55:04 200 729201
5 10:06:17 8 729500
6 10:09:45 7 729275
7 10:22:38 173 729301
8 10:24:15 570 729301
9 10:25:52 2752 729301
10 10:26:16 600 729301
11 10:30:10 754 729301
12 10:54:31 579 729311
13 11:07:42 500 729351
14 11:18:56 440 729389
15 11:18:56 60 729388
16 11:20:55 500 729351
17 11:21:12 500 729351
18 11:23:25 1000 729351
19 11:41:04 162 730000
20 11:41:04 4000 730000
21 12:01:30 116 730000
22 12:04:44 50 730000
23 12:10:45 2400 730000
24 12:27:06 100 730000
25 12:27:59 1300 730000
26 12:30:00 220 730000