1 09:00:03 1761 708700
2 09:01:36 100 708800
3 09:03:30 108 708700
4 09:10:15 10 710000
6 09:12:32 701 708701
5 09:12:32 10 708800
7 09:19:27 20 710000
9 09:21:33 10 708800
8 09:21:33 10 708800
10 09:21:34 1271 708800
13 09:40:17 10 708701
12 09:40:17 794 708701
11 09:40:17 10 708800
14 09:40:19 1952 708700
16 10:02:29 20 710000
15 10:02:29 120 710000
20 10:12:37 82 708000
19 10:12:37 1000 708000
18 10:12:37 10 708100
17 10:12:37 10 708100
21 10:22:59 10 707232
22 10:23:00 494 707232
23 10:23:08 8 710000
25 10:23:13 300 710000
24 10:23:13 311 710000
26 10:50:08 50 708011
27 10:54:05 4239 708629
28 11:07:03 60 708000
31 11:08:51 1033 710000
30 11:08:51 430 710000
29 11:08:51 100 709999
32 11:10:07 20 710000
33 11:17:35 100 710000
34 11:19:53 528 710000
35 11:20:41 459 710000
36 11:21:17 2219 710000
37 11:22:28 1719 710000
38 11:23:40 608 710000
39 11:24:29 680 710000
40 11:28:07 956 710000
41 11:28:09 2520 710000
42 11:30:44 611 710000
43 11:41:47 1000 710000
44 11:46:09 1054 710000
45 11:47:48 2258 710000
46 11:48:06 121 710000
47 11:48:45 50 710000
48 11:51:22 103 710000
49 11:54:03 49 710000
50 11:57:26 226 710000
51 11:58:10 1650 710000
52 12:02:47 886 710000
53 12:12:28 100 710899
55 12:13:29 2573 710000
54 12:13:29 600 710710
56 12:14:31 6 710000
57 12:18:14 1127 710000
58 12:21:14 472 710000
59 12:21:15 422 710000
60 12:24:02 1020 710000
61 12:24:30 185 707015
62 12:26:57 8972 709999
63 12:27:13 28 710000
66 12:28:21 1081 707015
65 12:28:21 500 707016
64 12:28:21 100 707100
67 12:29:27 500 709900