1 09:49:38 1033 744067
2 09:52:32 1000 744067
3 09:56:14 1000 744319
4 09:57:12 660 744310
5 09:58:01 623 744111
6 09:59:34 383 744080
7 10:00:16 1499 744080
8 10:00:53 482 744090
9 10:02:40 500 744093
10 10:03:14 603 744067
11 10:03:37 103 744093
12 10:05:15 12124 744070
13 10:22:53 14 744080
14 10:25:06 1233 744070
15 10:30:13 495 744070
16 10:30:36 5677 744070
17 10:33:39 1446 744070
18 10:34:39 496 744070
19 10:35:03 516 744070
20 10:53:21 603 747975
21 10:53:21 550 747977
22 10:53:21 73 748000
23 10:53:21 1000 748140
24 10:53:21 787 748142
25 10:56:02 11618 748142
26 12:15:43 110 740600
27 12:16:12 1000 740600
28 12:23:47 220 743000
33 12:27:19 1000 748000
32 12:27:19 220 747980
31 12:27:19 1500 746000
30 12:27:19 5036 744990
29 12:27:19 1000 744980