2 09:06:45 13 719800
1 09:06:45 43 719800
3 09:07:04 997 719800
4 09:09:34 40 719700
5 09:43:46 10 721009
6 09:43:56 8 723700
7 09:53:26 704 722400
8 09:54:15 292 722400
9 10:02:24 166 721400
10 10:04:19 88 721400
11 10:04:49 62 721400
12 10:05:51 6723 721020
13 10:14:23 10 722000
14 10:15:38 66 722000
15 10:16:28 8 722000
16 10:19:14 20 723990
17 10:19:14 1404 723998
18 10:21:00 100 723800
19 10:23:36 445 724889
20 10:23:36 500 724890
21 10:23:36 997 724896
22 10:23:36 560 724920
23 10:49:21 490 722009
24 11:14:22 111 722222
25 11:31:38 500 723000
26 11:32:30 500 723000
27 11:41:43 500 723001
28 11:44:35 500 723001
29 11:44:44 4032 723000
30 11:50:07 500 723001
31 11:52:45 668 723001
32 12:09:43 380 723002
33 12:09:43 75 723002
34 12:09:43 45 723001
35 12:19:20 60 723001
36 12:25:07 132 723001
37 12:25:19 1340 723000
38 12:25:39 168 723000
39 12:26:16 3000 723000