1 09:11:51 800 711000
2 09:41:34 70 709999
3 09:43:57 12 709999
4 09:46:19 30 709999
5 09:49:11 10 709999
6 09:55:33 22 708001
7 09:55:33 3022 708000
8 09:56:55 2500 708000
9 10:17:57 15 708001
10 10:17:57 2135 708000
11 10:29:32 23 708001
12 10:29:36 160 708000
13 10:30:12 60 708001
14 10:32:49 60 708001
15 10:33:44 269 707102
16 10:36:09 595 707102
17 10:37:30 4157 708000
18 10:40:13 10 708000
19 10:40:13 2649 708000
20 10:40:23 7 708001
21 10:40:52 5 708001
22 10:41:43 2500 708700
23 10:43:02 988 708001
24 10:43:02 1658 708000
25 10:43:52 500 708700
26 10:53:40 10 707101
27 10:53:55 20 707100
28 11:38:32 100 707000
29 11:38:32 16 707000
30 11:38:32 1184 707000
31 11:40:36 451 707000
32 11:58:08 4228 708000
33 11:58:08 836 708177
34 11:58:08 2717 708700
35 11:58:08 1731 708990
36 11:58:08 488 709000
37 12:03:00 50 709000
39 12:08:25 23038 709000
38 12:08:25 1962 709000