3 09:00:04 134 717985
2 09:00:04 424 717985
1 09:00:04 1928 717985
4 09:02:11 3319 717985
5 09:02:30 2000 717985
6 09:05:56 12195 717985
7 09:08:53 1005 717985
8 09:17:26 50 717985
9 09:32:47 4144 718500
10 09:39:27 200 718500
11 09:39:55 663 718500
12 09:40:11 2005 718500
13 09:40:21 777 718500
14 09:52:49 2 718500
15 09:56:40 222 718500
16 10:21:45 649 718500
17 10:22:07 1742 718500
18 10:45:23 2434 718500
19 10:47:06 2306 718500
24 10:52:01 12520 720000
23 10:52:01 1000 719990
22 10:52:01 7 719990
21 10:52:01 1747 719990
20 10:52:01 9726 719980
25 11:13:25 2500 718500
26 11:22:23 1825 718500
27 11:22:41 700 718500
28 11:23:10 3248 718500
30 11:32:50 10 718500
29 11:32:50 1583 718500
31 11:33:07 327 714655
32 11:33:10 8 719980
37 11:51:43 671 720000
36 11:51:43 1000 719980
35 11:51:43 2519 719980
34 11:51:43 1387 719979
33 11:51:43 1671 718850
38 11:52:04 8 718000
39 12:01:10 2608 718000
40 12:25:26 1000 719988
41 12:26:30 800 719990
43 12:29:48 295 718000
42 12:29:48 20 718200