1 09:04:19 80 767020
2 09:04:39 248 767011
3 09:32:02 95 767255
3 09:32:02 95 767255
4 10:01:51 101 770000
5 10:02:07 99 770000
6 10:04:09 650 767444
6 10:04:09 650 767444
7 10:04:32 88 767256
7 10:04:32 88 767256
11 10:20:29 24157 770000
10 10:20:29 10 770000
9 10:20:29 745 769999
8 10:20:29 88 769999
15 10:20:30 10495 770000
14 10:20:30 843 770000
13 10:20:30 24157 770000
12 10:20:30 843 770000
16 10:31:02 1800 767679
17 10:31:24 50 767679
18 10:32:00 130 767675
19 10:32:51 10 767679
22 10:33:30 500 767679
21 10:33:30 500 767679
20 10:33:30 500 767679
23 10:33:56 500 767679
24 10:34:31 3291 767679
25 10:47:22 130 767675
26 10:48:29 1467 767679
27 10:53:12 275 767675
33 11:08:42 1467 769999
32 11:08:42 3291 769999
31 11:08:42 1500 769985
30 11:08:42 753 769900
29 11:08:42 1860 769899
28 11:08:42 500 769899
34 11:47:12 234 767688
35 12:18:47 7 767700
36 12:23:27 300 769000
37 12:26:53 234 769000