3 09:20:17 12327 767000
2 09:20:17 500 767011
1 09:20:17 800 767011
4 10:03:43 272 768000
5 10:03:57 366 768000
6 10:20:31 600 767555
7 10:21:32 324 767290
9 10:38:38 10 768000
8 10:38:38 362 768000
10 10:47:15 1814 767292
11 10:47:27 2398 767292
12 11:09:12 630 767321
13 11:21:31 372 767323
14 11:21:50 170 767323
15 11:24:52 100 767500
16 11:26:59 360 767500
22 11:29:31 2676 770000
21 11:29:31 1243 769988
20 11:29:31 1100 769981
19 11:29:31 555 769980
18 11:29:31 800 769980
17 11:29:31 100 769970
23 12:10:38 1000 769000
24 12:26:24 2834 769000