1 09:08:55 324 755122
3 09:51:20 198 755181
2 09:51:20 10 755181
5 09:56:59 1480 755179
4 09:56:59 10 755181
6 09:57:42 2000 755182
7 10:06:00 516 756000
8 10:24:18 230 756000
10 10:41:07 1487 756000
9 10:41:07 10 756010
15 10:50:05 87 758500
14 10:50:05 20 758000
13 10:50:05 50 758000
12 10:50:05 15 758000
11 10:50:05 28 758000
16 10:51:01 1061 758499
23 11:05:38 1176 758900
22 11:05:38 522 758900
21 11:05:38 423 758500
20 11:05:38 63 758500
19 11:05:38 20 758400
18 11:05:38 36 758400
17 11:05:38 1315 758400
25 11:21:22 400 758900
24 11:21:22 635 758900
26 11:29:16 1500 756502
27 11:29:32 377 756502
28 11:29:37 12 758999
29 11:31:15 500 758990
31 11:37:58 1000 758990
30 11:37:58 30 758990
32 11:57:17 1500 759500
33 12:03:13 150 756305
34 12:06:36 330 756305
35 12:08:38 5514 756305
36 12:09:57 1500 759750
38 12:16:30 141 759999
37 12:16:30 59 759990
39 12:16:40 10 759999
40 12:26:26 2472 759000
41 12:26:50 800 757000
42 12:27:30 100 759000
43 12:29:44 280 757000