1 09:07:36 1533 750000
2 09:07:59 363 750000
3 09:20:35 10 754999
6 09:22:05 548 750000
5 09:22:05 5104 750000
4 09:22:05 200 750001
6 09:22:05 548 750000
5 09:22:05 5104 750000
4 09:22:05 200 750001
7 09:25:46 1452 750000
8 09:27:46 1000 750000
9 09:38:54 2045 749801
10 09:45:58 500 749820
11 09:48:25 631 749820
12 09:49:22 1000 749820
14 09:54:12 90 749850
13 09:54:12 10 749850
16 09:56:05 115 749820
15 09:56:05 1869 749820
17 10:02:05 100 749820
18 10:18:04 10 750001
19 10:20:31 1920 750001
20 10:22:04 1592 750001
21 10:22:35 10 750001
22 10:24:04 566 750001
23 10:24:06 10 750001
25 10:25:25 7124 750000
24 10:25:25 5892 750001
26 10:31:04 459 749821
27 10:31:56 1 749821
28 10:37:30 531 749823
29 10:46:13 934 750001
30 10:49:48 699 750092
31 10:52:03 1000 750200
31 10:52:03 1000 750200
32 10:57:46 4022 750100
33 11:10:32 500 750500
37 11:14:03 11455 750001
36 11:14:03 200 750100
35 11:14:03 9066 750100
34 11:14:03 4279 750100
39 11:14:11 11455 750000
38 11:14:11 13545 750001
40 11:15:58 1000 749963
41 11:18:30 25000 750001
42 11:19:44 13053 749963
43 11:19:56 25000 750000
45 11:27:17 6271 749825
44 11:27:17 10947 749825
46 11:29:27 10 749999
47 11:36:21 25000 750499
49 11:36:25 4000 750500
48 11:36:25 1000 750499
50 12:22:56 7361 750100
51 12:26:33 1913 750100
52 12:28:48 4013 750100