1 09:12:47 30 727900
4 09:16:15 21631 728000
3 09:16:15 3261 727900
2 09:16:15 108 727899
7 09:16:17 100 728000
6 09:16:17 20000 728000
5 09:16:17 3369 728000
8 09:18:48 490 727500
10 09:20:03 950 727500
9 09:20:03 30 727510
12 09:21:09 965 727500
11 09:21:09 16 727510
13 09:21:16 429 727500
14 09:26:18 450 728000
15 09:29:24 2291 728001
24 09:35:00 1000 730000
23 09:35:00 150 730000
22 09:35:00 1000 729999
21 09:35:00 1000 729998
20 09:35:00 7 729992
19 09:35:00 8 729992
18 09:35:00 5 729992
17 09:35:00 20 729992
16 09:35:00 235 729992
25 09:36:39 193 731001
26 09:36:52 92 731001
27 09:38:22 3750 731001
31 09:41:28 70 732000
30 09:41:28 500 732000
29 09:41:28 500 731999
28 09:41:28 45 731999
34 09:41:52 50 735000
33 09:41:52 1300 734500
32 09:41:52 145 733578
37 09:47:35 2640 735000
36 09:47:35 500 735000
35 09:47:35 55 734999
39 09:48:04 1000 735000
38 09:48:04 300 734998
40 09:52:51 2000 733001
42 09:54:04 15 735000
41 09:54:04 300 735000
43 09:58:05 100 736001
44 10:02:22 687 736001
45 10:06:19 1000 736001
46 10:16:03 1468 736001
47 10:18:26 1357 736001
48 10:19:00 525 736001
49 10:25:04 10 736001
50 10:33:49 1 736001
51 10:39:19 622 736001
52 10:40:19 1000 736001
53 10:44:26 200 736001
54 10:46:42 300 736001
55 10:49:26 200 736001
56 10:56:05 17 736001
57 10:57:26 18 736001
58 11:02:38 6467 736001
59 11:02:45 95 736001
64 11:13:30 342 736799
63 11:13:30 242 736798
62 11:13:30 600 736700
61 11:13:30 2000 736700
60 11:13:30 58 736699
65 11:13:38 658 736799
66 11:19:50 4780 736002
67 11:20:17 1000 736002
68 11:22:08 15 736002
75 11:34:56 4950 737950
74 11:34:56 500 737000
73 11:34:56 250 737000
72 11:34:56 50 737000
71 11:34:56 1200 736990
70 11:34:56 26 736989
69 11:34:56 41 736989
76 11:35:45 1063 738001
79 11:37:29 140 740000
78 11:37:29 320 740000
77 11:37:29 540 740000
80 11:37:43 80 761759
81 11:38:43 1045 738001
82 11:39:43 90 738001
83 11:40:27 2927 738001
84 11:47:19 50 740000
85 11:55:36 22 739001
86 11:56:19 1000 739001
87 11:58:58 68 740000
88 12:01:12 50 740000
90 12:01:53 499 740000
89 12:01:53 42 740000
91 12:03:37 110 739001
92 12:06:03 1796 739001
93 12:10:44 877 739001
94 12:16:08 189 739002
95 12:17:57 9587 739002
96 12:18:19 419 739001
97 12:21:24 9 739001
98 12:22:29 50 739000
99 12:23:51 20 739000
100 12:24:48 400 737000
102 12:26:03 2426 737000
101 12:26:03 700 737001
103 12:27:40 29 738000
104 12:29:21 21 738000