4 09:03:52 943 722999
3 09:03:52 3680 722999
2 09:03:52 10 722900
1 09:03:52 2500 722900
5 09:06:07 3400 719499
6 09:06:32 74 719209
7 09:12:45 976 720001
8 09:17:20 467 721001
9 09:23:06 57 721001
10 09:29:06 651 721004
11 09:34:12 200 721102
12 09:44:46 10 721102
14 09:47:57 1832 722000
13 09:47:57 2513 722000
15 09:53:59 973 721302
16 10:02:29 207 722500
17 10:06:28 40 722500
20 10:20:30 750 722500
19 10:20:30 250 722500
18 10:20:30 3 722500
21 10:20:43 394 722500
22 10:24:38 450 722999
23 10:30:43 3000 722999
25 10:33:06 3959 722002
24 10:33:06 10 722251
27 10:35:02 2264 722002
26 10:35:02 10 722010
29 10:36:54 2623 722002
28 10:36:54 20 722010
30 10:37:39 2591 722001
31 10:37:46 2357 722002
35 10:42:19 4698 722000
34 10:42:19 10 722002
33 10:42:19 20 722002
32 10:42:19 243 722002
36 10:43:20 921 721700
37 10:46:02 300 722002
38 10:56:03 7184 722003
39 10:58:34 261 722007
40 11:20:55 5 722021
41 11:37:11 700 722022
43 11:37:48 140 723499
42 11:37:48 10 723490
44 11:38:00 860 723499
45 11:38:18 715 723499
46 11:41:32 433 722022
48 11:50:30 50 723499
47 11:50:30 50 723490
51 12:01:43 626 723500
50 12:01:43 20 723499
49 12:01:43 1235 723499
52 12:02:21 40 723500
54 12:02:39 5000 723699
53 12:02:39 1000 723698
57 12:03:49 5000 723989
56 12:03:49 7 723899
55 12:03:49 5000 723899
58 12:05:08 640 723500
59 12:05:51 500 723500
60 12:14:04 209 723500
61 12:16:42 32 722500
63 12:21:53 10 722500
62 12:21:53 4968 722500
64 12:22:00 145 722500
65 12:28:12 112 722500