2 09:15:20 1000 717001
1 09:15:20 1000 717500
4 09:25:11 4831 717010
3 09:25:11 20 717500
5 09:28:36 230 717010
6 09:32:42 115 717109
7 09:36:08 596 717109
10 09:40:14 23516 720000
9 09:40:14 954 720000
8 09:40:14 530 720000
12 09:40:15 23516 720000
11 09:40:15 1484 720000
14 09:40:19 4345 720000
13 09:40:19 1484 720000
18 09:40:52 2648 717010
17 09:40:52 3000 717101
16 09:40:52 152 717109
15 09:40:52 1200 717109
20 09:41:15 600 717010
19 09:41:15 1100 717019
21 09:44:37 70 717111
22 09:48:43 2950 719990
23 09:52:56 10 720000
24 09:53:53 100 720000
28 09:58:12 24704 720000
27 09:58:12 55 719999
26 09:58:12 115 719999
25 09:58:12 126 719500
30 09:58:13 24814 720000
29 09:58:13 186 720000
31 10:00:04 186 719000
32 10:09:52 254 719000
33 10:16:15 30 719000
35 10:19:47 15000 720000
34 10:19:47 207 719500
37 10:24:32 301 720000
36 10:24:32 11 720999
38 10:29:07 70 720000
39 10:30:27 3345 720000
40 10:36:42 10 720001
42 10:36:46 10071 721000
41 10:36:46 309 721000
43 10:36:57 10 721000
44 10:37:51 2509 721000
45 10:40:30 816 721000
46 10:44:03 873 721000
47 10:49:02 31 721980
48 10:53:25 1327 721000
49 10:54:12 7 721970
50 10:58:52 10 721959
51 11:02:05 10 721000
52 11:08:46 31 721000
53 11:09:36 2000 721000
55 11:13:25 6672 721000
54 11:13:25 3328 721000
56 11:13:37 959 721000
57 11:15:25 259 720001
59 11:29:51 12900 720000
58 11:29:51 12100 720001
60 11:29:53 12100 720000
61 11:44:35 271 720001
62 11:56:12 665 719101
63 12:03:33 14064 719105
64 12:05:18 510 719104
65 12:06:38 1000 719104
66 12:09:47 15000 719105
67 12:13:41 1383 720998
68 12:13:55 1000 720999
69 12:14:38 25000 720000
70 12:19:01 314 719104
73 12:22:19 8 719000
72 12:22:19 30 719100
71 12:22:19 176 719104
74 12:23:38 786 717016
78 12:23:44 252 717000
77 12:23:44 726 717001
76 12:23:44 400 717009
75 12:23:44 214 717016
79 12:24:44 4663 717000