1 09:11:14 1000 740000
2 09:12:48 966 740000
3 09:37:39 7 743000
5 09:44:16 110 742000
4 09:44:16 500 742011
6 09:45:19 4819 741002
7 09:58:32 761 742100
8 10:03:22 97 742100
9 10:28:37 50 742100
10 10:43:20 343 742100
12 10:45:41 699 742100
11 10:45:41 2000 742101
13 10:49:52 200 742101
17 11:03:40 60 743000
16 11:03:40 30 742990
15 11:03:40 10 742990
14 11:03:40 15109 742980
18 11:03:59 1306 743000
19 11:13:25 3 743000
20 11:47:38 259 743001
21 12:01:05 1000 743001
22 12:01:25 1000 743001
23 12:01:42 1000 743001
24 12:02:14 1000 743001
25 12:04:02 1000 743001
26 12:08:31 40 743001
27 12:11:55 328 743001
28 12:21:09 93 743001
29 12:25:00 10 743001
30 12:26:03 10 743001
31 12:26:54 16 743001
32 12:28:19 30 743010
33 12:28:49 500 743001