3 09:57:05 10000 771000
2 09:57:05 964 771000
1 09:57:05 10000 769568
5 10:12:10 355 766222
4 10:12:10 80 766224
10 10:27:35 355 770999
9 10:27:35 10000 770000
8 10:27:35 80 769999
7 10:27:35 3241 769500
6 10:27:35 8343 769000
11 10:27:42 10000 771000
12 10:31:43 820 766223
13 10:32:17 3 766223
14 10:32:57 350 766223
15 10:36:01 2779 766223
16 10:36:13 1 766223
17 10:36:39 5000 766223
18 10:37:02 5000 766223
19 10:37:56 10747 766223
24 10:44:26 3953 770500
23 10:44:26 21047 770500
22 10:44:26 2779 770497
21 10:44:26 824 770496
20 10:44:26 350 770490
25 10:45:40 10000 771000
26 10:45:51 10000 771000
28 10:49:02 4961 771000
27 10:49:02 5000 771000
29 10:49:26 9099 771000
30 10:50:55 10000 771000
32 11:00:06 9060 771000
31 11:00:06 940 771000
33 11:01:30 40 771000
34 11:07:24 15900 771000
35 11:10:13 25000 771000
36 11:11:52 25000 771000
37 11:13:05 25000 771000
38 11:15:39 9100 771000
39 11:20:36 5 771000
40 11:21:58 460 771000
41 11:27:42 724 771000
42 11:36:03 12000 771000
43 11:42:11 10000 770000
46 11:59:14 176 766903
45 11:59:14 824 766939
44 11:59:14 100 767000
51 12:01:35 1920 771100
50 12:01:35 619 770000
49 12:01:35 2655 770000
48 12:01:35 176 769998
47 12:01:35 282 768000
52 12:15:53 1476 766903
54 12:24:12 1476 770800
53 12:24:12 824 770800
55 12:28:34 1000 766907