1 09:08:19 200 745004
2 09:16:32 1096 745255
3 09:19:25 10 748600
4 09:19:43 10 748500
5 09:20:01 3450 746000
6 09:21:54 159 745711
7 09:23:49 660 745716
8 09:24:45 464 745716
9 09:39:19 191 745851
10 09:39:22 14 745851
11 09:53:53 300 745901
12 09:54:48 255 745903
16 10:40:32 1867 746020
15 10:40:32 1500 746021
14 10:40:32 10 746100
13 10:40:32 200 747000
19 10:40:53 1847 746000
18 10:40:53 1500 746001
17 10:40:53 3133 746020
20 10:44:10 586 746020
22 10:54:34 11 747000
21 10:54:34 500 747000
23 10:58:07 963 747000
24 11:02:07 800 747000
25 11:30:07 1108 747000
26 12:17:17 204 747000
27 12:18:39 4000 747000
28 12:27:57 200 746120