1 09:00:03 7 733000
2 09:04:26 243 733000
3 09:08:29 150 732000
4 09:09:44 1057 732000
6 09:11:04 36 730000
5 09:11:04 20 731000
7 09:13:24 10 730100
8 09:13:49 490 730100
9 09:19:36 2638 731112
10 09:22:22 265 731115
11 09:30:47 600 733000
12 09:34:42 9 739000
13 09:49:06 135 732555
18 10:02:38 90 739000
17 10:02:38 1499 738998
16 10:02:38 135 738990
15 10:02:38 100 738000
14 10:02:38 10 737990
20 10:04:55 257 733003
19 10:04:55 200 733555
21 10:05:11 129 733556
22 10:06:40 10 740000
23 10:06:52 1070 740000
24 10:09:10 10 740000
25 10:11:37 10 740000
26 10:12:24 1859 740000
27 10:13:44 2031 740000
28 10:15:15 29 740001
29 10:15:55 3932 740002
30 10:17:03 1053 740002
31 10:17:13 873 740002
32 10:23:07 430 740003
33 10:27:38 1268 740005
35 10:48:49 930 741000
34 10:48:49 20 741999
36 10:50:27 5000 740105
37 10:52:45 5887 740105
38 10:53:34 640 741000
39 11:07:47 1286 740111
40 11:13:22 4666 740121
41 11:17:42 1563 740123
43 11:43:27 8500 741000
42 11:43:27 500 741000
44 11:53:47 14000 740137
46 11:54:13 24206 740136
45 11:54:13 794 740137
48 11:54:45 206 740136
47 11:54:45 794 740136
49 11:56:09 260 740136
50 11:58:39 3393 741000
51 12:13:03 100 740138
52 12:13:20 50 740138
55 12:13:27 9859 741000
54 12:13:27 41 740999
53 12:13:27 100 740999
56 12:13:30 10000 741000
57 12:13:38 3000 741000
58 12:13:39 20 740138
59 12:13:43 742 741000
60 12:27:12 500 740138
61 12:28:03 10 740138
62 12:29:36 200 740138