1 09:04:07 1500 750250
2 09:19:11 11887 755000
3 09:19:28 5000 755000
5 09:21:51 7 755000
4 09:21:51 8113 755000
6 10:10:53 160 752000
10 10:14:01 10374 755000
9 10:14:01 10431 754000
8 10:14:01 700 753999
7 10:14:01 3495 753990
12 10:14:27 132 755000
11 10:14:27 6506 755000
13 10:15:21 30 755000
14 10:18:02 18332 755000
15 10:33:42 2197 751802
16 10:35:29 609 753000
22 10:55:48 2197 755000
21 10:55:48 16668 755000
20 10:55:48 530 755000
19 10:55:48 8 755000
18 10:55:48 2007 754980
17 10:55:48 609 754979
23 11:09:14 2 755000
24 11:10:45 9 755000
26 11:20:56 2030 755000
25 11:20:56 2970 755000
27 11:23:40 6 755000
28 11:28:24 160 755000
29 11:39:35 841 755001
30 11:53:29 6026 755011
31 12:26:30 25000 755990
32 12:29:05 15000 755100
33 12:29:55 2283 755100