1 09:02:40 640 741105
3 09:07:15 992 744000
2 09:07:15 8 745228
4 09:30:23 2558 744021
5 09:33:24 59 744100
7 09:37:54 15 744500
6 09:37:54 25 744389
8 09:43:34 50 744685
9 09:45:10 200 745100
11 09:45:32 19 745227
10 09:45:32 1575 745227
13 09:45:57 24900 745228
12 09:45:57 100 745227
15 09:46:08 20393 745228
14 09:46:08 100 745228
16 09:54:47 7 745650
17 09:55:25 7 745650
20 10:14:19 27 745920
19 10:14:19 12 745800
18 10:14:19 136 745650
21 10:17:27 25 746000
24 10:33:45 1018 745513
23 10:33:45 50 745520
22 10:33:45 300 745525
25 10:40:12 275 745513
27 10:56:48 40 746000
26 10:56:48 300 746000
28 11:08:43 640 746000
29 11:09:55 16 746000
30 11:10:25 980 746000
31 11:21:20 12 746100
32 11:22:23 36 746350
33 11:23:19 29 746350
34 11:23:58 55 746350
35 11:25:23 29 746500
41 11:32:58 319 745513
40 11:32:58 207 745513
39 11:32:58 2000 745520
38 11:32:58 1474 746000
37 11:32:58 11 746100
36 11:32:58 19 746100
42 11:34:29 1377 745522
44 11:41:03 1578 745551
43 11:41:03 800 745552
45 11:51:49 85 746500
48 11:53:20 477 747000
47 11:53:20 100 747000
46 11:53:20 386 746500
49 11:57:37 2697 745571
52 11:59:03 289 745560
51 11:59:03 1500 745570
50 11:59:03 1348 745571
53 11:59:24 1466 745560
54 12:13:35 1000 745563
55 12:15:09 7 745560
58 12:17:03 452 745550
57 12:17:03 10 745560
56 12:17:03 238 745560