1 09:48:49 600 767500
2 09:48:49 127 767899
3 09:48:49 819 767900
4 09:48:49 12128 770000
5 09:48:49 11326 770000
9 10:07:33 90 770000
8 10:07:33 8674 770000
7 10:07:33 250 769999
6 10:07:33 500 769999
10 10:14:10 50 764711
11 10:53:03 10 764734
12 10:53:03 550 764733
13 10:53:03 440 764733
16 11:09:27 13170 764733
15 11:09:27 1000 764811
14 11:09:27 830 764815
17 11:18:00 1000 764733
18 11:39:03 2000 764733
19 11:50:42 130 764733
20 11:52:30 50 764733
21 12:10:51 10 764735
22 12:10:51 2579 764733
23 12:10:51 5631 764733
24 12:17:12 474 764101
25 12:19:38 165 764101
26 12:26:19 100 764101
27 12:29:59 500 764102