1 09:48:38 353 747401
3 09:59:55 500 750000
2 09:59:55 133 750000
4 10:20:33 40 750000
5 10:21:11 2295 750000
6 10:21:33 136 750000
7 10:24:57 136 750000
8 10:26:25 1518 750000
9 10:26:48 3356 750000
10 10:28:19 261 750000
11 10:30:10 270 750000
12 10:32:09 146 750000
14 10:33:47 7 750449
13 10:33:47 50 750440
15 10:36:01 230 750010
16 10:44:56 2515 750010
17 10:49:48 98 750010
18 10:51:25 49 750010
19 10:53:04 43 750010
20 10:58:16 65 750010
21 10:59:59 2842 750000
22 11:02:32 1166 748055
23 11:04:02 4398 748056
24 11:11:56 2000 748057
26 11:13:01 6 751996
25 11:13:01 3200 751996
27 11:20:38 3302 751996
28 11:27:29 1500 751500
31 11:34:39 10 748060
30 11:34:39 6000 748060
29 11:34:39 1834 748060
32 11:38:57 4581 748059
33 11:41:56 5419 748059
34 11:42:04 10 748059
35 11:42:31 10 748059
36 11:43:03 7 748059
37 11:44:11 5757 748059
38 11:44:37 5602 748056
40 11:45:40 3500 748010
39 11:45:40 100 748010
41 11:47:05 4850 748010
42 11:49:06 6845 748022
43 11:50:18 4305 748022
44 11:51:54 10 748021
45 11:52:36 200 748020
46 11:52:54 2800 748020
47 11:53:22 10 748020
49 11:54:39 2510 748009
48 11:54:39 1000 748010
51 11:56:11 10 748009
50 11:56:11 990 748009
52 11:57:57 1000 748010
53 12:05:53 10 748010
54 12:10:13 2449 748010
56 12:10:49 7000 748000
55 12:10:49 3000 748005
57 12:15:36 500 748001
62 12:24:04 400 747050
61 12:24:04 2500 747400
60 12:24:04 3000 747550
59 12:24:04 2500 747600
58 12:24:04 3000 747800