1 09:02:16 666 750000
2 09:42:44 157 752001
3 10:02:53 91 755000
4 10:07:19 843 752102
5 10:07:46 500 752102
6 10:08:02 1950 752102
8 10:08:04 21543 755000
7 10:08:04 3457 752102
10 10:08:08 21634 755000
9 10:08:08 3366 755000
12 10:08:16 100 755000
11 10:08:16 3366 755000
14 10:10:27 23050 755000
13 10:10:27 1950 754999
16 10:10:30 23050 755000
15 10:10:30 1950 755000
17 10:10:51 1950 755000
18 10:14:28 110 755000
19 10:26:59 166 755000
20 10:29:49 22774 755000
21 10:49:49 1295 755000
22 10:50:09 1310 752404
23 11:07:22 258 754001
24 11:43:50 229 754007
25 11:45:34 67 754007
26 11:46:46 90 754007
27 11:48:37 1643 754200
28 11:52:43 104 754210
29 11:53:34 2582 754210
30 12:03:23 100 754500
31 12:18:26 1000 755000
33 12:23:04 1154 755000
32 12:23:04 10 755010