3 09:21:45 35 749999
2 09:21:45 425 745000
1 09:21:45 40 744500
4 09:37:24 7 745003
5 09:48:58 100 745004
6 10:05:19 2000 745203
7 10:12:18 2000 745215
8 10:12:45 4690 745215
9 10:12:49 2000 745211
10 10:20:58 1641 745205
11 10:24:36 3500 745205
12 10:26:42 3169 745208
14 10:27:11 12 745208
13 10:27:11 12 745208
15 10:27:12 11 745208
16 10:33:18 35 745215
17 10:58:28 50 745215
18 10:59:16 26 745215
19 10:59:47 1389 745215
20 11:02:48 2256 745215
22 11:06:10 50 745500
21 11:06:10 1560 745500
23 11:08:32 151 745213
24 11:20:12 2600 745216
25 11:30:51 3491 745221
26 11:34:02 8 745213
27 11:39:59 13 745214
28 11:51:46 1000 745201
29 12:07:12 80 745800
30 12:15:38 8 745209
31 12:25:38 2000 745225