1 09:42:25 2500 757000
3 09:44:01 15000 756422
2 09:44:01 3270 756422
5 09:51:23 7 759900
4 09:51:23 7 759900
7 09:52:06 16 761790
6 09:52:06 100 761790
8 10:19:20 50 758000
9 10:32:26 1213 756000
12 11:04:26 1000 758000
11 11:04:26 41 758000
10 11:04:26 6550 758000
13 11:26:07 1392 756422
14 11:40:00 10 758000
15 11:46:24 10 756051
23 11:47:45 13837 761500
22 11:47:45 11163 761500
21 11:47:45 112 761500
20 11:47:45 12180 761490
19 11:47:45 41 761470
18 11:47:45 1484 758000
17 11:47:45 10 757000
16 11:47:45 10 757000
24 12:08:55 630 756059
25 12:22:27 347 756101