1 09:23:47 600 751111
6 09:31:54 10 760000
5 09:31:54 590 760000
4 09:31:54 3442 760000
3 09:31:54 132 759990
2 09:31:54 600 759900
7 09:33:36 394 761000
8 09:35:07 124 761000
9 09:36:10 7535 761000
10 09:36:58 919 761000
11 09:37:14 9 761000
12 09:43:29 700 761000
13 09:44:51 3451 761000
14 09:45:31 700 761000
15 09:45:34 2318 761000
16 09:45:39 29 761000
17 09:45:42 1000 761000
18 09:46:02 900 761000
19 10:00:14 727 761000
20 10:02:46 307 761000
21 10:03:37 11 761000
22 10:06:50 11 761000
23 10:22:53 290 761000
24 10:25:37 801 761000
25 10:55:21 10 754210
26 10:55:55 120 754210
27 11:08:06 5000 754206
28 11:08:17 1320 754205
29 11:08:27 7742 754200
31 11:33:33 3094 754200
30 11:33:33 1000 754201
34 12:02:26 24490 754200
33 12:02:26 500 754211
32 12:02:26 10 754220
36 12:04:13 500 759900
35 12:04:13 9679 755000
38 12:12:14 1000 759989
37 12:12:14 250 759989
40 12:16:09 180 754200
39 12:16:09 20 754210