1 09:21:57 10 723700
3 09:22:47 290 719120
2 09:22:47 10 719500
5 09:28:54 318 719500
4 09:28:54 10 719500
7 09:48:51 180 720000
6 09:48:51 10 720100
8 10:00:49 5300 723000
10 10:03:20 1296 723000
9 10:03:20 204 723000
11 10:03:40 20 723000
12 10:20:30 20 721999
14 10:20:53 184 722000
13 10:20:53 938 721999
15 10:24:28 20 722999
17 10:30:20 199 722000
16 10:30:20 50 722000
18 10:32:56 277 722000
19 10:45:25 119 720701
20 10:52:05 2029 720701
21 10:55:21 387 720701
22 10:55:39 453 720701
23 11:10:25 7 720702
24 11:16:55 998 720702
25 11:17:30 70 721900
26 11:21:06 10832 720702
28 11:27:15 700 721900
27 11:27:15 30 721900
29 11:28:37 100 722000
31 11:30:05 774 722000
30 11:30:05 8226 722000
32 11:33:19 280 720702
33 11:34:38 10 722789
34 11:35:41 10 722788
35 11:38:21 270 722788
37 11:38:49 220 722790
36 11:38:49 230 722790
39 11:40:36 247 722788
38 11:40:36 30 722788
41 11:43:43 97 722788
40 11:43:43 3 722788
46 11:44:07 200 722788
45 11:44:07 280 722788
44 11:44:07 250 722788
43 11:44:07 280 722788
42 11:44:07 303 722788
47 11:55:04 4310 720702
52 11:57:33 417 720010
51 11:57:33 300 720101
50 11:57:33 10 720700
49 11:57:33 10 720701
48 11:57:33 3882 720702
53 11:58:24 50 720010
54 12:09:25 1465 721000
56 12:11:14 2883 719600
55 12:11:14 29 720000
57 12:16:38 30 719900
58 12:16:39 970 719900
61 12:19:34 207 719701
60 12:19:34 112 719900
59 12:19:34 10 719900
62 12:22:09 467 722599
63 12:29:01 50 720100
64 12:29:02 289 720100