1 09:17:08 425 758003
2 09:23:20 8 758102
4 10:04:44 170 758113
3 10:04:44 500 758115
6 10:10:16 5046 762000
5 10:10:16 18 762000
7 10:13:27 933 762000
8 10:35:28 1376 758151
9 10:46:50 1320 759111
10 11:37:14 370 758176
11 11:38:35 1080 758176
12 11:43:48 1620 758201
13 12:09:18 2381 758231
14 12:09:47 20 758234
15 12:19:41 850 760000
16 12:19:52 46 760000
17 12:20:01 200 760000
20 12:21:30 7 765000
19 12:21:30 865 764000
18 12:21:30 838 760000
21 12:21:48 1050 765000
22 12:24:42 499 765000
23 12:27:50 9500 766000