2 09:38:51 2232 754000
1 09:38:51 300 754001
3 09:52:47 6136 756680
4 10:08:57 500 756680
5 10:35:58 9364 756680
9 11:02:17 18798 758000
8 11:02:17 60 757900
7 11:02:17 265 757000
6 11:02:17 5877 756680
14 11:02:23 11628 760000
13 11:02:23 70 759990
12 11:02:23 100 759990
11 11:02:23 12000 759000
10 11:02:23 1202 758000
15 11:02:32 3536 760000
19 12:03:26 1872 754001
18 12:03:26 10 754100
17 12:03:26 112 754100
16 12:03:26 100 754100
21 12:07:18 959 754001
20 12:07:18 41 754050
22 12:07:34 180 754001
23 12:11:29 2414 754001
24 12:23:28 25000 755000
25 12:27:50 330 754001