1 09:05:35 205 742300
2 09:33:06 14 744087
3 09:33:29 20 744092
4 09:43:34 8 744231
6 10:17:50 910 745000
5 10:17:50 464 745000
7 10:18:13 200 746000
8 10:19:27 126 746000
9 10:29:32 130 744950
10 10:34:21 1128 744950
11 10:40:12 1257 744964
12 10:47:24 819 745110
13 10:48:19 452 745110
14 11:08:49 60 746000
16 11:10:09 10000 746000
15 11:10:09 642 746000
17 11:17:04 7 746000
18 11:17:09 7 746000
19 11:43:02 25 745538
20 11:45:05 3500 745990
21 11:49:58 490 745616
22 12:02:15 434 745701
23 12:05:04 1757 745701
24 12:10:25 1349 745713
25 12:17:59 270 745746
26 12:18:02 10 745746
27 12:18:51 25 745746