2 09:41:27 1776 771000
1 09:41:27 20202 771000
6 10:02:54 3874 767340
5 10:02:54 544 767350
4 10:02:54 272 767351
3 10:02:54 480 767351
7 10:03:04 421 767340
9 10:18:20 1947 770000
8 10:18:20 50 770001
10 10:38:27 50 770001
13 10:38:44 200 767555
12 10:38:44 200 767555
11 10:38:44 150 767555
14 10:38:59 115 767555
15 10:48:44 208 767513
17 11:11:32 240 767513
16 11:11:32 20 767515
18 11:13:19 130 767522
21 11:31:46 1398 767512
20 11:31:46 160 767513
19 11:31:46 370 767522
26 11:42:27 8476 769990
25 11:42:27 1050 769989
24 11:42:27 803 769988
23 11:42:27 10000 768990
22 11:42:27 4671 768000
27 11:42:28 1524 769990
28 11:42:40 3171 771800
29 11:43:29 1 767512
30 11:46:27 1 767531
31 12:15:05 2000 767542
32 12:15:45 333 767542
33 12:20:58 5236 767537
36 12:21:53 1000 771000
35 12:21:53 385 770998
34 12:21:53 2334 769998