1 09:03:11 60 754000
2 09:07:33 773 754000
3 09:12:27 812 754301
4 09:19:27 870 756950
6 09:24:39 23290 756950
5 09:24:39 1710 756000
8 09:24:40 23290 756950
7 09:24:40 1710 756950
9 09:24:44 1710 756950
10 09:25:55 500 754530
11 09:40:03 38 755000
12 09:54:09 1729 755101
13 09:54:13 210 755101
14 09:59:32 513 756000
15 10:12:06 50 759500
16 10:12:53 3800 758000
17 10:14:19 935 756001
18 10:14:41 693 756001
19 10:29:47 1260 756021
23 10:32:21 9072 759999
22 10:32:21 870 759999
21 10:32:21 38 759998
20 10:32:21 20 759990
24 10:49:20 2993 756102
25 10:55:07 39 756124
27 10:55:46 23061 756122
26 10:55:46 11 756124
28 10:56:00 20 756122
30 10:56:10 23092 756122
29 10:56:10 1908 756122
31 10:56:11 1908 756122
33 10:59:11 2530 759000
32 10:59:11 70 758990
35 11:19:20 1235 756210
34 11:19:20 60 756212
36 11:20:29 436 756210
37 11:30:09 803 756210
38 11:30:53 679 756210
40 11:31:17 1952 756205
39 11:31:17 21847 756210
41 11:38:18 4406 756300
42 11:39:53 700 756300
43 11:40:36 500 756300
45 11:44:23 469 756300
44 11:44:23 1997 756301
46 11:48:40 200 756302
47 11:49:54 1917 756302
48 12:10:07 70 756550
49 12:16:06 500 756552