1 09:07:03 80 749803
2 09:12:13 1420 749803
3 09:12:39 6675 749803
5 09:13:27 516 749500
4 09:13:27 500 749801
6 09:25:40 8 757990
7 09:54:29 2103 750000
8 10:36:23 53 750000
9 10:47:24 6 751999
10 10:53:54 207 751000
12 11:06:01 622 750000
11 11:06:01 1844 750000
13 11:38:27 100 750001
14 11:53:38 7 750002
16 12:03:11 2970 750000
15 12:03:11 2400 750001
17 12:06:32 25 750500
19 12:07:25 30 750999
18 12:07:25 15 750999
20 12:08:17 5 750002
24 12:12:47 1289 751000
23 12:12:47 100 751000
22 12:12:47 8 750999
21 12:12:47 100 750999
25 12:20:20 400 750500
26 12:21:39 454 750500