1 09:03:38 1534 744400
2 09:04:31 441 744400
3 09:06:09 25 744400
4 09:07:14 1000 744400
5 09:08:29 1187 744300
6 09:09:00 433 744350
8 09:11:08 212 744401
7 09:11:08 1000 744401
9 09:11:45 2000 744400
10 09:12:14 885 744351
11 09:12:44 115 744351
12 09:16:00 1000 744401
13 09:17:22 500 744501
18 09:17:51 6422 770000
17 09:17:51 70 769000
16 09:17:51 50 769000
15 09:17:51 1458 751000
14 09:17:51 2000 747050
20 09:18:00 527 781000
19 09:18:00 6578 770000
21 09:19:02 2895 751000
22 09:20:29 1959 744500
23 09:20:51 1000 751000
24 09:20:58 1000 751000
25 09:21:08 41 744500
26 09:21:09 1000 751000
27 09:21:13 1000 751000
28 09:21:17 1000 750999
29 09:21:25 500 750999
30 09:21:30 500 750999
31 09:21:40 200 750999
32 09:22:27 269 744400
33 09:27:43 10 744520
34 09:40:19 60 745600
35 09:40:56 1940 745600
36 09:43:30 60 746010
37 09:44:19 1325 746001
38 09:45:16 1325 746006
39 09:45:38 177 746007
40 09:48:17 200 746183
41 09:51:22 8616 746443
42 10:10:49 98 748009
43 10:12:32 2393 748020
44 10:13:30 138 748021
45 10:14:40 1000 749000
46 10:14:43 29 748029
47 10:16:04 98 748056
48 10:16:58 98 748082
49 10:18:17 98 748157
50 10:19:03 98 748201
51 10:21:32 75 749019
52 10:23:18 195 749101
53 10:24:59 124 749102
54 10:30:14 801 749102
55 10:34:00 200 749102
56 10:35:57 2430 749500
57 10:37:33 501 749500
58 10:39:31 2351 749500
59 10:46:53 1703 749500
60 10:47:48 1216 749500
62 10:51:25 5456 749500
61 10:51:25 4005 749500
63 10:58:23 20 749500
64 10:59:58 2100 749500
66 11:01:51 2176 749500
65 11:01:51 1000 750200
67 11:03:03 230 750010
68 11:03:44 12 750010
69 11:05:05 5000 750899
70 11:05:59 12 750010
71 11:06:30 934 750010
72 11:07:20 297 750010
73 11:10:10 315 750010
74 11:15:23 508 749500
75 11:22:20 2534 749500
76 11:22:31 1466 749202
77 11:22:47 668 749500
78 11:25:17 142 749202
79 11:25:25 2550 749202
80 11:27:13 847 749202
81 11:36:33 590 749204
82 11:39:57 7 750879
83 11:54:01 710 749207
84 11:57:31 98 749209
85 12:02:57 498 749210
86 12:11:45 100 750000
87 12:13:08 100 749500
88 12:13:58 8 749499
94 12:14:19 12461 750950
93 12:14:19 100 750950
92 12:14:19 4570 750900
91 12:14:19 6572 750000
90 12:14:19 1230 749500
89 12:14:19 67 749499
97 12:14:22 17003 751000
96 12:14:22 1958 750950
95 12:14:22 6039 750950
99 12:14:26 24401 751000
98 12:14:26 599 751000
101 12:14:31 24401 751000
100 12:14:31 599 751000
102 12:14:39 599 751000
103 12:14:43 8 751000
104 12:17:05 634 751100
105 12:19:02 5652 751100
106 12:19:36 634 751100
107 12:21:22 634 751100
108 12:23:59 5017 751100
109 12:26:39 4700 751100
110 12:26:48 32 751100