1 09:11:24 100 718110
2 09:15:39 348 719000
3 09:16:58 116 719000
4 09:19:17 94 719000
5 09:19:18 6906 719000
6 09:19:35 2784 721000
7 09:28:03 3280 719100
8 09:47:13 1000 719200
9 09:55:39 1863 719101
10 09:55:40 1436 719101
11 09:59:12 10000 719100
12 10:07:45 1208 719100
13 10:19:15 378 719109
14 10:26:45 319 719109
15 10:47:25 100 719200
16 11:00:32 3136 720000
17 11:16:01 2301 720000
17 11:16:01 2301 720000
20 11:16:04 330 722000
19 11:16:04 2000 722000
18 11:16:04 2512 721900
20 11:16:04 330 722000
19 11:16:04 2000 722000
18 11:16:04 2512 721900
21 11:16:13 500 722000
21 11:16:13 500 722000
22 11:16:19 694 722000
22 11:16:19 694 722000
23 11:18:01 879 722000
24 11:32:31 640 720010
25 11:49:56 100 720100
26 11:49:57 400 720100
27 12:07:59 2909 720100
28 12:12:38 4000 720100
29 12:13:29 1222 720100
30 12:17:46 100 720100
31 12:17:59 333 720100
37 12:28:10 11000 722000
36 12:28:10 200 722000
35 12:28:10 6367 722000
34 12:28:10 100 721999
33 12:28:10 862 721999
32 12:28:10 100 721990