1 09:18:14 1000 722609
2 09:18:27 8 726798
4 09:22:52 4700 723500
3 09:22:52 300 723501
5 09:32:52 140 724200
7 09:37:31 308 723501
6 09:37:31 1000 723555
9 09:42:36 3543 723500
8 09:42:36 192 723501
10 09:44:31 163 723500
12 09:57:01 2400 723501
11 09:57:01 4000 723501
15 10:00:10 6390 723500
14 10:00:10 7600 723501
13 10:00:10 10 724000
16 10:04:48 226 723501
19 10:11:25 10000 725000
18 10:11:25 4377 725000
17 10:11:25 330 724999
22 10:12:23 9805 725950
21 10:12:23 1000 725910
20 10:12:23 1000 725910
24 10:14:34 737 724501
23 10:14:34 20 725100
25 10:26:24 63 724512
28 10:39:09 1105 725100
27 10:39:09 41 725100
26 10:39:09 427 725100
29 10:54:07 2 725200
30 11:14:06 7538 725300
32 11:14:48 1569 726777
31 11:14:48 1323 726777
36 11:15:06 1200 726999
35 11:15:06 600 726998
34 11:15:06 500 726997
33 11:15:06 217 726980
39 11:16:42 4000 727998
38 11:16:42 188 727995
37 11:16:42 1000 726999
40 11:16:48 812 727998
42 11:31:13 769 725501
41 11:31:13 501 725501
44 11:31:50 646 726001
43 11:31:50 501 726001
45 11:37:04 5116 727800
46 11:44:39 7 727800
47 11:50:38 4 726111
48 11:51:42 2 726113
50 12:05:00 11 726400
49 12:05:00 7 726401
51 12:05:07 2618 726400
52 12:08:42 10747 726400
55 12:13:57 12701 726110
54 12:13:57 675 726400
53 12:13:57 11624 726400
56 12:14:06 5000 726110
57 12:22:39 10 726110