1 09:02:20 990 762252
3 09:02:56 400 762252
2 09:02:56 10 762252
4 09:03:09 127 762252
5 09:18:10 18 762505
6 09:21:18 1928 762505
8 09:26:58 933 763000
7 09:26:58 50 763000
9 09:35:24 881 763101
10 09:40:30 206 763101
11 10:01:37 12000 764997
13 10:01:40 5000 764997
12 10:01:40 8000 764997
18 10:01:56 3033 766499
17 10:01:56 2383 766490
16 10:01:56 50 766000
15 10:01:56 330 765000
14 10:01:56 300 765000
19 10:04:57 2594 763602
20 10:10:18 2594 766999
21 10:39:06 1320 763888
22 11:07:05 2700 763735
23 11:07:15 2300 763735
24 11:07:42 2000 763734
25 11:07:47 2300 763734
26 11:07:57 500 763734
27 11:08:07 40 763734
28 11:08:17 160 763734
31 11:09:16 2700 767998
30 11:09:16 5140 767998
29 11:09:16 2000 766995
32 11:18:18 19 763759
33 11:30:56 500 763769
34 11:57:33 200 763804