1 09:12:25 500 740555
2 09:12:37 3361 740000
4 09:48:39 2093 740000
3 09:48:39 140 740001
5 09:56:09 163 740011
7 09:56:12 859 740000
6 09:56:12 37 740011
8 10:18:38 4030 740001
11 10:19:07 3129 740000
10 10:19:07 19 740001
9 10:19:07 970 740001
12 10:31:44 273 740000
13 10:32:27 700 740000
14 10:44:19 100 740001
15 10:52:57 180 740001
16 10:54:50 921 740001
19 11:00:33 5 741555
18 11:00:33 5 741000
17 11:00:33 5 740666
20 11:04:33 4750 741555
21 11:06:23 280 740500
22 11:18:30 1000 742000
23 11:38:55 25000 742001
24 11:48:55 660 742000
25 11:50:53 25 742000
26 12:07:53 1350 742500
27 12:15:51 2558 742500
28 12:26:56 200 742500