1 09:27:42 1300 763472
2 09:28:01 400 763472
3 09:28:13 32 763472
4 09:57:50 300 763480
5 10:01:35 23 763000
6 10:10:22 600 762259
7 10:10:31 3178 762229
8 10:35:22 306 762300
9 10:41:00 25 762302
10 10:41:00 154 762300
11 10:41:00 1000 762269
12 10:41:00 1384 762229
13 10:56:28 200 762233
14 10:58:25 37 762233
15 10:59:52 460 762233
17 11:11:26 76 762233
16 11:11:26 3 762233
18 11:11:47 100 763200
19 11:11:51 200 763500
26 11:31:38 700 765987
25 11:31:38 376 765987
24 11:31:38 2300 765985
23 11:31:38 2800 765000
22 11:31:38 2956 764979
21 11:31:38 1000 764970
20 11:31:38 80 764970
27 11:31:48 1000 766000
28 11:46:45 130 762900
29 11:50:49 130 765999
30 11:56:44 1068 766500
31 11:57:52 100 766500
32 12:04:11 35 766502
33 12:06:02 3121 766502
34 12:06:41 234 766502
35 12:08:41 820 766502
39 12:11:46 180 768000
38 12:11:46 2914 767900
37 12:11:46 635 767899
36 12:11:46 350 767899