1 09:23:11 2892 755030
3 09:23:37 22892 755020
2 09:23:37 2108 755030
6 09:23:38 22882 755010
5 09:23:38 10 755010
4 09:23:38 2108 755020
7 09:44:15 1000 756012
8 09:45:10 4682 756012
9 10:18:15 1900 756011
10 10:33:00 118 758900
11 10:33:15 50 758900
12 10:33:16 50 758900
14 10:41:56 189 756011
13 10:41:56 70 756030
15 10:42:46 2294 756011
16 11:02:59 1215 758500
19 11:03:22 10 758900
18 11:03:22 207 758900
17 11:03:22 40 758900
20 11:03:41 524 759000
22 11:17:44 1000 759985
21 11:17:44 300 759000
23 11:22:55 1 756011
25 11:32:42 200 756011
24 11:32:42 6 756011
26 11:32:48 84 756000
27 11:39:10 1000 756000
28 12:00:45 15000 756012
31 12:20:03 25 756000
30 12:20:03 300 756011
29 12:20:03 7 756100
32 12:21:55 10 756000
33 12:26:08 108 756000
34 12:26:31 770 756000
36 12:27:28 7 759900
35 12:27:28 10 759000
38 12:27:38 2394 759900
37 12:27:38 73 759900
39 12:29:03 102 759900