1 09:07:11 1200 767229
2 09:07:24 17 767229
3 09:10:33 664 767259
4 09:13:41 50 767259
6 09:14:58 111 767257
5 09:14:58 500 767333
7 09:55:29 1 767551
8 10:13:33 90 768111
9 10:25:55 253 769000
10 10:26:32 1578 769000
12 10:30:10 219 769999
11 10:30:10 17 769999
13 10:30:43 1914 769999
15 10:36:47 111 769111
14 10:36:47 20 769111
16 10:43:49 300 769115
17 10:45:01 2180 769115
18 10:45:29 3432 769115
20 10:51:50 920 770990
19 10:51:50 80 770990
21 10:52:05 100 770990
22 10:52:16 30 770990
23 10:52:26 20 770990
24 10:53:11 3 770989
25 10:53:26 1 770989
26 11:19:45 10 770899
27 11:50:28 1158 770000
30 11:57:06 1940 769400
29 11:57:06 7970 769500
28 11:57:06 90 769500
31 12:05:00 100 770755
32 12:05:13 50 770755
33 12:16:19 500 770000
34 12:19:30 50 770000
35 12:23:22 7223 770000
36 12:23:34 446 770000
37 12:24:30 400 770990