1 09:17:14 5000 745851
2 09:18:30 1708 745850
3 09:43:32 1187 746009
4 10:09:23 4000 749990
6 10:34:39 3623 746162
5 10:34:39 2500 746200
7 10:35:09 900 746164
8 10:50:27 124 746369
9 10:53:50 20 748000
11 11:07:30 1039 748000
10 11:07:30 100 748500
12 11:19:30 1817 747001
13 11:30:06 540 747011
15 11:36:51 32 748000
14 11:36:51 1101 748000
16 11:39:37 149 748000
17 11:39:57 19 748000
18 11:44:05 479 748000
19 11:44:41 4918 748000
20 11:50:16 12 748500
21 11:53:12 270 748000
22 11:58:49 4571 748000
23 12:07:31 2117 748000
24 12:11:13 670 748000
25 12:16:55 687 748000
26 12:18:02 40 748000