1 09:18:37 1000 751507
2 09:55:45 230 752500
5 10:21:58 2197 754890
4 10:21:58 4786 754890
3 10:21:58 190 754880
10 10:23:02 54 756000
9 10:23:02 2000 756000
8 10:23:02 1728 755000
7 10:23:02 2388 755000
6 10:23:02 752 754900
12 10:29:27 2000 756000
11 10:29:27 992 755999
13 10:30:07 40 757500
14 10:33:55 400 757500
15 10:33:56 1500 757500
16 10:34:42 1015 757500
17 10:42:28 51 757500
18 10:42:42 400 757500
19 10:45:01 5000 757500
20 10:46:06 1327 757500
21 10:49:15 9238 757500
22 10:51:02 500 757500
46 10:57:33 10 758100
45 10:57:33 130 758100
44 10:57:33 130 758100
43 10:57:33 130 758100
42 10:57:33 130 758100
41 10:57:33 130 758100
40 10:57:33 130 758100
39 10:57:33 130 758100
38 10:57:33 130 758100
37 10:57:33 130 758100
36 10:57:33 130 758100
35 10:57:33 130 758100
34 10:57:33 130 758100
33 10:57:33 130 758100
32 10:57:33 130 758100
31 10:57:33 130 758100
30 10:57:33 130 758100
29 10:57:33 130 758100
28 10:57:33 130 758100
27 10:57:33 130 758100
26 10:57:33 130 758100
25 10:57:33 130 758100
24 10:57:33 130 758100
23 10:57:33 130 758100
47 10:58:01 130 758500
50 10:58:01 110 758500
49 10:58:01 130 758500
48 10:58:01 130 758500
51 10:58:21 120 758900
54 10:58:22 130 758900
53 10:58:22 20 758900
52 10:58:22 130 758900
55 11:02:36 2537 757500
56 11:05:20 20 754510
58 11:05:42 2029 754500
57 11:05:42 132 754501
61 11:07:51 10 757500
60 11:07:51 2463 757500
59 11:07:51 600 757499
62 11:07:55 1420 757500
63 11:13:26 817 757500
64 11:14:22 5000 757500
65 11:15:25 1000 757500
67 11:15:41 7 758899
66 11:15:41 3000 758899
68 11:15:51 1000 757500
69 11:17:11 5572 757500
70 11:21:36 280 757500
71 11:25:29 57 757500
72 11:30:25 85 757500
73 11:30:32 523 758899
74 11:45:29 1039 757500
75 11:50:13 519 757500
76 11:56:20 507 757500
77 11:57:12 3539 757500
78 12:05:33 1092 757500
79 12:14:27 1578 756000
80 12:17:06 3007 757000
81 12:17:46 10173 757000
82 12:20:10 10 757000