2 09:15:41 1999 721602
1 09:15:41 501 721603
3 09:21:16 6555 721671
4 09:22:09 14 723000
6 09:25:58 147 723000
5 09:25:58 86 723000
7 09:26:15 568 723000
8 09:27:22 850 723000
9 09:28:07 457 722601
10 09:28:31 291 722601
11 09:30:00 3027 723000
12 09:41:48 175 723101
13 09:45:05 5000 723990
14 09:46:01 2300 723997
15 09:46:56 1119 723201
19 09:48:27 1000 724000
18 09:48:27 2272 724000
17 09:48:27 2000 723999
16 09:48:27 2407 723998
19 09:48:27 1000 724000
18 09:48:27 2272 724000
17 09:48:27 2000 723999
16 09:48:27 2407 723998
20 09:51:47 386 724000
21 09:56:12 2000 723501
22 10:08:44 2 723501
23 10:18:56 2000 723501
24 10:21:12 378 723501
25 10:24:36 3100 723501
26 10:39:17 2000 723500
28 10:40:27 2000 723500
27 10:40:27 23000 723500
30 10:40:30 2000 723500
29 10:40:30 23000 723500
32 10:40:32 2000 723500
31 10:40:32 23000 723500
33 10:40:42 1000 723500
34 10:41:26 5000 723500
35 10:41:35 1000 723500
36 10:41:37 1000 723500
38 10:41:39 1000 723500
37 10:41:39 2596 723500
39 10:47:55 20 723500
40 10:51:30 15 723500
41 11:03:17 827 723500
42 11:03:36 2460 723500
43 11:03:53 2073 723500
44 11:05:33 1000 723500
45 11:07:11 200 723500
46 11:14:23 290 723500
47 11:30:36 690 723500
49 11:30:55 13171 723500
48 11:30:55 3829 723500
50 11:34:14 8300 723500
51 11:41:54 507 723501
52 11:43:28 1043 723501
53 11:52:53 700 723501
54 11:58:03 1463 723501
55 11:59:04 1000 723501
56 12:00:01 2005 723501
58 12:11:30 650 723501
57 12:11:30 15 723502
59 12:14:07 1000 723501
60 12:14:34 1643 723800
61 12:14:41 14460 723800
63 12:15:41 7321 724000
62 12:15:41 500 723999
64 12:23:11 1934 724000
65 12:23:23 100 724000
66 12:24:12 670 724000
67 12:24:23 500 724000
68 12:26:22 1670 724395
77 12:28:23 70 725000
76 12:28:23 500 725000
75 12:28:23 1000 724999
74 12:28:23 138 724980
73 12:28:23 500 724969
72 12:28:23 1000 724948
71 12:28:23 541 724947
70 12:28:23 500 724945
69 12:28:23 10 724945