2 09:00:05 2 748005
1 09:00:05 1120 748005
3 09:04:29 558 748205
4 09:24:57 2 748201
5 09:38:55 50 751000
7 09:42:31 1207 750009
6 09:42:31 80 751000
9 10:02:43 503 750000
8 10:02:43 1793 750009
10 10:07:43 50 751000
11 10:24:03 50 751000
12 10:27:16 3000 750009
13 10:27:36 1806 750009
14 10:27:57 194 750009
15 10:28:44 1806 751999
16 10:29:50 100 752000
17 10:32:31 3347 752000
18 10:33:36 5000 752900
19 10:36:12 5000 752900
20 10:38:16 5000 752900
21 10:56:37 1271 752900
23 11:01:21 26 750501
22 11:01:21 174 751000
24 11:10:00 1 751000
26 11:10:44 1909 750502
25 11:10:44 9 751000
35 11:20:24 4648 755000
34 11:20:24 3412 755000
33 11:20:24 10000 753000
32 11:20:24 1325 753000
31 11:20:24 46 752997
30 11:20:24 2320 752900
29 11:20:24 1429 752900
28 11:20:24 700 752899
27 11:20:24 1120 752898
36 11:20:28 15352 755000
37 11:21:15 1000 755000
38 11:21:55 8615 755000
39 11:39:06 33 755000
40 12:01:28 3 751212
41 12:01:37 157 751210
42 12:02:23 966 751210
43 12:19:30 786 751210
44 12:19:59 1497 754000
45 12:20:58 3000 750506
47 12:21:26 400 750505
46 12:21:26 3000 750505
48 12:21:31 1378 750505
49 12:25:27 4378 752500
50 12:25:36 6761 751210