1 09:02:31 200 735000
2 09:29:15 500 740011
3 09:29:27 1681 740000
4 09:48:11 12 740022
5 09:48:18 12 740022
7 10:05:08 3088 740050
6 10:05:08 676 740066
8 10:14:45 10 740100
9 10:15:12 300 740100
10 10:15:35 8519 740100
11 10:22:06 8 740101
12 11:04:37 20 740510
13 11:05:40 80 740510
14 11:06:20 13 740510
15 11:09:24 5 740252
16 11:28:17 1000 741999
23 12:05:31 3395 740101
22 12:05:31 2000 740112
21 12:05:31 995 740252
20 12:05:31 450 740262
19 12:05:31 10 740270
18 12:05:31 150 740270
17 12:05:31 500 740272
29 12:12:49 9528 741500
28 12:12:49 10703 741500
27 12:12:49 14297 741500
26 12:12:49 2000 741499
25 12:12:49 34 741499
24 12:12:49 150 741497
30 12:13:06 6643 741500
31 12:17:06 1657 741500
32 12:19:30 11 741800
33 12:21:28 120 741500
34 12:24:50 500 741500
35 12:26:33 200 741500
36 12:28:27 1000 741500
37 12:28:35 100 741500
38 12:29:36 1461 741500