1 09:29:17 400 758000
2 09:44:06 2550 756011
4 09:59:29 50 756010
3 09:59:29 2450 756011
5 10:04:21 1174 756010
6 10:07:26 2500 756020
7 10:08:56 1491 756020
8 10:20:55 3042 756020
9 10:24:11 2615 756020
10 10:25:21 100 756020
11 10:28:01 130 756020
12 10:28:17 679 756020
13 10:28:34 333 756020
14 11:05:41 200 756790
15 11:08:47 4000 756020
16 11:25:42 1341 756020
19 11:28:14 1635 756900
18 11:28:14 2602 756790
17 11:28:14 4532 756790
21 11:29:38 4106 756900
20 11:29:38 315 756900
22 11:29:48 17272 758000
24 11:39:10 1488 754601
23 11:39:10 1000 754603
25 11:56:52 1000 757990
27 11:57:02 11470 758000
26 11:57:02 970 758000
28 12:04:57 200 754601
29 12:07:06 21 754601
31 12:10:39 2990 754601
30 12:10:39 10 754700
32 12:19:40 79 754800
33 12:20:36 3773 754711
34 12:24:34 3549 754711