1 09:07:48 9014 758000
2 09:24:39 350 757150
3 09:29:10 1966 757152
5 09:29:32 3552 757151
4 09:29:32 3034 757152
6 09:39:24 265 757200
7 09:40:03 1786 757201
8 09:41:52 280 757251
9 09:52:12 1338 757350
10 09:55:01 1292 757990
11 09:55:08 4499 758000
12 09:55:42 2501 758000
13 09:59:28 45 758614
14 10:06:56 533 758000
15 10:07:40 12 758614
16 10:08:48 776 757500
17 10:19:41 20 758000
18 10:20:19 16 757555
19 10:20:57 244 757555
20 10:20:59 100 757550
28 10:22:32 2000 762000
27 10:22:32 1000 762000
26 10:22:32 16 761000
25 10:22:32 12 761000
24 10:22:32 45 761000
23 10:22:32 2500 760000
22 10:22:32 3331 759000
21 10:22:32 3447 758614
29 10:23:05 145 757560
31 10:43:49 9069 762000
30 10:43:49 20 762000
32 10:50:18 12 762000
33 10:51:58 6089 762000
34 11:13:38 18899 762000
35 11:18:59 1997 762000
36 11:20:48 7092 762000
37 11:21:20 9089 762000
38 11:22:04 9089 762000
39 11:23:27 7224 762000
40 11:23:36 17776 762000
41 11:25:59 15000 762000
42 11:27:07 10000 762000
43 11:33:41 100 762000
44 11:34:23 24900 762000
45 11:38:22 25000 762000
46 11:41:13 25000 762000
47 11:43:01 25000 762000
48 11:56:39 347 758132
49 12:00:11 3065 759130
50 12:04:23 7 762000
51 12:17:43 6045 759132
52 12:26:27 180 759133
53 12:26:32 70 759132