1 09:15:28 500 743003
3 10:21:03 3200 743151
2 10:21:03 1500 743155
5 10:21:24 10 743155
4 10:21:24 8 743155
6 10:21:49 15 743155
7 10:22:44 8 743155
8 10:38:40 91 743170
9 10:39:16 866 743170
11 10:52:34 100 743210
10 10:52:34 100 743300
15 10:58:10 329 743155
14 10:58:10 5000 743156
13 10:58:10 1043 743170
12 10:58:10 900 743210
16 10:59:16 7 743155
18 11:04:52 20 744989
17 11:04:52 10 744989
19 11:14:48 10 743200
20 11:18:02 220 743200
21 11:22:32 20 743210
22 11:23:02 56 743210
23 11:48:22 68 743250
25 11:55:50 185 743255
24 11:55:50 115 743256
26 11:59:04 500 743255
30 12:01:12 43 743200
29 12:01:12 10 743250
28 12:01:12 932 743250
27 12:01:12 315 743255
31 12:03:59 1000 743203
32 12:04:19 1118 743203
33 12:28:35 15 743203
34 12:28:44 10 743300