1 09:07:46 1692 742001
2 09:08:46 1200 743830
3 09:15:00 19 743830
4 09:20:40 500 743951
5 09:38:38 10 744000
6 09:55:57 1 744003
8 09:56:38 3001 744000
7 09:56:38 999 744003
9 10:16:28 1470 743521
10 10:16:31 997 743521
11 10:36:04 220 743653
12 10:49:46 412 743921
14 10:53:18 5000 744000
13 10:53:18 4368 744000
15 10:54:40 2000 743990
16 10:55:05 1649 743990
17 10:58:53 300 743615
18 11:15:08 450 743810
19 11:20:14 9 743810
20 11:30:21 40 743810
21 11:45:32 117 743810
22 12:11:52 169 743823
25 12:14:57 35 743820
24 12:14:57 500 743823
23 12:14:57 831 743823
26 12:25:16 500 743823
27 12:27:18 1000 743823
28 12:27:36 4000 743823
30 12:29:12 342 743825
29 12:29:12 10 743825