1 09:17:17 144 742001
5 09:47:13 947 742140
4 09:47:13 1500 742150
3 09:47:13 1960 742151
2 09:47:13 856 742413
6 09:47:39 4053 742140
6 09:47:39 4053 742140
7 09:48:12 10000 742140
8 09:48:22 2000 742140
9 09:48:26 5000 742140
10 09:48:27 3947 742140
11 09:49:01 2000 742142
12 09:49:33 1500 742142
13 09:50:15 5000 742141
14 09:57:56 1000 742200
15 09:59:01 665 742200
17 10:01:02 2723 742980
16 10:01:02 856 742979
18 10:09:02 370 742201
20 10:15:16 351 742201
19 10:15:16 26 742202
24 10:26:34 1000 742999
23 10:26:34 1000 742978
22 10:26:34 675 742900
21 10:26:34 60 742900
25 10:32:05 1232 742205
29 10:33:34 23195 743000
28 10:33:34 140 743000
27 10:33:34 24860 743000
26 10:33:34 140 742999
30 10:33:45 1805 743000
31 10:35:22 20 743900
32 10:35:32 24980 744000
33 10:35:43 20 744000
34 10:35:52 25000 744000
35 10:36:06 12200 744000
36 10:37:42 5000 744000
37 10:46:56 461 742350
38 10:49:35 431 742350
39 10:53:13 3000 743000
40 10:54:34 824 742350
41 10:56:29 10000 743000
44 10:57:00 23 743000
43 10:57:00 7977 743000
42 10:57:00 12000 743000
45 10:59:26 477 743000
46 11:00:43 467 743000
47 11:02:16 16 744000
49 11:04:22 2866 743000
48 11:04:22 180 743001
50 11:10:21 68 742402
51 11:10:51 242 742401
52 11:11:19 2292 742413
53 11:11:46 1513 744000
54 11:13:16 5000 744000
56 11:30:32 7 744000
55 11:30:32 309 744000
61 11:31:24 1960 744998
60 11:31:24 215 744500
59 11:31:24 125 744488
58 11:31:24 35 744400
57 11:31:24 313 744400
62 11:35:10 2700 744000
63 11:35:18 1020 742530
64 11:37:19 25000 744000
69 11:38:48 5000 745000
68 11:38:48 372 744999
67 11:38:48 153 744999
66 11:38:48 25 744980
65 11:38:48 35 744800
71 11:38:57 19000 748800
70 11:38:57 200 746000
72 11:39:12 16000 748820
73 11:45:27 5000 748500
75 12:14:34 260 743000
74 12:14:34 10 743010
76 12:23:14 2637 743100
77 12:27:22 200 743100