1 09:00:05 920 717100
2 09:18:56 650 717555
3 09:18:57 50 717555
4 09:29:54 10 719989
5 09:36:18 694 719697
6 09:47:00 25 717669
8 09:50:57 696 719486
7 09:50:57 70 719480
15 09:55:08 2819 720000
14 09:55:08 3651 719700
13 09:55:08 2000 719699
12 09:55:08 4309 719690
11 09:55:08 3500 719500
10 09:55:08 8021 719490
9 09:55:08 700 719489
19 09:55:10 120 720000
18 09:55:10 1500 720000
17 09:55:10 495 720000
16 09:55:10 2181 720000
21 10:16:58 329 720000
20 10:16:58 42 720000
22 10:25:58 4099 718561
23 10:29:44 700 718561
24 10:36:03 500 718563
25 10:43:54 10231 719500
27 10:44:36 700 720000
26 10:44:36 652 720000
28 10:50:31 600 720000
30 10:50:57 9701 720000
29 10:50:57 7817 720000
31 10:53:52 7482 720000
35 10:54:01 5000 720500
34 10:54:01 6495 720490
33 10:54:01 30 720490
32 10:54:01 10 720490
37 10:54:05 6569 721000
36 10:54:05 920 720990
38 10:54:24 8000 718051
39 10:59:13 1527 718645
39 10:59:13 1527 718645
40 11:01:33 536 720000
42 11:03:32 70 721500
41 11:03:32 6000 721500
43 11:05:37 100 721500
44 11:05:49 3862 721500
45 11:06:24 3000 721500
46 11:07:21 596 721500
47 11:10:00 109 721500
47 11:10:00 109 721500
48 11:11:04 937 721500
49 11:20:10 1000 721500
50 11:20:38 396 721500
51 11:27:39 1512 720001
52 11:32:46 992 720100
52 11:32:46 992 720100
53 11:36:37 8 720100
54 11:57:12 6270 720103
56 12:13:02 6970 721000
55 12:13:02 30 721000
57 12:14:59 6760 720113
58 12:15:00 30 720113
59 12:15:08 330 720113
60 12:16:07 527 720113
61 12:22:02 635 720115
66 12:24:44 1000 721850
65 12:24:44 280 721800
64 12:24:44 40 721750
63 12:24:44 1000 721750
62 12:24:44 28 721700
67 12:26:17 3000 721899
68 12:26:42 9 720115