1 09:00:46 324 755000
2 09:10:07 825 755000
3 09:32:00 282 753100
4 10:23:14 57 753270
16 10:29:50 13774 757000
15 10:29:50 1100 756999
14 10:29:50 2600 756450
13 10:29:50 50 756449
12 10:29:50 1320 756438
11 10:29:50 1186 756437
10 10:29:50 1059 756437
9 10:29:50 2054 756000
8 10:29:50 1728 756000
7 10:29:50 60 756000
6 10:29:50 49 755999
5 10:29:50 20 755999
18 10:29:51 13774 757000
17 10:29:51 11226 757000
20 10:29:52 11681 757000
19 10:29:52 11226 757000
21 10:33:20 1486 754000
22 10:33:23 34 754000
27 10:54:54 5000 759990
26 10:54:54 57 759990
25 10:54:54 500 759000
24 10:54:54 24 758990
23 10:54:54 100 758990
28 10:55:09 20 760000
29 10:55:43 12000 760000
30 10:55:48 7299 760000
31 10:58:38 25000 760000
32 11:11:30 2323 760000
33 11:12:16 395 760000
34 11:14:14 52 760000
35 11:15:41 251 760001
36 11:17:06 79 760001
37 11:20:57 5389 760000
38 11:24:53 23 760000
39 11:25:46 16818 760000
40 11:43:04 159 756010
41 11:44:08 141 756010
42 11:53:31 8 756001
43 12:26:42 523 756001