1 09:00:03 578 720000
2 09:05:35 4399 720000
3 09:08:34 3000 720000
4 09:11:50 20 720001
5 09:20:24 10 723953
6 09:22:34 500 721000
7 09:27:21 10 722800
9 09:36:15 9730 720021
8 09:36:15 225 720300
11 09:37:26 7432 720020
10 09:37:26 5270 720021
13 09:48:12 1553 720021
12 09:48:12 200 720200
14 09:51:00 4000 720038
15 09:52:37 580 723878
16 09:52:47 695 723879
17 09:53:12 4990 723890
18 09:53:23 500 723899
23 09:54:04 1000 724999
22 09:54:04 700 724000
21 09:54:04 1000 723989
20 09:54:04 1000 723986
19 09:54:04 1703 723985
24 09:54:11 483 724999
25 09:54:21 897 724999
26 09:54:29 108 724999
27 10:04:59 200 724989
28 10:30:20 17 721153
29 10:36:02 70 721155
30 10:46:59 2000 721152
31 10:57:42 150 721152
32 11:02:08 9729 721154
33 11:18:25 221 724099
34 11:45:42 417 721155
35 11:46:43 583 721155
36 11:48:23 3500 721154
37 11:49:31 800 721160
38 11:50:29 6258 721154
39 11:56:30 694 721160
40 12:03:58 220 722000
41 12:04:09 200 722000
43 12:04:22 350 721154
42 12:04:22 650 721160
44 12:15:43 2507 719000
45 12:17:48 5580 719101