1 09:27:51 52 759997
2 09:30:05 60 759997
3 09:35:23 78 759997
5 09:36:49 953 755500
4 09:36:49 180 755502
6 09:38:43 330 755600
7 09:40:17 490 755600
8 09:42:54 2023 755600
9 09:44:15 52 759875
10 09:50:21 2433 756000
11 09:58:23 30 759676
12 09:59:51 200 756000
15 10:05:16 443 756000
14 10:05:16 2000 756000
13 10:05:16 867 756000
16 10:13:09 65 759499
17 10:42:05 7 758389
19 10:48:08 7 756100
18 10:48:08 2000 756100
20 10:48:23 2000 756020
22 10:50:13 12000 756020
21 10:50:13 25000 756020
25 10:50:59 4458 756000
24 10:50:59 2500 756009
23 10:50:59 14539 756010
26 10:51:21 562 755800
27 10:51:30 500 755800
28 10:52:10 380 758389
29 10:52:10 7 758390
30 10:52:10 525 758999
31 10:52:10 2025 758999
32 10:52:10 22063 759000
33 11:23:22 800 756500
34 11:23:31 16 756500
35 11:25:12 800 758995
36 11:42:31 82 756801
37 11:44:44 500 756851
38 11:44:44 170 756851
39 11:45:38 1000 756851
40 11:45:48 1000 756851
41 11:49:26 40 756856
42 11:50:51 70 756852
43 11:57:38 3000 758990
44 12:01:20 4198 757001
45 12:01:27 2140 757001
46 12:01:35 797 757000
47 12:11:28 2000 757000
48 12:11:35 266 757000
49 12:15:45 3000 757010
50 12:16:07 4242 757010
51 12:16:26 401 757010
52 12:18:04 509 757000
53 12:29:08 270 757000