1 09:15:43 654 717985
2 09:34:47 877 717985
3 09:35:04 139 719888
4 09:37:17 13200 717985
5 09:39:12 1054 717985
6 09:39:15 4 717985
7 09:50:30 2868 717985
9 09:59:02 10 717986
8 09:59:02 24 717986
10 09:59:27 2168 717986
11 10:01:02 176 719670
12 10:48:06 200 717985
13 10:49:31 619 717985
14 10:55:26 14757 717985
15 10:56:31 923 717985
16 11:01:18 500 717886
18 11:02:05 4481 717886
17 11:02:05 1146 717886
23 11:18:50 8 717920
22 11:18:50 22 717920
21 11:18:50 40 717920
20 11:18:50 50 717930
19 11:18:50 10 717930
29 11:19:08 2195 717885
28 11:19:08 732 717886
27 11:19:08 3100 717890
26 11:19:08 1000 717905
25 11:19:08 200 717920
24 11:19:08 12 717920
30 11:27:27 1883 717885
31 11:32:44 982 717885
32 11:38:29 120 717885
33 11:52:55 2229 717885
34 12:01:39 1000 717885
35 12:02:34 441 717885
37 12:14:21 160 718533
36 12:14:21 270 718533
39 12:24:33 695 717885
38 12:24:33 10 717886