2 09:00:05 382 718888
1 09:00:05 620 718888
3 09:08:47 400 721500
4 09:08:53 14690 720151
5 09:10:01 236 721500
7 09:11:28 1229 721500
6 09:11:28 310 721501
8 09:13:19 500 722000
10 09:15:13 9 720200
9 09:15:13 535 721500
11 09:16:42 382 720200
13 09:19:04 2314 720200
12 09:19:04 2000 720201
14 09:32:08 79 721490
15 09:39:22 891 720211
18 09:39:46 200 720200
17 09:39:46 500 720211
16 09:39:46 109 720211
20 09:51:14 487 718111
19 09:51:14 13 718112
23 10:05:03 413 718160
22 10:05:03 13 718555
21 10:05:03 209 719000
24 10:08:31 50 718160
25 10:09:58 1088 718160
26 10:15:09 2356 719999
27 10:15:18 280 720000
28 10:15:41 10 720129
29 10:15:42 190 720129
31 10:15:52 77 720990
30 10:15:52 13 720990
32 10:16:51 500 720999
34 10:17:06 10 721000
33 10:17:06 7799 721000
35 10:28:40 69 719001
36 10:34:20 60 720501
37 10:35:59 60 720000
38 10:40:27 2156 720000
39 10:42:09 1830 720501
40 10:51:46 160 718001
41 10:52:14 3741 718001
42 10:58:03 10 721438
43 10:59:55 5566 718001
44 11:00:03 3891 718001
45 11:00:05 718 718001
46 11:16:16 50 719000
47 11:18:00 34 719000
48 11:21:28 600 718002
49 11:21:42 400 717655
51 11:44:16 2508 717636
50 11:44:16 10 718000
52 11:44:36 200 717636
53 11:44:47 200 717636
54 11:45:06 2 717636
55 11:45:20 10 717636
56 11:47:02 300 717636
57 11:47:10 430 717636
58 11:49:33 76 717636
60 12:04:29 865 717633
59 12:04:29 962 717633
63 12:10:22 2500 717633
62 12:10:22 2500 717633
61 12:10:22 3700 717633
66 12:11:00 1016 719000
65 12:11:00 500 719000
64 12:11:00 1484 718500
67 12:11:16 1477 717633
68 12:11:24 1000 719000
69 12:11:38 1000 719000
70 12:20:43 66 718990
71 12:21:14 2000 717700
72 12:23:10 11070 717633
73 12:25:27 2221 717633
74 12:27:48 4705 717633
76 12:29:23 2119 702201
75 12:29:23 160 715100
77 12:29:50 2119 717633
78 12:29:59 534 717633