1 09:02:46 250 761900
2 09:17:09 90 761900
3 09:18:27 86 761900
4 09:18:42 241 761900
5 09:28:14 600 758003
6 09:28:40 700 758003
7 09:29:00 500 758003
10 09:41:04 252 758013
9 09:41:04 350 758100
8 09:41:04 2000 758101
11 11:00:58 1320 759000
21 11:09:44 10 762000
20 11:09:44 1990 762000
19 11:09:44 1800 761900
18 11:09:44 559 761900
17 11:09:44 500 760000
16 11:09:44 1774 760000
15 11:09:44 60 760000
14 11:09:44 132 760000
13 11:09:44 5585 760000
12 11:09:44 300 759999
22 11:14:19 1500 758039
23 11:14:46 186 758039
24 11:15:08 2673 760000
25 11:16:00 114 758039
26 11:16:33 70 758039
27 11:35:17 456 758063
28 11:45:03 399 758101
29 11:45:32 601 758101
30 12:02:42 130 758101