1 09:23:23 3000 756800
2 09:23:43 2074 756000
3 09:25:40 4070 756865
4 09:28:30 6061 756865
5 09:34:19 23 756009
6 10:03:07 7 758000
11 10:11:14 380 758000
10 10:11:14 8312 758000
9 10:11:14 16681 758000
8 10:11:14 7 757999
7 10:11:14 8312 757999
12 10:26:23 627 756216
14 10:52:38 148 756500
13 10:52:38 89 756501
15 11:02:14 177 756620
16 11:05:19 29 756620
17 11:18:32 500 756651
18 11:19:58 397 756651
19 11:22:34 1180 756690
21 11:23:29 4800 757000
20 11:23:29 200 757000
22 11:24:01 5000 757000
23 11:25:58 2500 756700
24 11:26:13 1967 756690
25 11:28:16 100 756651
26 11:30:03 56 756661
29 11:34:38 1680 758000
28 11:34:38 4000 758000
27 11:34:38 15200 757000
31 11:34:58 19538 758500
30 11:34:58 7 758400
37 11:35:46 21030 759998
36 11:35:46 605 759000
35 11:35:46 8 758999
34 11:35:46 55 758999
33 11:35:46 1400 758998
32 11:35:46 100 758996
38 11:41:17 2670 756701
40 11:48:27 5000 760500
39 11:48:27 2080 760490
41 11:56:01 921 757000
44 12:00:10 5000 760500
43 12:00:10 10000 759999
42 12:00:10 1081 759000
45 12:08:45 5000 757001
46 12:08:56 579 757000
51 12:21:58 11231 760000
50 12:21:58 13190 760000
49 12:21:58 1000 760000
48 12:21:58 810 760000
47 12:21:58 10000 759999
52 12:24:19 5000 760500