1 09:18:16 350 764001
2 09:21:08 1320 764010
3 09:22:59 300 765000
5 09:41:24 28 764510
4 09:41:24 89 764510
7 09:45:58 883 764505
6 09:45:58 400 764505
8 09:55:21 42 764505
10 10:08:15 290 764505
9 10:08:15 10 764505
11 10:09:07 520 764505
12 10:14:54 200 764505
13 10:47:46 290 764505
14 10:48:20 100 764505
15 10:49:29 48 764505
16 10:51:58 12 764505
17 11:04:56 807 764505
19 11:05:05 200 765000
18 11:05:05 250 765000
20 11:05:25 290 764502
21 11:09:14 816 764502
22 11:20:29 8 764502
23 11:21:48 7 764502
24 11:28:15 700 764502
26 11:38:55 4285 764502
25 11:38:55 25 764510
27 12:04:27 28 764504
28 12:05:43 2745 764504
29 12:08:47 87 764504
30 12:11:46 655 764504
32 12:12:19 150 765000
31 12:12:19 1665 764505
33 12:12:20 70 765000
34 12:17:00 105 765000
36 12:18:11 310 764504
35 12:18:11 190 765000
37 12:22:20 156 764504
38 12:25:45 480 764504
39 12:29:49 712 764504
40 12:29:52 2273 764504
41 12:29:53 1257 764504