4 09:06:31 3550 777000
3 09:06:31 500 775000
2 09:06:31 500 770000
1 09:06:31 450 760000
5 09:09:54 8 760000
6 09:10:39 25 747070
7 09:15:12 20 747260
8 09:25:19 344 750010
9 09:35:28 142 750020
15 09:37:05 1813 770000
14 09:37:05 440 770000
13 09:37:05 1450 769999
12 09:37:05 500 760000
11 09:37:05 417 760000
10 09:37:05 16 759990
16 09:37:20 5000 770000
17 09:37:26 5000 770000
18 09:37:30 8 750020
20 09:38:33 538 750020
19 09:38:33 250 750020
21 09:39:23 788 750020
22 09:40:19 619 750020
25 09:40:36 1872 770000
24 09:40:36 2308 769900
23 09:40:36 820 769800
27 09:41:42 335 750020
26 09:41:42 820 750030
29 09:45:02 4080 770000
28 09:45:02 920 769900
30 09:48:01 175 749020
33 09:57:04 4380 769999
32 09:57:04 500 769998
31 09:57:04 120 769900
34 10:00:07 5000 769999
35 10:08:21 865 750030
36 10:09:26 112 750022
37 10:11:02 145 769800
38 10:13:54 1000 750023
39 10:14:38 288 750022
40 10:14:53 1671 750000
41 10:15:53 115 750001
42 10:30:10 13 759000
43 10:31:20 2100 758900
44 10:31:33 1000 758900
45 10:31:59 400 758900
46 10:33:09 500 758900
47 10:36:17 92 750042
48 10:36:41 141 750048
49 10:44:20 793 750054
50 10:46:13 780 750100
51 10:48:13 908 750100
53 10:49:42 130 750100
52 10:49:42 92 750100
54 11:00:18 600 749201
55 11:33:00 5000 751000
56 11:33:39 41 749252
58 11:47:54 1006 749261
57 11:47:54 1000 749264
59 11:50:50 1221 749261
60 11:55:53 299 749202
61 11:56:48 1000 749202
62 11:56:54 10 749202
63 12:01:51 1000 751999
64 12:04:26 864 749205
65 12:05:08 557 749207
66 12:06:04 307 749207
67 12:07:56 300 749207
69 12:08:05 93 749207
68 12:08:05 7 749207
70 12:08:37 7 749207
71 12:10:11 100 749201
72 12:11:22 374 749201
75 12:23:28 145 749100
74 12:23:28 2000 749150
73 12:23:28 3000 749200
76 12:25:24 200 749100