2 09:30:45 330 751001
1 09:30:45 170 752000
3 09:37:38 200 752520
4 09:42:42 576 751101
5 09:44:49 100 751201
6 10:26:21 274 753000
7 10:43:06 100 751505
8 10:49:48 450 751505
9 10:50:30 400 751505
10 10:57:22 220 751600
11 11:08:25 425 751601
12 11:23:49 1000 751605
13 11:35:00 25000 753000
14 11:35:01 25000 753000
16 11:38:19 24700 753000
15 11:38:19 300 752000
18 11:38:20 24700 753000
17 11:38:20 300 753000
19 11:38:23 300 753000
20 11:38:38 102 753000
21 11:43:01 399 753000
22 12:03:46 7499 753000
25 12:19:35 1837 753000
24 12:19:35 9 753000
23 12:19:35 16700 753000
26 12:19:38 20000 753000
27 12:22:05 474 753000
28 12:22:15 9 753000