1 09:22:32 1000 724000
2 09:22:37 4491 720000
3 09:42:09 1 720020
4 09:42:56 1 720020
5 10:17:43 578 721000
6 10:18:47 1254 721000
7 10:19:14 626 720100
8 10:26:12 125 721000
10 10:30:52 161 720100
9 10:30:52 1174 720100
11 10:31:04 500 720100
12 10:31:58 464 720040
13 10:33:24 464 720040
15 10:33:29 1000 720040
14 10:33:29 72 720040
16 10:33:52 293 720040
17 10:35:16 300 720040
18 10:35:18 375 720040
19 10:47:32 280 720000
20 10:56:52 1938 720000
21 10:57:45 46 720419
22 10:57:52 254 720000
23 11:00:55 24 720001
24 11:20:19 7 722000
25 11:21:50 7 721990
29 11:46:12 3338 720000
28 11:46:12 13 720001
27 11:46:12 1030 720001
26 11:46:12 1350 720005
30 11:47:47 7 721000
32 11:49:26 10000 721000
31 11:49:26 832 721000
33 11:50:41 190 720000
34 12:13:51 746 719100
35 12:15:17 517 719100
38 12:15:33 1000 717680
37 12:15:33 300 719000
36 12:15:33 1237 719100
39 12:15:43 755 717680
40 12:18:47 500 717680
42 12:19:09 100 717672
41 12:19:09 525 717680
43 12:19:36 525 717672
44 12:20:05 200 717680
45 12:20:31 600 717651
46 12:22:06 1120 717651
48 12:27:53 668 717650
47 12:27:53 695 717651
50 12:29:18 3608 717633
49 12:29:18 4332 717650
51 12:29:42 10 717660