1 09:20:50 1000 767000
1 09:20:50 1000 767000
2 09:26:54 500 768000
3 09:33:57 130 767011
4 09:34:17 2 767011
8 09:42:56 1000 770998
7 09:42:56 5521 770000
6 09:42:56 1334 770000
5 09:42:56 3755 770000
10 09:47:47 500 767222
9 09:47:47 268 767222
11 09:48:19 100 767222
12 09:48:22 21 767222
13 10:30:11 4200 770000
14 10:30:19 28 770000
15 10:31:15 2397 770000
16 10:52:06 1413 770000
21 11:50:02 1344 764000
20 11:50:02 4000 765000
19 11:50:02 80 765002
18 11:50:02 400 768470
17 11:50:02 50 768480
22 11:52:40 100 767001
23 12:00:57 80 768505
25 12:13:42 7 768529
24 12:13:42 10 768529
26 12:13:43 1945 768529
27 12:14:22 7 768700
28 12:14:24 10 768522
29 12:14:36 7 768800
30 12:15:51 7 768800
31 12:17:32 861 768522
32 12:18:57 1021 768522
33 12:20:06 7 768800
34 12:20:31 700 768800
35 12:21:36 910 768800
36 12:21:46 124 768522
37 12:21:47 5876 768522
39 12:23:26 4356 768521
38 12:23:26 2144 768522
40 12:23:38 3000 768800
41 12:24:23 4000 768800