1 09:14:33 30 743101
4 09:14:39 17 743500
3 09:14:39 1735 743500
2 09:14:39 4000 743500
5 09:31:58 15919 743415
6 09:55:31 300 743521
7 10:19:17 7 744500
9 10:20:30 23 745000
8 10:20:30 10 745000
10 10:40:41 2610 743701
11 11:12:16 10 744250
12 11:30:28 10000 744699
13 11:45:51 452 743811
14 11:47:14 584 743811
15 11:50:18 407 743850
15 11:50:18 407 743850
16 11:53:16 1225 743850
22 12:01:18 7087 743800
21 12:01:18 2000 743800
20 12:01:18 1500 743810
19 12:01:18 8045 743811
18 12:01:18 1000 743850
17 12:01:18 368 743850
23 12:12:19 240 743821
24 12:19:02 115 743830
25 12:29:59 1385 743830