1 09:00:03 255 855842
3 09:07:11 13745 855842
2 09:07:11 98 855842
4 09:10:57 134 856000
5 09:36:57 6 855842
6 09:37:13 2472 855842
7 09:37:28 344 855842
8 09:46:04 20000 855850
9 09:46:50 14178 855842
10 09:54:31 5428 855842
11 09:55:59 64 855842
12 10:00:57 2543 855842
13 10:01:43 20 855842
14 10:06:48 252 855842
15 10:28:21 1230 855842
16 10:30:16 1700 855842
17 10:36:32 362 855842
18 10:36:57 1000 855842
19 10:38:51 770 855842
20 11:08:10 2000 855842
21 11:17:18 40 856000
22 11:19:05 33 855842
23 11:43:05 318 855842
24 11:45:26 1000 855842
25 12:03:38 80 856000
26 12:09:32 3310 855842
27 12:14:54 11970 855842