1 09:19:22 20 870000
2 09:23:35 1374 870000
3 10:02:28 6 871710
5 10:04:12 291 871701
4 10:04:12 6 871710
7 10:04:56 82 871701
6 10:04:56 8 871710
8 10:13:13 10 871710
9 10:14:08 116 871701
10 10:17:23 6 871710
11 10:17:56 115 871701
12 10:24:10 567 871701
13 10:27:31 494 871701
14 10:28:26 164 871701
15 10:29:23 100 871701
16 10:30:03 164 871701
17 10:39:28 85 871701
19 10:40:08 14288 871700
18 10:40:08 822 871701
20 10:43:08 20 872000
21 10:43:29 3321 871700
22 11:03:15 10 871700
23 11:39:03 10 873000
24 12:05:10 2443 871700
25 12:08:49 80 873000
27 12:18:04 10 871700
26 12:18:04 9 871700
28 12:21:44 115 871000