1 09:14:02 6294 845006
2 09:18:55 393 845010
3 09:23:24 200 852000
4 09:30:05 869 856000
5 09:41:17 268 856000
6 09:53:19 6687 856000
7 09:58:51 759 850031
8 10:13:45 2000 856000
9 10:18:13 626 856000
10 10:25:26 7 856490
11 10:25:27 593 856000
12 10:33:49 500 855800
13 10:33:52 600 856000
14 10:37:03 7 855800
15 10:49:33 20 850500
16 10:49:34 375 850500
17 10:50:20 10 856000
18 10:52:33 412 856200
20 10:57:06 71 856500
19 10:57:06 30 856400
20 10:57:06 71 856500
19 10:57:06 30 856400
21 10:59:21 134 856000
21 10:59:21 134 856000
22 11:08:57 500 856300
23 11:25:26 400 856300
24 11:26:58 101 855454
25 11:40:56 500 856350
25 11:40:56 500 856350
26 11:45:11 100 856450
27 12:02:56 600 856000
28 12:03:12 900 856000
29 12:18:55 773 851121