1 09:03:33 5000 861710
2 09:21:53 3500 861000
6 09:35:12 3000 861010
5 09:35:12 2000 861550
4 09:35:12 130 861600
3 09:35:12 100 862000
7 09:35:42 19770 861010
8 09:43:14 120 862000
9 10:00:24 2500 861000
10 10:03:56 3000 861000
11 10:04:24 25000 861010
12 10:05:12 25000 861010
13 10:14:15 3000 861000
14 10:16:01 3000 861000
15 10:29:33 4000 861000
17 10:29:36 22000 864000
16 10:29:36 801 861000
18 10:37:02 25000 862500
19 10:39:21 5000 864000
20 10:52:44 3910 864500
21 11:00:19 2353 864555
22 11:02:02 928 861001
23 11:02:30 13000 864500
24 11:17:21 51 864595
25 11:39:41 15000 862520
26 11:40:02 185 862511
27 11:40:45 1651 864290
28 11:44:50 185 864600
29 11:50:12 694 863001
30 11:51:06 694 864620
33 11:54:12 23336 863000
32 11:54:12 694 863001
31 11:54:12 970 863001
34 11:55:17 1664 864620
35 12:20:17 6 864620