1 09:37:03 136 879509
3 10:19:23 239 879514
2 10:19:23 14 880000
4 10:25:36 141 879515
5 11:04:11 500 879537
6 11:14:08 80 882000
10 11:32:04 23742 879545
9 11:32:04 1258 879545
8 11:32:04 23742 879545
7 11:32:04 1258 879546
15 11:32:05 18698 879545
14 11:32:05 5044 879545
13 11:32:05 1258 879545
12 11:32:05 23742 879545
11 11:32:05 1258 879545
16 11:54:09 500 882500
19 11:54:49 100 882800
18 11:54:49 100 882800
17 11:54:49 449 882800
20 11:55:26 633 882900
21 12:04:51 4322 883360
22 12:16:03 1105 883000