1 12:04:57 25000 850000
2 12:04:57 25000 850000
3 12:04:58 25000 850000
4 12:04:58 25000 850000
5 12:04:58 25000 850000
6 12:04:59 25000 850000
7 12:04:59 25000 850000
8 12:05:00 25000 850000
10 12:05:00 25000 850000
9 12:05:00 25000 850000
13 12:05:01 25000 850000
12 12:05:01 25000 850000
11 12:05:01 25000 850000
16 12:05:02 25000 850000
15 12:05:02 25000 850000
14 12:05:02 25000 850000
19 12:05:03 25000 850000
18 12:05:03 25000 850000
17 12:05:03 25000 850000
21 12:05:04 25000 850000
20 12:05:04 25000 850000
22 12:05:50 13415 850000
23 12:14:46 500 848000
24 12:18:37 25000 847000
25 12:18:37 25000 847000
26 12:18:38 25000 847000
27 12:18:38 25000 847000
28 12:18:38 25000 847000
29 12:18:39 25000 847000
30 12:18:39 25000 847000
31 12:18:39 25000 847000
32 12:18:39 25000 847000
33 12:18:40 25000 847000
34 12:18:40 25000 847000
35 12:18:40 24500 847000