2 09:00:04 1 720000
1 09:00:04 64 720000
3 09:11:12 200 723000
5 09:15:06 800 723000
4 09:15:06 700 723001
6 09:15:40 79 723000
7 09:16:20 148 723000
8 09:47:42 876 726000
8 09:47:42 876 726000
9 09:48:00 740 723000
10 09:57:52 1260 723000
11 09:58:42 683 723000
12 10:02:22 124 726000
13 10:05:44 143 728887
14 10:05:58 3000 728888
15 10:06:08 5000 729000
16 10:06:43 700 729996
17 10:08:46 700 729000
18 10:09:14 2174 729000
19 10:09:26 3000 730000
20 10:09:31 683 730000
21 10:09:58 700 730000
22 10:45:27 282 730000
23 10:45:47 706 730000
24 10:47:44 7 730999
25 11:58:51 869 730000
26 11:59:13 925 730000
27 12:02:46 60 730000
28 12:04:04 43 730000
29 12:04:52 50 730000
30 12:07:12 45 730000
31 12:08:55 328 730000
32 12:17:47 750 730100
34 12:25:35 4475 730000
33 12:25:35 2250 730100