1 09:10:49 171 734900
2 09:10:49 1885 735000
4 09:16:52 840 735051
3 09:16:52 10 736000
5 09:19:45 100 735001
6 09:22:06 90 736000
7 09:31:40 10 735055
8 09:32:02 57 735003
10 09:33:07 1197 735002
9 09:33:07 4003 735003
12 09:36:47 613 735003
11 09:36:47 38 735005
15 10:02:57 9080 735016
14 10:02:57 5000 735051
13 10:02:57 741 735052
16 10:11:01 504 735016
17 10:13:40 25000 735100
18 10:14:03 4129 735100
19 10:18:27 444 735000
20 10:19:13 619 734500
22 10:20:16 476 735000
21 10:20:16 694 735000
24 10:24:13 2000 735000
23 10:24:13 2050 735000
25 10:41:34 4000 735000
26 10:43:34 5000 735000
27 10:53:19 5000 735000
28 10:58:25 200 735000
29 11:01:33 726 735000
30 11:15:29 1574 735000
31 11:16:15 3568 735000
32 11:20:40 10 735000
37 11:38:43 5959 734150
36 11:38:43 330 734160
35 11:38:43 2000 734200
34 11:38:43 330 734210
33 11:38:43 1381 734500
38 11:53:54 1500 734200
41 11:56:38 4208 734150
40 11:56:38 1500 734200
39 11:56:38 500 734201
42 12:02:18 230 734200
44 12:26:42 703 734150
43 12:26:42 17 734151
45 12:28:06 50 734150