1 09:05:27 1340 740997
2 09:06:19 6 740997
3 09:06:53 3 740995
4 09:28:20 275 736004
5 09:32:27 359 736008
6 09:40:48 141 738727
7 09:57:36 1500 739199
8 10:06:17 1000 739200
9 10:11:26 1000 737205
10 10:15:48 256 737205
11 10:28:20 339 737209
12 10:42:02 54 739989
13 10:49:53 177 737320
14 11:06:12 309 737323
15 11:23:06 899 737340
16 11:25:12 1200 737340
17 11:54:41 906 737407
18 11:55:52 2600 737407
20 12:29:21 2860 737408
19 12:29:21 5000 737409
21 12:29:55 271 737408
22 12:29:56 12129 737408