2 09:28:51 8 722008
1 09:28:51 8 722009
3 09:29:07 145 722000
4 09:29:13 539 722000
8 09:35:40 100 721000
7 09:35:40 500 722000
6 09:35:40 61 722000
5 09:35:40 200 722001
9 09:35:53 839 721000
11 09:37:18 145 732999
10 09:37:18 8 732995
12 09:38:20 806 732999
13 09:39:15 806 732999
14 09:40:08 633 732999
15 09:41:33 1182 733000
16 10:08:33 885 733000
17 10:09:18 115 733000
18 10:14:03 1023 733000
19 10:15:59 118 733000
20 10:35:20 8 725013
21 10:35:33 144 725013
22 10:35:40 94 725013
23 10:36:25 94 732999
25 10:36:49 94 733000
24 10:36:49 50 732999
26 11:49:29 8 725013
27 11:50:07 83 725013
28 11:53:46 10 723500
29 11:54:00 306 723500
31 11:56:07 296 732000
30 11:56:07 10 731999
32 11:56:46 10 732000
35 12:04:17 899 723505
34 12:04:17 570 723506
33 12:04:17 10 723600
36 12:05:15 570 732000