2 09:13:01 448 736015
1 09:13:01 1035 736016
3 09:24:32 5000 739000
4 09:45:08 413 738880
5 09:46:20 420 738900
13 09:59:59 1170 738999
12 09:59:59 1000 738999
11 09:59:59 1305 738990
10 09:59:59 684 738990
9 09:59:59 2692 738990
8 09:59:59 1794 738900
7 09:59:59 1176 738900
6 09:59:59 179 738900
14 10:00:57 704 738999
15 10:01:09 296 739000
16 10:01:29 295 736202
17 10:06:04 30 739000
23 10:30:08 6023 741000
22 10:30:08 100 741000
21 10:30:08 5966 740999
20 10:30:08 434 739100
19 10:30:08 30 739100
18 10:30:08 3289 739000
26 10:37:05 6670 738007
25 10:37:05 5000 738101
24 10:37:05 10000 739000
27 10:48:18 538 738301
28 11:15:36 7 738543
29 11:16:22 733 738545
30 11:18:53 1776 738551
31 11:29:53 870 738563
32 11:54:43 445 738602
33 11:56:34 1718 739000
34 11:59:33 502 738666
35 12:01:38 350 739000
36 12:12:17 278 739000
37 12:15:33 635 739000
38 12:20:49 10 738803
39 12:22:10 10 739990
40 12:22:41 10 739990
41 12:24:08 40 738803