1 09:06:04 750 746000
3 09:06:21 560 746091
2 09:06:21 2158 746091
4 09:14:10 707 746000
5 09:17:11 13 746000
6 09:20:25 1530 746000
7 09:20:34 506 746000
8 09:21:09 28 746000
10 09:36:21 7 746000
9 09:36:21 1466 746000
11 09:36:26 2000 746000
12 09:36:29 281 746000
15 09:39:59 241 745800
14 09:39:59 10 746000
13 09:39:59 1719 746000
16 09:40:53 299 746025
19 09:40:54 2231 745600
18 09:40:54 10 745800
17 09:40:54 1759 745800
20 09:48:03 2500 745900
21 09:48:11 144 745900
22 09:52:44 2500 746000
23 09:52:48 883 746000
25 09:53:49 3908 746900
24 09:53:49 2127 746500
26 09:55:21 13 746999
28 10:08:31 380 746200
27 10:08:31 100 746500
29 10:12:44 1678 746320
30 10:14:34 13 746998
31 10:25:05 1 746340
32 10:34:54 492 746340
33 10:38:58 882 746340
35 10:45:46 300 746999
34 10:45:46 249 746999
36 10:49:24 21 746345
37 10:50:29 10 747498
38 10:50:50 30 747498
39 10:50:55 16 746999
40 10:56:55 7 747498
41 10:57:55 10 747498
42 10:59:31 10 747498
44 11:10:21 129 746345
43 11:10:21 25 746999
45 11:22:14 457 746345
46 11:27:22 92 746345
48 11:29:05 1704 746341
47 11:29:05 1801 746345
49 11:43:06 200 746348
50 11:51:07 687 746406
51 11:51:25 2500 746409
52 11:51:28 1001 746409
53 11:53:43 740 746998
54 11:55:12 1000 746469
55 11:59:09 200 746473
56 11:59:28 897 746473
57 12:06:28 10 747100
58 12:23:19 80 746515
59 12:26:47 527 746521
60 12:28:49 641 746990