2 09:00:06 10 744100
1 09:00:06 38 744100
5 09:00:31 147 744100
4 09:00:31 7 744100
3 09:00:31 67 744100
6 09:13:33 150 741002
10 09:14:14 227 741000
9 09:14:14 7 741001
8 09:14:14 30 741001
7 09:14:14 736 741002
12 09:19:34 63 741000
11 09:19:34 7 741010
13 09:19:35 1000 709441
14 09:19:43 385 709441
15 09:29:00 10 734000
16 09:29:43 190 734000
20 09:40:48 266 733401
19 09:40:48 501 733401
18 09:40:48 167 733401
17 09:40:48 12 733402
21 09:42:12 10 733403
23 09:42:59 58 733406
22 09:42:59 183 733406
25 09:50:00 325 734301
24 09:50:00 200 734302
29 09:51:31 1731 734301
28 09:51:31 1501 734301
27 09:51:31 501 734301
26 09:51:31 200 734305
33 09:52:33 85 734301
32 09:52:33 2001 734301
31 09:52:33 1501 734301
30 09:52:33 501 734301
34 09:52:51 14 734301
35 09:58:20 100 734308
36 09:58:39 163 736308
37 10:14:51 50 739850
38 10:14:55 3513 739850
39 10:15:30 150 739897
40 10:15:33 3050 739897
42 10:15:36 1495 739897
41 10:15:36 794 739898
43 10:15:37 1800 739899
44 10:15:47 12 739998
46 10:15:58 500 740000
45 10:15:58 215 740000
47 10:16:05 202 742000
48 10:16:43 100 743000
49 10:21:45 439 744000
50 10:33:58 891 736501
54 10:48:10 997 736500
53 10:48:10 2001 736505
52 10:48:10 1501 736505
51 10:48:10 501 736505
56 10:50:16 333 734428
55 10:50:16 3 736500
60 10:58:13 2921 734427
59 10:58:13 501 734428
58 10:58:13 2001 734428
57 10:58:13 1501 734428
61 11:04:19 165 736009
62 11:23:01 162 736016
66 11:27:37 466 736044
65 11:27:37 501 736044
64 11:27:37 335 736045
63 11:27:37 140 736045
67 11:36:15 500 736079
68 11:37:28 1180 736100
69 11:49:27 276 736074
71 11:50:04 114 736073
70 11:50:04 531 736074
72 11:50:13 870 736073
73 11:53:34 674 736500
74 11:57:55 15 736500
75 11:58:28 433 736500
76 11:58:31 78 736500
78 12:03:39 153 734303
77 12:03:39 85 734303
81 12:13:26 5656 732800
80 12:13:26 1143 733000
79 12:13:26 858 733000
82 12:15:53 862 732800
84 12:27:56 523 730000
83 12:27:56 198 730000