1 09:11:19 200 736000
2 09:12:08 1584 736821
3 09:18:34 100 737000
4 09:20:36 2200 737000
5 09:20:50 110 737000
6 09:21:27 210 737000
7 09:21:30 200 737000
8 09:21:46 200 737000
9 09:24:10 7 737000
10 09:24:24 650 737000
11 09:24:41 10 735550
12 09:24:49 50 735000
13 09:25:17 500 735000
14 09:25:28 100 735000
15 09:25:43 12 735000
16 09:25:57 828 735000
17 09:28:02 4000 737000
18 09:28:26 230 737000
19 09:30:54 10 737000
24 09:51:20 4368 742000
23 09:51:20 210 741999
22 09:51:20 1012 741980
21 09:51:20 100 741979
20 09:51:20 261 741979
25 09:51:35 2310 742000
26 09:51:39 716 742000
27 09:59:46 257 735926
28 10:09:31 720 738878
29 10:09:35 1313 738878
30 10:15:30 1 736539
31 10:16:59 20 739990
32 10:20:40 897 736543
33 10:36:55 15 737003
34 10:38:44 67 737003
35 10:39:32 664 737003
36 10:42:46 7 739900
37 10:47:17 10 739900
38 11:18:55 710 737316
39 12:00:13 500 737406
40 12:09:24 357 737411
41 12:09:35 54 737411
43 12:11:14 581 737412
42 12:11:14 748 737413
46 12:12:59 5784 738780
45 12:12:59 8457 738770
44 12:12:59 15 738770
47 12:28:24 88 738780