2 09:37:40 3000 735800
1 09:37:40 300 735700
4 09:38:16 590 736000
3 09:38:16 110 736000
5 09:48:07 200 735800
6 09:50:21 100 735208
7 10:06:12 36 735800
8 10:08:43 90 735800
9 10:20:09 123 735402
10 10:21:48 200 735402
11 10:34:48 50 735900
14 10:36:02 2921 735900
13 10:36:02 10 735900
12 10:36:02 3950 735900
15 10:36:56 2773 735700
16 10:52:49 395 735640
18 11:00:19 660 735640
17 11:00:19 303 735653
19 11:12:37 2000 735640
20 11:18:27 443 735640
21 11:18:41 649 735640
25 11:38:27 1794 736000
24 11:38:27 7410 736000
23 11:38:27 300 735999
22 11:38:27 496 735900
26 11:38:44 330 735641
27 12:18:28 1005 735675
28 12:22:02 626 735675
29 12:22:08 136 735675
30 12:27:11 3590 735998