3 10:09:54 1218 660781
2 10:09:54 10 660782
1 10:09:54 3000 660782
4 10:10:10 1782 660781
9 10:47:56 10000 655000
8 10:47:56 500 655001
7 10:47:56 8 655011
6 10:47:56 192 655020
5 10:47:56 1007 655029
10 10:48:13 8 660781
13 11:11:56 491 655030
12 11:11:56 189 655030
11 11:11:56 10 655100
14 11:12:19 8 659500
17 11:17:23 4508 655021
16 11:17:23 2700 655030
15 11:17:23 10 655100
18 11:17:36 8 658999
19 11:19:39 1500 658990
20 11:28:03 1600 655029
21 11:28:08 2000 655029
22 11:28:09 1384 655029
23 11:28:16 8 658730
24 11:33:25 616 655039
25 11:33:37 5130 655000
26 11:34:13 8 656990
30 11:39:36 5000 658734
29 11:39:36 1020 658730
28 11:39:36 5000 656699
27 11:39:36 3992 656600
33 11:58:49 5 653174
32 11:58:49 90 653200
31 11:58:49 10 653200
34 11:58:59 8 657899
41 12:09:54 1311 659500
40 12:09:54 4000 659300
39 12:09:54 573 658600
38 12:09:54 8210 658000
37 12:09:54 5904 657900
36 12:09:54 10 657899
35 12:09:54 4992 657899
43 12:10:45 11550 659500
42 12:10:45 450 659400
44 12:13:14 190 659499
45 12:18:11 2700 654109
46 12:18:25 8 659499
47 12:18:52 2700 654109
48 12:18:59 8 659499
49 12:24:11 3100 655009
50 12:24:22 1900 655009
52 12:26:08 10 655000
51 12:26:08 230 655000
53 12:26:17 4554 655000
54 12:27:15 952 654200
62 12:28:47 4246 651030
61 12:28:47 1000 651074
60 12:28:47 50 652480
59 12:28:47 500 653173
58 12:28:47 1300 654100
57 12:28:47 6454 654110
56 12:28:47 290 654111
55 12:28:47 48 654200