2 09:00:05 205 740731
1 09:00:05 255 740731
3 09:19:23 2871 745000
4 09:22:12 500 745000
5 09:23:22 1000 745000
6 09:24:35 460 745000
7 09:33:13 1121 745000
8 09:34:30 232 745000
9 09:36:18 26 745000
10 09:41:05 973 745000
11 09:41:17 300 745000
12 09:57:54 61 745000
17 09:58:55 217 749999
16 09:58:55 10 749995
15 09:58:55 109 749990
14 09:58:55 100 749989
13 09:58:55 50 749989
19 09:59:15 100 759995
18 09:59:15 10 756250
20 09:59:47 100 759995
21 10:00:10 100 759995
25 10:20:17 1593 745502
24 10:20:17 700 745555
23 10:20:17 150 745555
22 10:20:17 10 745555
28 10:29:21 346 741605
27 10:29:21 7 745000
26 10:29:21 47 745502
30 10:47:55 30 741700
29 10:47:55 2000 741700
31 10:48:17 2000 741700
32 10:48:18 2000 741700
33 10:48:20 2000 741700
34 10:48:22 178 741700
35 10:48:45 917 741700
36 10:51:21 467 741705
37 11:04:08 300 741713
38 11:43:16 400 742000
39 11:45:03 700 742000
43 11:50:44 83 741801
42 11:50:44 7 741900
41 11:50:44 10 741900
40 11:50:44 100 741900
44 11:58:06 200 741900
47 12:13:19 600 741801
46 12:13:19 200 741900
45 12:13:19 100 742000
48 12:19:14 793 742001
49 12:27:45 4200 742016