1 09:09:11 670 725000
2 09:09:20 2330 725000
3 09:14:09 77 728109
4 09:14:35 698 728109
5 09:35:58 40 727999
7 09:37:02 750 728000
6 09:37:02 455 728000
8 09:38:10 250 728100
9 09:38:54 998 728109
11 09:58:51 100 730000
10 09:58:51 454 729999
13 10:00:56 2321 730000
12 10:00:56 9 730998
14 10:10:03 670 730000
15 10:11:30 9 730000
16 10:22:53 55 730000
17 10:23:14 133 730000
18 10:24:26 134 730000
19 10:26:18 138 730000
20 10:27:27 150 730000
21 10:31:57 1468 730000
22 10:36:09 30 730000
24 11:01:20 8394 731000
23 11:01:20 6000 731000
25 11:22:36 8 730010
28 11:48:27 5132 730000
27 11:48:27 10 730010
26 11:48:27 2 730010
30 11:53:16 312 730000
29 11:53:16 10 730010
32 12:27:16 2491 730000
31 12:27:16 9 730010