1 09:00:05 946 735110
2 09:00:05 576 735110
3 09:01:28 670 739000
4 09:08:35 1000 738000
8 09:14:02 901 735110
7 09:14:02 946 735112
6 09:14:02 3000 735120
5 09:14:02 20 736000
9 09:29:40 14 736000
10 09:38:10 83 736000
20 09:53:34 6254 740000
19 09:53:34 100 740000
18 09:53:34 8200 740000
17 09:53:34 344 740000
16 09:53:34 1000 739990
15 09:53:34 48 739799
14 09:53:34 2423 739790
13 09:53:34 1200 738999
12 09:53:34 7 738000
11 09:53:34 330 738000
21 09:54:37 1000 740000
22 09:54:46 1786 740000
23 09:55:51 2000 740000
24 09:57:10 581 741989
25 09:57:44 308 740000
26 09:57:51 1000 736110
27 09:57:54 1000 736110
28 09:58:04 692 736110
29 09:58:16 200 736111
30 09:58:28 200 736111
31 09:58:35 200 736111
32 09:58:40 3554 736111
33 09:58:57 3 749989
35 10:00:32 121 736121
34 10:00:32 446 736125
36 10:00:42 7 736121
37 10:01:11 426 736121
38 10:09:27 42 740000
39 10:21:26 7 740000
40 10:38:08 54 740000
41 10:55:05 100 740000
42 10:55:42 100 740000
43 11:07:45 1000 740000
44 11:13:58 100 740000
45 11:24:53 1000 740000
46 11:25:21 4217 740000
47 11:37:18 4426 740000
48 11:43:03 200 740000
49 11:46:54 50 740000
50 11:47:36 37 740000
51 11:48:15 50 740000
52 11:50:48 4951 740000
53 11:53:36 900 740000
54 11:53:54 1620 740000
55 11:55:03 200 740000
56 11:58:25 5946 740000
57 11:58:36 444 736122
58 12:03:35 462 736180
61 12:11:59 567 736121
60 12:11:59 538 736199
59 12:11:59 200 736200
62 12:24:32 818 736121
64 12:29:49 4137 736121
63 12:29:49 63 736122