1 09:18:22 767 746140
2 09:31:36 28 746140
6 09:35:56 4500 748000
5 09:35:56 3697 748000
4 09:35:56 688 747900
3 09:35:56 1000 747890
7 10:31:27 24 746503
8 10:43:43 28 746503
13 10:46:54 198 746260
12 10:46:54 120 746275
11 10:46:54 90 746500
10 10:46:54 7 746503
9 10:46:54 68 746503
14 11:07:19 347 746260
18 11:22:41 1000 748000
17 11:22:41 439 748000
16 11:22:41 2086 747500
15 11:22:41 608 747500
19 11:34:30 750 746260
20 11:38:35 20 746260
22 11:44:27 115 746260
21 11:44:27 185 746260
23 12:12:28 29 746260
24 12:25:49 28 746260
25 12:28:13 667 746260