2 09:48:16 876 731001
1 09:48:16 10 731005
4 10:03:51 700 731006
3 10:03:51 10 731010
5 10:04:52 20 731006
6 10:10:13 137 731001
9 10:21:07 1100 731001
8 10:21:07 200 731010
7 10:21:07 200 731010
14 10:38:06 300 731001
13 10:38:06 2500 731001
12 10:38:06 1387 731001
11 10:38:06 200 731010
10 10:38:06 200 731010
15 10:39:08 1000 731001
16 10:39:34 100 731000
17 10:40:44 200 731001
18 10:41:12 200 731001
19 10:41:46 325 731001
20 10:42:13 1303 731001
22 10:49:55 5813 731100
21 10:49:55 280 731200
24 10:53:05 6 731200
23 10:53:05 10 731200
26 11:42:18 55 731202
25 11:42:18 19 731203
30 11:59:32 6671 734000
29 11:59:32 20 734000
28 11:59:32 19 733999
27 11:59:32 10 733999
32 12:01:24 720 734000
31 12:01:24 2 734000
33 12:03:22 10 734000
34 12:05:05 232 734000
35 12:06:20 3947 734000
41 12:12:56 3000 735000
40 12:12:56 295 735000
39 12:12:56 500 735000
38 12:12:56 1000 735000
37 12:12:56 749 735000
36 12:12:56 5 734999