1 09:33:56 30 716000
4 10:14:14 424 706000
3 10:14:14 10 706001
2 10:14:14 496 706001
6 10:43:14 970 706000
5 10:43:14 30 706010
8 11:07:33 5000 710000
7 11:07:33 637 710000
9 11:18:43 1394 711000
10 11:19:41 30 706111
11 11:21:14 30 711000
12 11:24:52 227 711000
13 11:32:00 2000 711200
14 11:37:54 903 711280
15 11:39:31 97 711279
16 11:41:23 97 711279
17 11:44:42 97 711279
18 11:45:24 424 711279
19 11:47:25 30 711270
21 11:48:25 1000 711280
20 11:48:25 97 711280
23 11:50:14 50 711280
22 11:50:14 10 711280
24 11:51:03 403 711999
25 11:53:33 403 711999
26 11:53:37 5000 712000
31 12:15:27 1000 715000
30 12:15:27 5000 714000
29 12:15:27 440 713999
28 12:15:27 338 712999
27 12:15:27 440 712900