1 09:02:52 92 735000
2 09:04:43 54 735000
3 09:12:35 54 737000
4 09:17:54 100 736000
5 09:18:35 402 735000
8 09:33:58 3115 735000
7 09:33:58 100 737000
6 09:33:58 100 737001
9 09:35:10 100 736000
11 09:35:18 163 733000
10 09:35:18 337 735000
12 09:35:31 400 733000
13 09:36:02 500 733000
14 09:36:03 500 733000
15 09:36:06 500 733000
16 09:36:13 500 733000
17 09:36:17 437 733000
18 09:36:26 63 733000
19 09:36:57 500 732000
20 09:37:01 500 732000
21 09:37:03 500 732000
22 09:37:07 500 732000
23 09:37:15 500 732000
24 09:37:20 500 732002
25 09:37:27 100 732002
26 09:37:31 100 732002
27 09:37:34 100 732002
28 09:37:39 50 732002
29 09:37:44 50 732002
30 10:13:30 200 735700
31 10:13:48 806 735800
32 10:18:36 100 734600
33 10:19:20 229 734600
34 10:25:10 221 734500
35 10:26:24 300 734600
38 10:30:45 691 734300
37 10:30:45 200 734400
36 10:30:45 79 734500
39 10:31:26 809 734300
40 10:31:34 76 734270
41 10:43:46 1500 734500
43 10:50:00 13 734310
42 10:50:00 500 734311
44 10:55:12 1000 734500
45 10:55:29 3000 734500
46 10:55:49 3000 734500
47 10:55:54 11 734500
48 10:56:10 500 734500
49 10:56:11 300 734311
50 10:56:31 300 734300
51 10:56:38 1200 734300
52 11:05:32 200 734499
53 11:05:57 400 734499
59 11:08:59 3631 734020
58 11:08:59 300 734021
57 11:08:59 10 734252
56 11:08:59 200 734264
55 11:08:59 100 734300
54 11:08:59 300 734300
60 11:16:14 19 734499
61 11:20:04 100 734499
63 11:22:50 45 734020
62 11:22:50 100 734030
64 11:23:14 99 734020
67 11:23:41 243 734020
66 11:23:41 100 734030
65 11:23:41 18 734035
68 11:26:36 10 734399
71 11:30:43 14949 734020
70 11:30:43 40 734022
69 11:30:43 25 734025
74 11:40:22 2319 734020
73 11:40:22 1000 734021
72 11:40:22 25 734022
75 11:41:50 2789 734020
76 11:43:10 352 734020
78 11:43:20 200 734005
77 11:43:20 573 734020
79 11:44:29 100 734000
80 11:46:32 200 734000
81 11:47:32 196 734000
86 12:02:51 623 733656
85 12:02:51 100 733657
84 12:02:51 10 733657
83 12:02:51 35 733657
82 12:02:51 50 733657
88 12:05:42 300 733658
87 12:05:42 204 733658
89 12:08:22 150 733658
90 12:12:28 70 733658
92 12:14:42 10 733658
91 12:14:42 150 733658
93 12:15:34 5677 733658
94 12:25:25 100 734500