2 09:00:05 800 743000
1 09:00:05 907 743000
3 09:04:30 293 743000
4 09:04:46 982 743000
5 09:13:26 7 743500
6 09:16:46 28 743500
9 09:27:53 217 742600
8 09:27:53 10 743000
7 09:27:53 18 743000
10 09:35:00 7 743500
11 09:37:14 415 742600
12 09:39:38 1942 742601
13 09:41:00 279 742800
14 09:41:02 426 742800
15 09:47:47 35 743000
16 09:48:07 1000 743000
18 09:48:57 761 743000
17 09:48:57 965 743000
20 09:49:08 261 743000
19 09:49:08 239 743000
21 10:31:50 200 743003
22 10:33:45 193 743500
24 10:37:01 1934 743500
23 10:37:01 100 743501
28 10:39:37 5944 745000
27 10:39:37 240 745000
26 10:39:37 14 745000
25 10:39:37 3226 744000
29 10:43:43 826 743502
30 10:43:55 1301 743502
31 10:57:12 5000 743510
32 10:57:16 106 743510
34 11:09:30 540 745000
33 11:09:30 300 745000
35 11:21:11 700 745000
36 11:26:57 10 748989
37 11:43:48 3930 748000
39 12:10:11 3790 745508
38 12:10:11 10 745508
40 12:15:05 1471 745510
43 12:17:55 599 745509
42 12:17:55 10 745510
41 12:17:55 373 745510
44 12:18:48 751 745509
45 12:25:41 10 748978