1 09:03:55 366 746000
2 09:07:10 329 746215
3 09:07:13 50 746216
4 09:08:53 197 746025
6 09:10:23 1098 746015
5 09:10:23 42 746025
7 09:11:40 402 746015
10 09:11:52 19 746015
9 09:11:52 67 746015
8 09:11:52 59 746015
11 09:13:54 2 746020
12 09:20:01 14 746020
16 09:20:48 3134 746000
15 09:20:48 113 746016
14 09:20:48 67 746020
13 09:20:48 484 746020
18 09:21:19 988 745500
17 09:21:19 48 745510
19 09:21:34 7 745500
20 09:27:43 1 745500
21 09:27:45 611 745500
22 09:32:02 22 745500
23 09:32:48 1806 747565
24 09:41:07 443 745500
25 09:42:08 35 745500
26 10:07:56 8 745800
28 10:24:25 7 745815
27 10:24:25 510 745815
30 10:24:26 200 745809
29 10:24:26 400 745810
31 10:24:45 400 745810
32 10:26:02 400 745809
33 10:26:17 551 745809
34 10:26:41 96 745805
35 10:30:01 684 746000
36 10:46:51 200 746003
38 10:47:21 17 746000
37 10:47:21 900 746003
39 10:51:22 3610 747000
40 10:52:57 25 746103
44 10:57:12 983 746000
43 10:57:12 1100 746003
42 10:57:12 100 746100
41 10:57:12 125 746103
45 10:57:29 4500 746000
46 10:57:37 68 746000
47 11:06:55 760 746000
48 11:07:46 30 746000
50 11:15:32 1000 746000
49 11:15:32 210 746000
51 11:15:39 1000 746000
52 11:15:42 614 745900
53 11:15:45 24 746000
54 11:25:30 54 746001
55 11:32:02 446 746001
56 11:32:39 254 746001
63 11:50:44 132 746000
62 11:50:44 46 746000
61 11:50:44 2 746001
60 11:50:44 59 746001
59 11:50:44 67 746001
58 11:50:44 372 746001
57 11:50:44 246 746001
64 11:52:45 500 746001
65 11:52:53 5000 746001
66 11:52:57 222 746001
67 11:58:31 175 746001
69 11:58:34 222 746001
68 11:58:34 103 746001
74 12:08:11 300 746000
73 12:08:11 1000 746000
72 12:08:11 298 746000
71 12:08:11 500 746001
70 12:08:11 278 746001
75 12:08:26 5000 746000
77 12:08:27 2675 746000
76 12:08:27 2325 746000
78 12:08:31 394 746000
79 12:08:33 1000 746000
80 12:11:03 33 746000
81 12:14:07 573 746000
82 12:14:15 2000 746000
83 12:14:22 250 746000
86 12:21:32 349 746000
85 12:21:32 585 746000
84 12:21:32 165 746000