1 09:14:47 41 746000
2 09:15:06 3246 746001
2 09:15:06 3246 746001
3 09:16:06 6697 746001
3 09:16:06 6697 746001
4 09:28:36 29 746050
5 09:36:57 370 746050
6 09:46:01 10 747997
7 09:46:34 7 747997
9 09:48:46 465 747000
8 09:48:46 2887 747000
10 09:53:49 10 747992
11 09:55:53 15 747991
12 09:59:58 30 747000
13 10:00:10 172 747000
14 10:06:35 27 747000
15 10:22:11 570 746500
19 10:28:49 2534 747981
18 10:28:49 400 747976
17 10:28:49 7 747975
16 10:28:49 513 747975
20 10:31:45 10 747975
21 10:32:10 61 747975
22 10:44:25 7 748949
23 11:26:48 339 748948
24 11:59:20 1400 747340
25 12:00:13 661 747340
26 12:01:45 285 747340
28 12:21:28 246 747340
27 12:21:28 654 747340
29 12:26:27 945 747400