1 09:25:25 145 737502
2 09:35:30 359 737777
3 09:59:21 1000 738000
4 10:18:26 42 737900
5 10:18:47 54 737900
6 10:36:53 1867 737801
8 11:53:19 362 737901
7 11:53:19 496 738000
9 11:59:58 1000 737901
10 12:00:52 1000 737901
11 12:01:45 1627 737901
16 12:10:27 116 737807
15 12:10:27 95 737807
14 12:10:27 78 737807
13 12:10:27 95 737807
12 12:10:27 50 737807
17 12:10:28 331 737807
18 12:11:47 268 737807
19 12:13:41 200 737807
20 12:15:23 300 737900
21 12:16:12 688 737807
22 12:18:59 70 737900
23 12:19:19 9 737900
24 12:20:22 450 737900
25 12:21:45 882 737809
26 12:21:50 723 737809
27 12:28:05 17 737900