2 09:27:12 376 743281
1 09:27:12 30 743281
4 09:33:19 680 743281
3 09:33:19 274 743281
5 09:41:43 1226 742001
6 09:43:58 22646 742001
8 09:50:48 1091 742001
7 09:50:48 10 742002
9 09:55:15 1458 742002
12 09:55:17 361 742001
11 09:55:17 37 742001
10 09:55:17 542 742100
13 10:05:29 1280 742100
14 10:16:27 10 743000
15 10:32:00 725 742202
21 10:33:33 1326 742100
20 10:33:33 720 742100
19 10:33:33 3000 742150
18 10:33:33 2500 742200
17 10:33:33 547 742202
16 10:33:33 540 742203
22 10:42:34 330 742110
23 10:56:06 217 742110
24 11:12:45 294 742150
25 11:15:23 30 743000
26 11:18:40 100 743000
28 11:35:03 752 743000
27 11:35:03 60 743000
29 12:01:25 40 743281
30 12:07:33 110 742310
38 12:08:00 51 742100
37 12:08:00 674 742100
36 12:08:00 453 742110
35 12:08:00 500 742120
34 12:08:00 706 742150
33 12:08:00 7 742300
32 12:08:00 20 742300
31 12:08:00 390 742310
39 12:08:26 31 742100
41 12:16:54 461 742200
40 12:16:54 200 742500
43 12:26:50 98 742200
42 12:26:50 1539 742200