2 09:28:21 44 745512
1 09:28:21 10 745513
3 09:32:29 964 745550
5 09:34:29 722 750000
4 09:34:29 580 750000
6 09:41:54 230 750000
7 09:42:41 1468 750000
10 09:43:04 1257 745551
9 09:43:04 100 745551
8 09:43:04 2000 745552
11 09:49:15 77 745560
12 09:50:08 273 745560
13 09:53:45 1000 749999
14 09:54:12 1000 749999
15 09:56:12 10 749998
16 10:12:10 276 745622
18 10:13:11 10576 745623
17 10:13:11 3000 745623
19 10:13:27 3342 745623
21 11:29:03 75 745700
20 11:29:03 220 745701
23 11:38:45 1948 745712
22 11:38:45 540 745713
24 12:12:04 468 745770
26 12:18:30 1448 745771
25 12:18:30 1500 745780