2 09:00:03 8 708717
1 09:00:03 30 708717
3 09:14:22 952 700000
4 09:20:37 48 700000
5 09:23:49 311 700000
6 09:25:17 829 703800
7 09:40:35 10 704152
8 09:44:52 8 705152
9 09:57:05 333 704900
10 10:08:35 800 703999
11 10:17:25 35 705138
12 10:24:06 295 705138
13 10:25:00 10 705129
15 10:26:46 628 705129
14 10:26:46 122 705128
16 10:29:57 194 705129
17 10:58:35 1390 703000
18 11:05:44 8 706000
19 11:23:12 2473 703900
20 11:24:01 1747 704000
27 11:26:51 449 700010
26 11:26:51 995 700011
25 11:26:51 71 700015
24 11:26:51 300 700102
23 11:26:51 298 700103
22 11:26:51 250 700111
21 11:26:51 250 700112
29 11:30:21 2750 704000
28 11:30:21 250 703999
30 11:30:30 2000 704000
31 11:30:43 250 703999
32 11:35:36 449 703900
33 11:40:14 100 703988
34 11:40:15 315 703988
35 11:46:37 100 703988
36 11:48:48 20 704000
37 11:52:06 5105 703898
38 11:55:08 1027 703899
39 11:55:56 850 703900
40 11:56:18 1316 703900
41 12:09:05 382 705000
42 12:10:18 71 705890
43 12:11:16 920 705800
44 12:11:38 80 705800
45 12:12:44 294 706000
46 12:13:47 480 706199
47 12:23:30 500 706000
48 12:23:40 8 706000
49 12:23:44 500 706000
50 12:24:07 140 706000
51 12:28:09 454 703002
52 12:29:28 28 706200