1 09:14:31 164 738001
2 09:31:04 2130 739000
3 09:35:36 200 738501
4 09:49:48 164 739000
5 09:53:56 220 739500
6 10:02:05 381 739000
7 10:04:43 1490 739000
8 10:22:49 965 739000
9 10:23:20 1280 738700
10 10:23:21 2453 739000
12 10:32:07 1480 738700
11 10:32:07 1720 738700
14 10:49:25 2000 738700
13 10:49:25 520 738700
15 10:50:18 877 738700
19 10:59:07 1407 738521
18 10:59:07 802 738522
17 10:59:07 2000 738700
16 10:59:07 123 738700
20 11:24:34 723 738600
21 12:02:03 270 738600
22 12:09:08 1085 738600
24 12:26:02 100 738610
23 12:26:02 10 738611