1 10:03:07 901 726000
2 10:03:41 21 725000
5 10:05:41 2439 726000
4 10:05:41 226 725999
3 10:05:41 229 725000
6 10:06:28 226 726000
7 10:23:02 229 720000
8 10:23:23 4771 720000
9 10:27:39 229 726000
10 10:50:06 15 715151
11 11:28:44 211 719000
12 11:32:48 211 724000
13 11:42:56 71 725000
14 11:46:09 7 726000
15 11:47:51 693 726000
16 11:48:18 15 721343
17 11:51:40 563 725000
18 11:53:18 10937 725000
20 11:54:53 4557 725000
19 11:54:53 887 716303
21 11:56:26 4015 726000
22 12:02:31 950 716403
23 12:03:10 2050 716402
25 12:05:55 91 726000
24 12:05:55 950 725999
26 12:07:29 1959 726000