1 09:02:21 44 728000
2 09:04:13 200 728000
3 09:06:31 1119 728000
5 09:28:56 807 725011
4 09:28:56 500 725012
6 09:59:16 16 728552
7 10:02:15 100 728200
9 10:08:09 195 725032
8 10:08:09 84 726000
10 10:09:20 95 729999
11 10:14:28 50 729000
14 10:20:28 218 725033
13 10:20:28 95 725034
12 10:20:28 15 725034
16 10:32:51 3990 725051
15 10:32:51 10 725100
17 10:34:46 139 726000
18 11:09:35 360 727000
19 11:09:42 700 727000
20 11:10:06 1006 727000
25 11:31:09 139 729998
24 11:31:09 195 729997
23 11:31:09 10 729990
22 11:31:09 305 729982
21 11:31:09 668 729980
29 11:31:17 8000 732000
28 11:31:17 200 732000
27 11:31:17 610 731999
26 11:31:17 3000 729999
30 11:41:00 7033 732000
31 11:55:45 250 726611
32 12:26:38 10 729001