2 09:03:36 37 740000
1 09:03:36 483 740000
4 09:04:01 100 740000
3 09:04:01 400 740000
5 09:05:45 194 742000
6 09:08:26 111 739000
7 09:14:32 101 738000
8 09:15:14 124 738000
12 09:25:08 73 738005
11 09:25:08 500 738006
10 09:25:08 295 738500
9 09:25:08 12 738605
13 09:36:48 67 741997
17 10:59:51 17 738525
16 10:59:51 28 738525
15 10:59:51 30 738525
14 10:59:51 42 738525
18 11:01:13 314 738525
19 11:16:45 878 738030
21 12:03:19 50 738500
20 12:03:19 10 738500
22 12:04:23 623 738500
24 12:09:12 580 738031
23 12:09:12 33 738032
25 12:16:48 312 738999