1 09:02:43 708 738501
2 09:04:24 372 738501
3 09:04:25 127 738501
5 09:12:24 1 738500
4 09:12:24 1099 738501
9 09:21:16 3095 740800
8 09:21:16 1587 740799
7 09:21:16 80 740000
6 09:21:16 238 738999
10 09:24:32 256 738501
11 09:29:49 80 739500
12 09:39:07 623 738801
13 09:45:42 219 738802
14 09:46:12 481 738802
15 09:58:25 52 739000
16 10:06:20 697 738811
18 10:09:31 104 739000
17 10:09:31 368 739000
19 10:20:23 28 739000
20 10:20:47 407 738856
22 10:23:44 2829 739000
21 10:23:44 12 739000
23 10:24:13 159 739000
24 10:24:37 2152 739000
26 10:37:45 2000 739000
25 10:37:45 48 739000
27 10:39:11 2952 739000
29 10:56:54 193 739000
28 10:56:54 48 739000
30 11:07:44 170 739000
31 11:15:04 1496 739000
32 11:31:01 255 739000
34 12:06:56 2000 739000
33 12:06:56 386 739000
35 12:07:17 1319 739000
37 12:09:27 319 739000
36 12:09:27 181 739000
38 12:11:42 1034 739000