4 09:05:13 365 733000
3 09:05:13 96 733001
2 09:05:13 40 736000
1 09:05:13 13 737000
7 09:05:49 554 733000
6 09:05:49 73 733001
5 09:05:49 34 738000
9 09:06:58 2568 733000
8 09:06:58 80 733001
12 09:10:35 380 733001
11 09:10:35 84 733001
10 09:10:35 50 735000
13 09:13:18 333 733008
15 09:37:54 30 735000
14 09:37:54 60 735000
16 09:38:45 162 735000
18 09:43:06 800 733044
17 09:43:06 252 733045
19 09:43:15 2667 733044
20 09:43:35 600 733044
21 09:43:38 1033 733044
23 09:59:26 861 734005
22 09:59:26 23 734007
24 10:05:55 139 734005
25 10:06:52 27 734000
26 10:11:08 20 734000
27 10:16:32 92 734000
28 10:25:08 10 737999
36 10:55:52 15000 738998
35 10:55:52 1033 738995
34 10:55:52 23 738994
33 10:55:52 596 738990
32 10:55:52 239 737800
31 10:55:52 1686 737800
30 10:55:52 404 737798
29 10:55:52 100 737779
37 10:56:14 4000 740000
38 10:57:02 10434 741250
39 11:05:44 5779 742000
40 11:05:58 532 742000
41 11:11:03 2824 742000
42 11:11:42 567 742000
43 11:12:30 701 742000
44 11:12:49 934 742000
45 11:20:42 188 742000
46 11:29:14 435 742000
47 11:44:23 2400 742000
48 11:44:37 58 742000
49 11:45:08 30 742000
50 11:46:15 60 742000
51 11:47:16 40 742000
52 11:47:57 13 742000
53 11:49:01 5 742000
56 11:59:23 1409 733116
55 11:59:23 261 735003
54 11:59:23 16 735004