6 09:07:25 3000 656499
5 09:07:25 3000 656499
4 09:07:25 3000 656499
3 09:07:25 3000 656499
2 09:07:25 1900 656500
1 09:07:25 5000 656500
7 09:09:46 1000 656498
9 09:10:03 900 656499
8 09:10:03 6100 656499
10 09:14:15 224 656499
11 09:16:01 592 657000
12 09:38:07 2000 657500
13 09:40:16 10 657500
15 09:40:36 415 657500
14 09:40:36 1990 657490
16 09:40:46 10 655100
17 09:44:17 2000 657500
18 09:47:08 104 657500
19 10:01:36 1804 657500
20 10:02:19 3000 657500
21 10:22:50 2000 657500
26 10:33:36 10000 656001
25 10:33:36 4300 656013
24 10:33:36 2100 656014
23 10:33:36 5000 656500
22 10:33:36 500 656500
27 10:47:07 6424 656000
30 11:37:21 2914 656009
29 11:37:21 2576 656100
28 11:37:21 10 656100
32 12:06:06 1990 656009
31 12:06:06 10 656100
35 12:24:32 139 655560
34 12:24:32 31 656001
33 12:24:32 96 656009
36 12:25:04 1018 655560