2 09:04:08 69 700023
1 09:04:08 97 700024
4 10:05:10 34 716001
3 10:05:10 501 716001
5 10:10:59 100 729879
6 10:13:17 141 730985
7 10:14:33 30 730986
8 10:16:10 100 730986
9 10:16:50 100 730986
10 10:18:04 100 730986
11 10:18:53 100 730987
12 10:21:40 77 731986
13 10:23:25 200 731987
14 10:58:33 20 733000
15 11:06:43 956 732800
16 11:12:24 320 732800
17 11:41:19 3 732900
18 11:57:15 100 730984
20 12:13:20 30 732900
19 12:13:20 47 732900
21 12:16:43 650 732900
22 12:19:19 1400 732500
23 12:19:51 650 732599
24 12:21:12 650 732490
25 12:24:05 5144 732499
28 12:29:23 812 732500
27 12:29:23 590 732501
26 12:29:23 598 732506
29 12:29:53 590 732500