1 09:17:38 8 733000
3 09:49:15 1140 733700
2 09:49:15 92 733700
4 09:50:04 68 732600
5 09:51:36 237 732600
7 10:01:22 1375 732600
6 10:01:22 13 733700
8 10:29:51 13351 737000
9 10:34:25 54 737000
10 10:51:00 2000 737000
11 10:53:07 2038 737000
12 10:54:46 800 737000
13 10:55:23 590 737000
17 11:14:58 2921 744000
16 11:14:58 1400 743900
15 11:14:58 10 742895
14 11:14:58 1836 741980
18 11:19:55 563 738000
19 11:20:08 814 738000
20 11:23:43 833 738000
21 11:30:06 713 738000
23 11:55:33 3 738000
22 11:55:33 10 738202