2 09:00:05 13 745020
1 09:00:05 400 745020
3 09:14:15 393 745500
4 09:40:50 1500 745609
5 09:41:13 8 745900
7 09:42:27 6 745609
6 09:42:27 22 745900
10 10:36:48 234 746004
9 10:36:48 10 746100
8 10:36:48 7 746111
10 10:36:48 234 746004
9 10:36:48 10 746100
8 10:36:48 7 746111
11 10:37:11 482 746298
12 10:50:05 482 746004
12 10:50:05 482 746004
13 10:51:25 10 746004
14 10:52:20 2 746004
17 10:55:02 455 749497
16 10:55:02 27 749000
15 10:55:02 518 746298
21 10:56:54 1223 746001
20 10:56:54 1000 746002
19 10:56:54 1000 746004
18 10:56:54 772 746004
24 11:36:15 11 746125
23 11:36:15 7 746200
22 11:36:15 10 746200
28 11:47:01 230 746121
27 11:47:01 89 746125
26 11:47:01 10 746150
25 11:47:01 10 746200
32 11:50:13 1850 746121
31 11:50:13 100 746125
30 11:50:13 100 746130
29 11:50:13 150 746140
33 12:15:45 150 746140
34 12:15:56 150 746140
35 12:15:57 98 746140