1 09:14:52 8 721500
2 09:32:23 28 710113
4 10:02:50 840 713711
3 10:02:50 30 713711
5 10:06:28 10 719999
6 10:07:02 18 719999
8 10:07:16 980 720000
7 10:07:16 100 720000
9 10:09:19 10 720000
14 10:10:22 2474 713795
13 10:10:22 2001 713796
12 10:10:22 1501 713796
11 10:10:22 501 713796
10 10:10:22 200 713801
15 10:11:26 10 720000
16 10:15:06 30 721498
17 10:16:03 200 721498
19 10:16:13 2302 721499
18 10:16:13 1501 721499
20 10:17:16 200 721499
21 10:17:29 880 721500
22 10:22:16 49 721500
24 10:27:47 700 721500
23 10:27:47 151 721500
25 10:28:06 500 721520
26 10:28:30 800 721520
27 10:52:35 6062 718770
28 11:42:27 5100 730000
29 11:56:55 10 728000
30 12:07:43 700 728000
31 12:08:54 10 728800
32 12:10:19 10 730000
33 12:23:26 30 730000