1 09:05:11 35 742100
2 09:15:48 555 742100
3 09:25:20 925 742100
4 09:33:01 182 742100
6 09:46:54 257 742100
5 09:46:54 1803 742100
8 09:55:06 257 742100
7 09:55:06 1243 742100
9 09:55:11 1243 742100
10 09:55:19 607 742100
13 09:58:44 890 742010
12 09:58:44 1500 742100
11 09:58:44 893 742100
14 09:59:06 10 742100
16 10:25:21 3543 743000
15 10:25:21 448 743000
17 10:27:01 1816 742500
18 10:44:12 45 742305
21 10:45:58 50 742300
20 10:45:58 500 742300
19 10:45:58 455 742305
22 10:46:12 4618 742300
23 10:57:58 28 742100
26 11:01:24 1028 743000
25 11:01:24 28 743000
24 11:01:24 1272 743000
27 11:06:51 100 742200
28 11:08:15 5142 744000
29 11:14:16 621 742200
30 11:36:04 559 742200
32 11:42:13 320 742200
31 11:42:13 220 742200
33 12:13:07 200 742350
34 12:22:47 668 742350
36 12:23:34 500 742350
35 12:23:34 132 742350
37 12:23:40 500 742350
38 12:23:41 500 742350
40 12:23:43 500 742350
39 12:23:43 500 742350
41 12:23:44 500 742350
42 12:23:48 234 742350
43 12:26:21 28 742350