1 09:45:41 980 747372
2 10:03:49 1975 747500
3 10:26:19 2056 747521
4 10:29:27 2000 747550
5 10:40:11 1500 747604
6 10:47:07 1400 747610
8 10:51:04 936 747609
7 10:51:04 64 747610
9 11:08:05 390 748000
11 11:11:48 1250 748000
10 11:11:48 860 748000
12 11:12:05 3000 748000
13 11:31:52 100 747701
14 11:43:30 4602 747751
15 11:44:54 10 747761
16 11:57:37 500 747852
17 11:58:24 170 747852
18 12:06:05 300 747901
19 12:13:03 2318 747951
20 12:13:18 1500 747950
21 12:13:30 996 747913
22 12:15:26 491 747913
23 12:19:38 924 747914
25 12:20:45 87 747913
24 12:20:45 513 747913
26 12:22:56 115 747913
27 12:25:56 798 747913
28 12:26:27 534 747913
33 12:28:05 8328 747870
32 12:28:05 2000 747870
31 12:28:05 2500 747873
30 12:28:05 2500 747900
29 12:28:05 10 747910