1 09:08:02 500 735000
2 09:08:02 501 731386
3 09:08:02 1501 729886
4 09:08:02 1856 727817
5 09:08:56 3851 744000
6 09:10:07 30 744000
7 09:11:03 178 744000
8 09:11:42 135 744000
9 09:17:27 500 744000
10 09:18:00 1602 744000
11 09:34:51 3582 744000
12 09:35:24 8500 744000
13 09:37:01 150 744000
14 09:38:24 2214 744000
15 09:39:03 2171 744000
17 09:42:23 603 744000
16 09:42:23 2087 744000
18 09:43:35 206 744000
19 09:44:03 200 744000
20 09:46:04 3048 744000
21 09:46:59 8727 744000
22 09:48:03 906 744000
23 09:49:29 770 744000
24 09:50:06 40 744000
25 09:51:17 3500 744000
26 09:54:58 381 744000
27 09:55:35 54 744000
28 09:55:58 714 744000
29 09:56:51 2718 744000
30 09:57:25 2506 744000
31 09:58:34 179 744001
32 09:59:26 1371 744001
33 09:59:54 181 744001
34 10:07:22 1080 744001
35 10:14:28 100 744001
36 10:15:23 20 744001
37 10:15:55 2069 744001
38 10:15:55 627 744000
39 10:15:55 5717 744000
40 10:17:09 25 744000
41 10:17:47 7 744000
42 10:18:15 2000 744001
43 10:23:40 1581 744000
44 10:26:45 816 744000
45 10:36:48 10000 744000
47 11:09:58 2000 747999
46 11:09:58 2952 745500
48 11:18:59 1621 744501
49 11:55:45 2149 745001
50 11:59:34 547 745001
51 12:21:01 1757 746000
52 12:29:57 1733 746000