1 09:34:08 147 725410
2 09:56:55 11 725600
3 10:07:06 173 725410
4 10:09:01 1000 725423
5 10:13:12 1000 725410
6 10:17:52 6869 725410
7 10:20:31 3000 725410
8 10:24:40 2096 725423
9 10:37:41 1200 725410
10 11:08:12 120 725410
11 11:15:29 1410 725411
12 11:29:23 500 725411
13 11:32:35 1657 725411
14 11:33:53 120 725411
15 11:49:01 200 725411
16 11:49:33 168 725411
17 11:53:00 3000 725411
18 12:04:37 40 725410
19 12:06:21 10 725480
20 12:06:54 50 725480
21 12:21:23 440 725410
22 12:28:58 1400 725490