1 09:50:24 9927 725412
2 09:52:19 208 723527
3 10:08:26 25000 725412
3 10:08:26 25000 725412
4 10:22:16 4944 725500
5 10:36:23 750 725408
6 10:36:24 250 725408
7 10:48:04 1230 725500
12 10:51:09 5475 730000
11 10:51:09 427 729990
10 10:51:09 1567 729990
9 10:51:09 60 729990
8 10:51:09 750 729989
13 10:52:18 1828 725408
15 11:47:53 342 730000
14 11:47:53 7 730000
16 11:57:43 4551 728000
17 11:57:54 4551 729999
18 12:00:35 109 727001
19 12:01:56 774 727001
21 12:04:37 594 727000
20 12:04:37 675 727001
22 12:06:32 221 726901
23 12:17:53 2940 726901
24 12:20:07 2204 726901