1 09:06:09 9 728002
3 09:08:27 1413 728002
2 09:08:27 391 728002
4 09:11:59 8712 728100
5 09:28:25 140 730100
6 09:34:14 33 728900
8 10:04:23 2597 728901
7 10:04:23 10 730000
9 10:08:49 4998 728901
10 10:09:40 300 728901
11 10:20:36 20 728901
12 10:34:00 7 734899
13 11:01:39 10 732499
14 11:01:44 10 732499
15 11:02:43 50 732499
16 11:04:28 50 732499
18 11:10:11 2225 731000
17 11:10:11 56 731001
19 11:11:21 401 731001
21 11:15:03 1931 731000
20 11:15:03 69 731001
22 11:18:38 789 731000
23 11:21:34 97 731000
24 11:24:23 2522 731010
25 11:25:37 413 731200
26 11:25:43 81 731200
27 11:27:59 1147 731850
28 11:28:08 1046 731890
29 11:29:40 710 731899
30 11:30:22 2585 732000
31 11:31:17 1260 732000
32 11:31:55 1139 732000
33 11:32:32 1552 732000
34 11:34:01 2628 732000
36 11:38:24 18630 732500
35 11:38:24 581 732499
37 11:40:58 128 732000
38 11:50:39 16 732010
39 12:03:36 2930 732011
41 12:04:38 2031 732011
40 12:04:38 7 732012
42 12:13:34 562 732016
43 12:19:39 3706 732016
44 12:23:58 127 732020
45 12:24:06 470 732020
46 12:26:30 2000 732021
47 12:27:01 707 732030
48 12:29:27 734 732032
49 12:29:27 1654 732031