1 09:10:50 100 762000
2 09:22:30 502 760000
3 09:23:59 438 760000
4 09:24:39 869 760000
5 09:31:34 498 760000
6 09:42:26 300 760011
7 09:42:26 3912 760000
8 09:42:31 18781 760000
9 09:42:31 6219 759010
10 09:42:32 18781 759010
11 09:42:32 6219 759000
12 09:42:34 18781 759000
13 09:42:49 3000 759000
14 09:42:58 479 759000
15 09:43:08 815 759000
16 09:43:54 1925 759000
17 09:50:27 1500 759015
18 10:13:26 7000 759042
19 10:27:43 16500 759042
20 10:27:43 8500 759042
22 10:29:46 6370 759042
21 10:29:46 130 759100
24 10:30:07 6370 759042
23 10:30:07 18630 759042
25 10:50:54 35 759900
26 10:50:54 325 759042
27 11:12:02 10000 761000
28 11:24:04 6296 761000
29 11:33:52 350 759051
30 11:54:23 25000 759100
31 11:54:35 5665 760000
32 11:58:22 18500 759051
33 12:13:01 200 759101
35 12:22:46 3479 760498
34 12:22:46 815 760498