1 09:02:32 116 744000
2 09:25:39 2000 746250
3 09:43:30 479 748000
4 09:43:47 321 748000
5 10:17:51 3011 746842
6 10:19:49 50 748000
7 10:24:35 923 746925
8 10:30:46 1650 748000
9 10:33:42 600 747140
10 10:50:24 1744 747283
11 10:53:13 729 747301
12 11:22:36 2332 747321
13 11:42:16 2000 748000
14 11:42:54 100 748900
15 11:54:05 4067 748800
16 11:58:36 10 748000
17 11:58:36 136 748000
18 12:09:41 824 748003
20 12:10:22 540 748000
19 12:10:22 1176 748003
21 12:18:57 2900 748000
22 12:19:25 10 748010
23 12:19:42 1020 748010