1 09:52:01 733 748151
2 09:53:20 2000 748151
3 10:09:41 331 751888
4 10:09:41 900 751900
5 10:09:41 65 751900
6 10:09:41 1328 751900
7 10:09:41 2800 752000
8 10:28:34 500 748601
9 10:48:20 7253 749516
10 11:03:08 299 750083
13 11:09:34 2 751000
12 11:09:34 10949 751000
11 11:09:34 5000 750999
14 11:19:43 542 750016
15 11:30:40 5320 751500
16 11:34:17 2976 750023
18 12:03:08 3889 751000
17 12:03:08 1111 750888
19 12:03:36 16000 751000
20 12:03:42 111 751000
21 12:09:59 1200 750633
22 12:18:25 7 750651
23 12:27:47 2093 750661