1 09:04:46 100 760006
3 09:09:16 500 760129
2 09:09:16 500 760130
4 09:10:08 100 760124
6 09:16:40 1631 760200
5 09:16:40 625 760202
7 09:17:17 102 760250
8 09:23:38 100 760404
9 09:34:41 48 761000
11 09:45:06 140 761000
10 09:45:06 60 761001
12 09:51:48 190 761001
13 10:14:52 461 761000
14 10:21:03 500 761000
21 10:43:24 625 764998
20 10:43:24 500 764995
19 10:43:24 998 764993
18 10:43:24 100 764992
17 10:43:24 6 762000
16 10:43:24 749 762000
15 10:43:24 108 761500
22 10:44:40 20000 766000
23 10:52:58 1000 766000
24 11:11:10 914 766000
25 11:19:11 25000 766000
26 11:19:25 1743 761032
27 11:20:26 1743 766000
28 11:21:11 23257 766000
29 11:22:50 25000 766000
30 11:23:59 25000 766000
31 11:24:32 25000 766000
32 11:25:29 4244 766000
33 11:38:45 803 766000
34 11:47:04 424 766000
35 12:01:02 19529 766000
36 12:01:49 400 761066
37 12:17:21 17280 762000