1 09:00:05 652 765000
2 09:03:14 5 765000
3 09:42:29 20141 761000
4 10:00:09 823 761000
5 10:00:54 4177 761000
6 10:04:35 5000 761000
7 10:07:18 5000 761000
8 10:16:30 950 760025
9 10:37:56 1740 761500
10 10:38:26 700 761500
11 10:55:41 23 760999
12 10:56:38 5000 761000
13 10:59:42 5000 761000
14 11:01:41 5000 761000
15 11:03:54 5000 761000
16 11:07:42 628 761000
17 11:08:17 75 760500
18 11:08:17 175 760500
19 11:17:39 25000 760501
20 11:18:16 1500 760501
21 11:23:03 2617 760500
22 12:12:13 1000 760513