1 09:01:16 665 750000
2 09:21:23 2955 752001
3 09:41:07 100 756000
4 09:43:08 100 756000
5 11:05:39 2690 753600
6 11:20:08 1500 753604
9 11:21:21 3500 753600
8 11:21:21 1500 753603
7 11:21:21 5000 753604
11 11:27:36 500 753612
10 11:27:36 500 753612
12 11:27:38 2546 753701
13 11:28:56 1000 754000
14 11:29:26 10 753701
15 11:30:40 250 753706
21 11:36:08 17251 755980
20 11:36:08 520 755900
19 11:36:08 264 755790
18 11:36:08 1000 755569
17 11:36:08 5300 755500
16 11:36:08 665 755490
23 11:36:11 17251 755980
22 11:36:11 7749 755980
24 11:36:13 7749 755980
25 11:37:02 17251 755980
27 11:38:05 17251 755980
26 11:38:05 7749 755980
28 11:38:08 7749 755980
29 12:04:03 1000 755980
30 12:29:12 5460 755980