1 09:05:56 210 760000
2 09:56:58 100 760601
3 09:57:07 200 760600
4 09:59:03 1800 760600
5 10:05:13 95 760600
6 10:11:28 100 765000
7 10:11:28 8000 765900
8 10:11:28 278 766000
9 10:11:28 16622 766000
10 10:11:28 8278 766000
11 11:26:20 1054 761000
12 11:26:58 946 761000
13 11:26:58 300 760810
14 11:26:58 1500 760809
15 11:26:58 831 760800
16 11:37:39 4800 764000
17 11:37:39 300 765000
22 11:37:39 7621 766000
21 11:37:39 152 766000
20 11:37:39 1 766000
19 11:37:39 1300 766000
18 11:37:39 3993 765000
23 11:41:45 5600 761000
25 11:45:01 242 760860
24 11:45:01 50 760870
26 12:00:28 10000 762999
27 12:07:53 5000 761010
33 12:22:25 8908 766000
32 12:22:25 242 766000
31 12:22:25 50 766000
30 12:22:25 5000 764000
29 12:22:25 10000 763900
28 12:22:25 800 763800
34 12:22:26 16092 766000
35 12:25:08 5000 764500