1 09:21:15 1023 727000
2 09:24:10 463 727000
3 09:41:37 2244 728682
4 09:41:49 4772 728682
5 09:44:15 5186 728800
6 09:51:25 1305 728800
7 09:58:15 1675 728800
8 10:01:12 2009 728800
9 10:02:56 128 728800
10 10:04:58 4566 728800
11 10:06:45 4566 728800
13 10:08:28 745 728800
12 10:08:28 5565 728800
14 10:23:58 3 728800
15 10:28:39 1000 728800
16 10:34:32 456 728800
17 10:35:33 1271 728800
18 10:40:28 10000 728800
19 10:48:47 429 728800
20 10:58:50 800 728800
21 10:59:27 500 728800
24 11:02:42 3000 730900
23 11:02:42 1478 729950
22 11:02:42 500 729000
25 11:06:00 536 728801
26 11:08:03 1148 728801
27 11:08:43 1043 728801
28 11:09:04 5600 729000
29 11:09:43 2480 730000
30 11:20:11 2713 729001
31 11:27:57 200 730000
32 11:28:37 515 730000
33 11:41:26 2600 730000
34 11:41:27 1226 730000
35 11:43:03 1314 730000
36 11:45:24 15000 730000
38 11:45:41 855 730000
37 11:45:41 4145 730000
39 12:07:09 2780 730000
41 12:26:10 1682 730000
40 12:26:10 134 730000
42 12:26:36 8 730001
43 12:28:47 4086 730900
44 12:29:34 1516 730000