2 09:14:45 22480 725001
1 09:14:45 160 725003
3 09:23:40 300 725001
4 09:25:08 805 725001
6 09:32:21 10 725001
5 09:32:21 1415 725001
7 09:42:34 10 725010
8 09:42:35 1046 725010
9 09:59:05 700 725500
10 10:09:48 10 725010
11 10:15:23 1440 725500
12 10:19:48 2128 726600
19 10:20:07 10743 730000
18 10:20:07 2000 730000
17 10:20:07 2128 729998
16 10:20:07 227 729000
15 10:20:07 7 726700
14 10:20:07 2000 726700
13 10:20:07 250 726700
20 10:53:34 1237 725201
21 11:02:25 2000 725201
22 11:30:13 242 726102
23 11:31:59 1713 728000
24 11:32:14 1713 729998
25 11:34:21 1500 726102
26 11:40:18 1570 728001
27 11:42:47 150 728001
28 11:47:02 2099 728001
29 11:52:19 2094 728003
30 11:53:06 1500 728003
31 11:53:46 1000 728003
32 11:54:53 500 728003
33 12:09:17 370 728011
34 12:10:09 488 728011
35 12:11:01 892 728011
36 12:11:45 78 728010
37 12:12:38 285 728010
38 12:13:42 466 728010
39 12:18:22 5000 728010
40 12:19:07 521 728010
41 12:20:00 3533 728010
42 12:20:23 1159 728010
43 12:21:31 2567 728010
44 12:22:33 1391 728010
45 12:29:57 20 728100
46 12:29:57 870 728010