1 09:37:30 300 769000
2 09:42:49 15 763000
5 09:44:55 2683 731540
4 09:44:55 1501 731540
3 09:44:55 501 731540
6 10:01:00 100 763000
7 10:14:19 2102 762000
9 10:14:24 200 763000
8 10:14:24 160 763000
10 10:16:31 100 768999
11 10:16:34 3546 769000
12 10:16:42 21454 769000
14 10:16:49 399 771000
13 10:16:49 200 771000
15 10:19:05 25 771000
16 10:55:58 100 760000
17 10:56:28 100 760000
18 10:59:16 7 760000
19 11:18:18 15 768000
20 11:19:28 575 760000
22 11:49:21 968 757051
21 11:49:21 200 757060
23 11:49:35 747 757051
24 11:49:48 1834 757051
25 11:50:18 936 757050
27 12:02:08 70 757601
26 12:02:08 507 757602
28 12:02:20 200 757600
30 12:03:43 2539 757050
29 12:03:43 15000 757060
31 12:04:13 100 756999
32 12:05:01 100 756999
33 12:05:54 196 756891
34 12:07:24 26 756000
38 12:09:57 589 752350
37 12:09:57 50 752400
36 12:09:57 200 752600
35 12:09:57 300 752660
39 12:12:29 1257 752350
40 12:19:32 13 752350
41 12:29:23 1141 756000