1 09:44:02 667 751007
2 09:44:54 255 751007
3 09:46:28 228 751007
4 09:48:09 801 751620
5 09:52:37 25000 752000
6 09:52:40 25000 752000
7 09:57:16 2600 752000
8 10:03:47 129 750601
10 10:06:12 24328 753000
9 10:06:12 672 753000
12 10:06:17 24328 753000
11 10:06:17 672 753000
13 10:06:20 672 753000
15 10:14:39 826 752466
14 10:14:39 250 752466
17 10:29:50 25000 755000
16 10:29:50 25000 755000
19 10:29:51 4212 755000
18 10:29:51 25000 755000
20 11:08:53 55 752000
21 11:38:13 120 752000
22 11:58:18 661 752200
24 12:09:39 765 752000
23 12:09:39 1339 752200