1 09:10:23 1000 747510
2 09:31:10 390 747801
3 09:45:23 1000 748800
4 09:47:53 400 748800
5 09:57:07 329 748810
6 10:05:25 1000 748831
7 10:16:06 150 748831
11 10:18:47 650 748831
10 10:18:47 1500 748831
9 10:18:47 1350 748831
8 10:18:47 1500 748830
12 10:18:49 850 748831
13 10:28:47 500 748931
18 10:40:40 5221 748930
17 10:40:40 2000 748950
16 10:40:40 10 748951
15 10:40:40 1500 748970
14 10:40:40 3171 748971
19 10:45:13 750 748937
20 10:55:29 10 749500
21 10:56:32 10 749500
22 10:56:52 10 749500
23 10:58:17 25 749500
24 11:00:57 10 749500
25 11:01:08 10 749500
26 11:03:54 150 749500
27 11:09:03 153 749500
29 11:15:20 378 748960
28 11:15:20 24622 749500
35 11:16:05 10689 748832
34 11:16:05 2000 748850
33 11:16:05 2000 748909
32 11:16:05 10 748931
31 11:16:05 750 748937
30 11:16:05 9551 748960
37 11:17:22 14311 748832
36 11:17:22 1500 748835
38 11:17:39 189 748804
39 11:18:53 800 748810
40 11:45:18 323 749003
41 11:47:08 961 749013
42 12:16:47 200 749040
45 12:16:52 1284 749039
44 12:16:52 10 749040
43 12:16:52 800 749040