1 09:19:04 123 749000
4 10:01:19 1050 752001
3 10:01:19 1500 752101
2 10:01:19 450 752104
6 10:03:09 61 752001
5 10:03:09 950 752001
10 10:22:53 311 752000
9 10:22:53 1500 752001
8 10:22:53 1939 752001
7 10:22:53 200 753000
11 10:27:52 1979 758000
12 10:28:54 1792 758000
13 10:30:00 99 758000
14 10:32:39 3321 758000
15 10:33:47 4966 758000
16 10:35:57 1149 758000
17 10:36:06 4966 758000
18 10:36:40 500 758000
19 10:38:25 4966 758000
20 10:56:46 1262 758000
21 12:19:07 46 758000
22 12:21:41 1572 758000
23 12:23:00 450 758000
24 12:24:25 180 758000
25 12:25:36 4346 758000