3 09:14:31 482 766000
2 09:14:31 150 766000
1 09:14:31 300 765000
11 11:06:50 476 767000
10 11:06:50 500 767000
9 11:06:50 10 767000
8 11:06:50 1000 765678
7 11:06:50 310 765000
6 11:06:50 1000 765000
5 11:06:50 150 765000
4 11:06:50 1160 764900
12 11:07:04 1378 763011
14 11:12:31 2800 763016
13 11:12:31 7200 763021
15 11:22:09 7200 768380
16 11:22:09 2000 768400
17 11:22:09 15800 768500
18 11:22:11 9200 768500
19 11:22:11 15800 768500
20 11:22:11 9200 768500
21 11:22:11 15800 768500
22 11:22:12 9200 768500
26 12:10:34 1000 768490
25 12:10:34 1466 768400
24 12:10:34 23534 768400
23 12:10:34 1466 768400
27 12:15:53 9 770900