1 09:30:35 2085 723528
2 09:30:52 1739 723529
3 09:33:29 10000 724000
5 10:05:47 168 723529
4 10:05:47 220 723535
7 10:14:39 500 723529
6 10:14:39 1412 723529
8 10:15:12 697 723528
10 10:18:37 324 723528
9 10:18:37 2000 723529
11 10:32:08 165 723528
12 10:52:32 50 724000
13 10:54:45 1452 723528
14 11:18:53 100 724000
15 11:18:53 10 724000
16 11:18:54 390 724000
17 11:27:50 1000 725000
18 11:46:10 50 723700
19 11:46:10 1166 723529
20 11:54:30 90 723560
21 11:59:52 5501 726500
22 12:06:20 1937 725000
23 12:18:49 900 725001
24 12:18:49 9636 725000
26 12:26:40 9636 725000
25 12:26:40 15364 725000
27 12:26:49 1768 725000
30 12:28:40 10979 726700
29 12:28:40 887 726000
28 12:28:40 50 726000