1 09:25:10 3000 748000
2 10:30:21 800 750000
3 10:33:49 200 750000
4 10:37:42 500 750989
5 10:39:39 2346 750990
6 10:47:01 1000 751000
7 10:47:01 700 751000
8 10:59:45 500 750222
9 11:03:11 230 750222
10 11:41:44 1764 750000
11 11:43:07 542 750000
13 11:43:34 1981 750000
12 11:43:34 1194 750000
14 11:43:53 19 750000
15 11:43:55 2288 750000
16 11:51:32 712 750000
17 11:51:32 910 750000
18 11:51:55 3000 751500
19 11:51:55 22000 752000
21 11:52:11 7000 752000
20 11:52:11 3000 752000
22 11:53:29 1329 750015
23 11:54:14 3318 750101
24 11:56:15 2500 750201
28 12:25:48 15900 751171
27 12:25:48 2000 751200
26 12:25:48 100 751300
25 12:25:48 2000 751400
29 12:25:53 9100 751151