1 09:01:36 534 727000
2 09:12:50 10000 726000
3 09:17:28 94 726102
5 09:39:40 393 726150
4 09:39:40 10 726152
6 09:46:05 1790 726150
7 09:52:18 1073 727000
8 10:12:36 5359 726150
9 10:14:06 477 726103
10 10:14:14 134 726150
11 10:18:01 3626 726150
12 10:18:36 50 727000
14 10:41:28 3245 726150
13 10:41:28 25 726150
15 10:44:53 1300 726150
16 10:48:51 1000 726150
18 10:54:32 1106 726145
17 10:54:32 195 726150
19 11:02:10 7 726200
20 11:03:32 1883 726145
21 11:04:34 593 726145
23 11:15:43 6418 726145
22 11:15:43 4466 726150
24 11:24:49 1334 726140
25 11:27:50 953 726140
26 11:29:49 1185 726140
29 11:40:02 41 726130
28 11:40:02 803 726140
27 11:40:02 74 726500
30 11:45:09 13833 726130
31 11:45:31 16 726130
32 11:46:43 94 726103
33 11:48:06 1429 726103
36 11:49:04 875 727000
35 11:49:04 1151 726130
34 11:49:04 71 726100
38 11:57:42 6560 725058
37 11:57:42 10 725100
39 12:05:37 100 725058
40 12:08:03 691 725058
42 12:21:03 676 725058
41 12:21:03 33 726000
43 12:29:22 8000 725058