1 09:02:31 214 746050
2 09:36:35 150 749500
3 09:50:06 10000 750000
4 09:50:33 250 749501
5 09:50:33 150 749500
6 09:50:33 3000 748110
7 09:50:33 820 748100
8 09:53:17 61 750000
9 09:56:37 2000 750001
10 09:56:37 9939 750000
11 09:57:49 13061 750000
12 10:00:05 25000 750000
13 10:00:05 1591 750000
14 10:21:40 500 750005
15 10:29:12 590 750005
17 10:35:50 43 754990
16 10:35:50 7 753674
19 11:08:52 63 754990
18 11:08:52 7 754990
22 11:20:50 930 759900
21 11:20:50 745 759900
20 11:20:50 50 759900
23 11:44:01 500 759900
24 12:01:07 976 750900
25 12:07:24 597 750600
26 12:17:21 883 750600