1 09:36:42 1697 761719
3 09:48:16 24600 768000
2 09:48:16 400 768000
5 09:48:17 24600 768000
4 09:48:17 400 768000
9 09:48:18 24600 768000
8 09:48:18 400 768000
7 09:48:18 24600 768000
6 09:48:18 400 768000
10 09:48:19 400 768000
13 10:02:39 1007 769500
12 10:02:39 10000 769000
11 10:02:39 13993 768000
14 10:02:40 8993 769500
16 10:37:29 1631 769500
15 10:37:29 10000 769500
18 11:56:44 153 770000
17 11:56:44 7000 769000
19 12:06:31 690 766003
20 12:06:55 500 766003
21 12:07:05 100 766003
22 12:08:02 38 766002
23 12:16:54 500 768000
24 12:19:45 100 768000