1 09:17:15 342 726500
2 09:25:37 90 726504
4 09:35:13 9300 726505
3 09:35:13 700 726505
5 09:54:37 700 726506
6 09:57:03 1027 726507
7 10:14:11 1751 726602
8 10:17:47 595 726602
9 10:27:46 70 727000
11 10:39:17 350 726552
10 10:39:17 200 726552
12 10:52:14 144 726508
13 11:08:42 402 726530
14 11:08:52 15883 726530
15 11:11:52 1302 726507
16 11:35:21 4639 726510
17 11:49:27 700 726523
18 11:58:18 3759 726523
20 12:00:22 22190 726522
19 12:00:22 2810 726523
21 12:00:28 2810 726522
23 12:13:01 11341 726551
22 12:13:01 2000 726551
24 12:23:07 970 725058
25 12:23:38 519 725058