1 09:05:43 10 745121
2 09:06:54 1020 745121
6 09:22:39 1556 752000
5 09:22:39 1169 752000
4 09:22:39 57 749890
3 09:22:39 250 748000
7 09:24:02 379 752000
8 09:24:15 933 752000
9 09:25:11 7 752000
10 09:28:37 579 752000
11 09:30:39 70 755000
12 09:43:58 900 748100
13 09:44:01 3241 747550
14 09:44:30 859 747550
15 10:18:24 100 747550
16 10:18:26 100 747550
17 10:19:00 1000 747550
18 10:44:40 1000 747550
19 11:09:42 210 747552
20 11:12:53 394 747552
21 11:20:38 120 747552
22 11:32:00 70 747552
23 11:50:40 300 747552
24 11:52:13 336 747552
25 11:58:47 139 747552
26 12:13:06 400 747552
27 12:24:45 5089 748000
28 12:28:23 1232 747552