1 09:16:11 100 747005
2 09:21:28 2111 747020
3 09:34:57 500 747109
4 09:35:47 2500 747109
5 09:39:34 924 747106
6 09:43:59 435 747109
7 09:49:40 955 747114
8 10:02:33 202 747161
9 10:41:44 10 747220
10 10:41:44 448 747210
11 11:01:09 10 747215
12 11:01:09 2052 747210
13 11:01:35 20 747210
14 11:01:57 1918 747210
15 11:28:34 1328 747303
18 11:33:58 4 747300
17 11:33:58 1500 747303
16 11:33:58 1172 747303
19 11:52:39 25 747500
20 12:09:09 25000 747490
21 12:09:36 1500 747490
23 12:10:40 39 747302
22 12:10:40 20 747310
24 12:21:23 537 747302
25 12:22:05 500 747302
26 12:27:38 7516 747400