1 10:48:48 25000 747000
2 10:49:37 25000 747000
3 10:50:09 16700 747000
4 10:52:17 236 747000
5 10:55:46 1496 744251
6 11:17:18 261 744760
7 11:24:01 2000 745000
11 11:29:18 5500 747000
10 11:29:18 10 746990
9 11:29:18 350 746000
8 11:29:18 259 745990
13 11:29:31 1500 745000
12 11:29:31 1000 745003
21 11:34:23 1381 750000
20 11:34:23 2131 750000
19 11:34:23 150 750000
18 11:34:23 10 749510
17 11:34:23 8010 749500
16 11:34:23 2700 748500
15 11:34:23 1834 748500
14 11:34:23 20 748499
22 11:34:32 19000 752020
23 11:34:45 6000 752050
24 11:40:32 2263 746999
25 11:58:58 1344 745026
26 12:10:18 507 745861
27 12:10:42 57 746000
28 12:11:18 2612 745861
29 12:11:45 551 746000
30 12:12:10 94 746500
31 12:28:25 971 745913