1 09:00:56 13492 722000
2 09:04:41 900 724499
3 09:04:43 2000 724500
4 09:10:08 1663 724600
5 09:13:01 13492 725089
6 09:29:02 8 724601
7 09:29:02 262 724600
8 09:32:53 3143 724600
9 09:49:07 809 724600
10 09:52:43 10 727000
11 09:59:57 1119 724601
12 10:02:14 889 725000
13 10:02:35 4188 724601
17 10:03:29 5684 724600
16 10:03:29 3816 724600
15 10:03:29 15307 724600
14 10:03:29 9693 724601
18 10:08:29 2735 724600
20 10:10:44 20000 725316
19 10:10:44 5000 725316
21 10:10:45 5000 725316
22 10:16:09 50 725000
23 10:16:10 1950 725000
27 10:19:16 5000 727998
26 10:19:16 50 727000
25 10:19:16 2150 727000
24 10:19:16 1130 726899
33 10:19:21 1589 730000
32 10:19:21 716 730000
31 10:19:21 6306 730000
30 10:19:21 500 730000
29 10:19:21 20 727999
28 10:19:21 2097 727999
34 10:31:56 4400 725001
35 10:33:26 375 725018
36 10:53:32 5000 726101
37 10:59:40 2087 726101
38 11:07:18 309 726113
39 11:07:53 521 726115
40 11:09:31 2000 726500
43 11:10:12 10 729000
42 11:10:12 6179 729000
41 11:10:12 127 729000
44 11:10:16 2000 729000
49 11:42:04 8403 726000
48 11:42:04 2200 726002
47 11:42:04 9170 726200
46 11:42:04 30 726202
45 11:42:04 5197 726203
50 11:42:35 16597 726000
51 11:44:10 11200 725316
52 11:46:48 14585 724602
53 11:54:07 517 724602
54 12:06:16 1382 724602
55 12:11:31 2237 725496
56 12:13:38 2318 725496
59 12:16:28 20926 724700
58 12:16:28 4074 725496
57 12:16:28 2408 725496
60 12:16:29 4074 724700
62 12:28:26 5514 725316
61 12:28:26 1045 725316