1 09:12:39 654 725410
2 09:13:41 4049 725410
3 09:21:03 6200 725410
4 09:37:10 1306 725410
5 09:47:47 1000 725410
6 09:48:48 2609 725410
7 09:52:38 7 725410
8 09:59:06 2610 725410
9 10:00:58 1966 725410
10 10:09:33 8269 725410
11 10:12:23 1130 725000
12 10:18:11 340 725001
13 10:40:40 1793 725002
14 10:46:19 1034 725002
17 10:50:56 7946 726480
16 10:50:56 200 726000
15 10:50:56 5096 725490
18 10:51:10 5096 726480
22 11:12:54 783 725001
21 11:12:54 10 725002
20 11:12:54 200 725002
19 11:12:54 7 726000
23 11:23:58 2027 725001
24 11:43:15 299 725001
25 11:46:12 250 725001
27 11:51:17 1607 725001
26 11:51:17 50 725100
28 11:51:31 18 725001
29 11:59:33 2064 725001
30 12:05:19 1571 725001
32 12:05:20 258 722001
31 12:05:20 10 725001
33 12:08:05 600 725000
34 12:10:21 798 725400
35 12:12:45 15000 725417
36 12:13:57 4405 722030
37 12:29:25 974 724500