2 09:26:45 180 740000
1 09:26:45 150 740000
7 09:53:17 1000 745000
6 09:53:17 48 743000
5 09:53:17 742 743000
4 09:53:17 1000 742900
3 09:53:17 428 741950
8 10:13:37 1645 736279
9 11:07:37 68 738826
11 11:22:14 24864 742000
10 11:22:14 136 742000
13 11:22:18 5713 742000
12 11:22:18 136 742000
14 11:22:27 1775 742500
19 11:22:55 19925 749870
18 11:22:55 1500 749000
17 11:22:55 500 748900
16 11:22:55 800 748900
15 11:22:55 879 748000
21 11:26:07 848 740000
20 11:26:07 10 745000
22 11:28:26 95 741000
23 11:32:32 10 749000
24 11:42:30 1745 740011
25 11:55:28 231 743001
26 12:10:46 200 743001
27 12:24:49 5000 743001
27 12:24:49 5000 743001
28 12:24:50 5000 743001
29 12:24:52 5000 743001
30 12:24:54 5000 743001
32 12:25:00 7176 743000
31 12:25:00 2824 743001
33 12:25:02 10000 743000
34 12:25:03 7824 743000
40 12:25:42 10000 743000
39 12:25:42 10000 743000
38 12:25:42 2176 743000
37 12:25:42 7000 740000
36 12:25:42 15000 740010
35 12:25:42 3000 740010
41 12:26:01 5000 743000
42 12:27:40 689 742000