1 09:47:32 168 757676
2 10:06:42 25000 757500
3 10:06:44 25000 757500
4 10:10:13 25000 757500
5 10:10:18 25000 757500
6 10:12:55 493 758000
7 10:14:26 109 758000
8 10:30:52 1027 758000
9 10:48:37 8000 758000
10 10:48:49 8174 758000
11 10:58:52 500 758000
13 11:16:12 600 758000
12 11:16:12 50 758002
14 11:27:20 6097 758000
15 11:29:43 5141 757800
16 11:33:31 4255 757800
17 11:34:41 812 757800
18 11:35:16 536 757800
19 11:36:24 5000 758000
20 11:37:55 585 757800
21 11:39:39 264 757800
22 11:41:38 1559 757800
23 11:47:41 11848 757800
24 11:49:50 25000 757577
25 11:49:54 25000 757577
26 11:52:48 2706 757800
28 12:03:04 15000 757800
27 12:03:04 400 757801
29 12:17:17 1223 758000