1 09:22:14 521 732001
2 09:24:24 1739 732001
3 09:27:37 3566 734000
5 09:34:14 9616 734000
4 09:34:14 100 734000
6 09:35:07 200 734000
8 09:38:56 500 735000
7 09:38:56 903 735000
9 09:40:40 1403 739000
10 09:52:24 500 737001
11 09:58:02 741 739001
12 09:59:42 10 739001
13 10:00:19 3000 739001
14 10:01:30 1700 739001
15 10:02:04 70 739899
16 10:03:07 306 739001
17 10:16:18 110 739001
18 10:19:09 3470 739001
19 10:23:08 108 739001
20 10:29:18 500 739001
21 10:47:28 175 739001
22 10:49:45 1303 739001
23 10:50:37 500 739001
24 10:51:57 3855 739001
25 10:53:18 8 739001
26 11:08:30 40 739001
27 11:10:45 1430 739001
28 11:12:34 2000 739001
29 11:16:56 5000 739001
30 11:22:46 110 739001
31 11:25:35 70 739001
33 11:26:01 3772 739000
32 11:26:01 564 739001
40 11:33:32 4171 739895
39 11:33:32 113 739500
38 11:33:32 1000 739500
37 11:33:32 5963 739499
36 11:33:32 4051 739497
35 11:33:32 605 739495
34 11:33:32 9097 739494
44 11:33:35 1000 739900
43 11:33:35 800 739899
42 11:33:35 930 739899
41 11:33:35 1612 739895
45 11:35:23 389 740000
46 11:35:38 889 740000
47 11:47:23 1000 740000
48 11:47:29 542 740000
49 11:57:37 1000 740000
50 12:11:58 2400 740000
51 12:12:35 2000 740000
52 12:19:12 100 740000
53 12:19:56 1 740000
54 12:29:22 300 744100