1 09:21:26 25000 758000
3 09:49:54 830 753702
2 09:49:54 8000 753702
4 10:10:18 59 755516
9 10:14:34 21737 758000
8 10:14:34 700 757989
7 10:14:34 1000 757950
6 10:14:34 1504 757900
5 10:14:34 59 757900
10 10:14:51 3263 758000
11 10:17:54 21737 758000
12 11:04:59 1222 757999
13 11:12:18 87 758000
14 11:23:26 2178 758000
15 11:33:42 1321 758000
16 11:59:06 70 758001
17 12:06:19 1000 758001
18 12:22:52 66 758001
19 12:23:19 2 758001
22 12:29:27 10000 758000
21 12:29:27 4401 758000
20 12:29:27 13862 758001