3 10:21:50 2269 755000
2 10:21:50 500 755001
1 10:21:50 120 758000
10 10:28:48 11895 760000
9 10:28:48 100 760000
8 10:28:48 572 760000
7 10:28:48 8676 759999
6 10:28:48 1506 759998
5 10:28:48 500 759990
4 10:28:48 1751 759990
12 10:28:50 24962 760148
11 10:28:50 38 760000
13 10:38:21 25000 755106
14 10:45:42 5716 760145
17 10:55:24 1037 760200
16 10:55:24 38 760148
15 10:55:24 697 760000
18 10:57:21 23228 762000
19 11:03:59 1810 755101
20 11:21:59 537 762000
21 11:40:24 1000 762000
22 11:42:47 8282 762000
23 12:02:05 120 762000
24 12:03:14 100 762000
25 12:12:08 2150 762000