1 09:02:17 3080 728000
2 09:15:29 215 728000
3 09:16:05 835 728000
4 09:19:25 4466 728000
5 09:21:54 715 726109
5 09:21:54 715 726109
6 09:28:43 375 726881
7 09:56:28 5064 727501
8 10:00:51 593 727501
9 10:12:09 300 727501
10 10:22:45 50 727511
11 10:26:33 2468 727511
12 10:29:05 3968 727512
13 10:54:00 1080 728001
14 10:56:23 4997 728003
15 11:07:12 5000 728003
16 11:19:16 1132 728101
17 11:20:29 223 728101
18 11:23:12 60 728101
19 11:29:57 4983 730000
20 11:38:49 65 728501
21 11:40:27 5000 729000
22 11:43:11 150 728101
23 11:49:16 274 728101
24 11:59:46 1060 729001
25 12:00:17 2093 729001
26 12:01:33 14 729001
29 12:02:16 10000 730000
28 12:02:16 50 729800
27 12:02:16 5576 729800
30 12:04:18 503 729001
31 12:08:03 1815 729001
32 12:21:27 6900 729001