1 09:10:18 101 852000
2 09:10:19 14 852000
3 09:19:56 7 863878
4 10:04:33 570 860000
5 10:04:41 5275 860000
6 10:05:02 7 864998
8 10:05:33 577 864998
7 10:05:33 5268 864998
9 10:17:31 25000 865000
10 11:22:04 7 864919
12 11:59:47 3168 844522
11 11:59:47 11832 844523
13 12:09:19 580 862000
14 12:09:26 4000 862000
15 12:09:31 6987 862000
16 12:09:38 200 862000
17 12:09:41 65 862000
18 12:09:52 580 864849
19 12:09:55 6987 864849
20 12:10:03 1000 864850
21 12:10:16 4265 865000
22 12:28:52 1000 851129