1 09:05:25 429 818155
2 09:06:06 32 818155
3 09:10:36 188 818156
4 09:17:14 155 818160
5 09:21:02 154 819000
6 09:34:52 843 819000
9 09:55:29 155 821999
8 09:55:29 194 820000
7 09:55:29 2272 820000
10 09:55:32 25000 822000
11 09:55:35 12000 823000
12 10:31:45 25000 823216
14 10:35:27 300 823000
13 10:35:27 4875 822700
15 10:37:56 10000 819011
16 10:40:20 150 820000
18 10:40:41 700 819500
17 10:40:41 150 820000
20 10:54:43 2900 819500
19 10:54:43 150 820000
21 11:06:16 48 820200
22 11:08:54 72 821000
23 11:08:59 37 821000
24 11:09:05 25000 822900
25 11:09:08 12284 822900
26 11:13:16 36 822000
31 11:28:17 39 823000
30 11:28:17 31 823000
29 11:28:17 39 823000
28 11:28:17 500 822998
27 11:28:17 500 822990
32 11:31:01 1900 822000
33 11:32:29 25000 822310
34 11:33:12 15000 822310
35 12:06:03 25000 823001
36 12:06:44 5806 823001