1 09:01:47 2000 800011
2 09:02:19 100 801000
3 09:03:08 544 801000
4 09:20:39 600 806023
5 09:24:28 544 806023
6 09:25:34 177 806000
8 09:30:45 1000 806500
7 09:30:45 146 806500
9 09:40:35 2000 807000
10 09:43:04 2000 807000
11 09:45:03 47 807400
12 09:45:34 1000 807400
13 09:52:22 2100 807400
14 09:55:21 100 807500
15 09:55:24 181 807900
16 09:55:27 10 807930
17 09:57:47 2000 810000
18 10:06:53 1000 810000
21 10:10:12 973 811000
20 10:10:12 500 811000
19 10:10:12 291 810999
23 10:34:37 400 811000
22 10:34:37 35 810999
25 10:46:22 300 812000
24 10:46:22 265 811500
26 10:46:39 33 811000
27 10:49:38 300 811000
28 10:50:17 868 811000
29 10:51:17 721 811000
30 10:56:54 500 811000
31 11:00:48 136 811000
32 11:03:05 2800 811000
33 11:06:05 600 812000
34 11:11:14 87 811000
35 11:16:22 1000 811000
37 11:19:50 1000 813000
36 11:19:50 1000 812000
38 11:30:08 1000 811500
39 11:32:43 150 811500
40 11:34:50 3700 811500
41 11:41:17 1000 812000
42 11:44:28 32 812100
43 11:44:53 1000 813000
44 11:47:17 300 813000
47 11:55:13 3736 813500
46 11:55:13 264 813300
45 11:55:13 1000 813200
49 11:55:22 736 813500
48 11:55:22 1264 813500
50 11:56:12 764 813500
51 12:01:19 1500 813500
52 12:10:21 1000 813500
53 12:28:30 1500 813500