1 09:12:29 100 812000
2 09:14:32 9101 811045
3 09:17:00 100 816000
4 09:18:20 1469 811120
5 09:25:25 137 811101
6 09:32:17 100 816000
7 09:33:05 515 816000
8 10:13:26 765 811301
9 10:44:14 10 813102
10 10:56:27 153 815700
11 10:57:39 112 815700
12 10:59:36 162 815700
13 11:03:37 2304 815700
14 11:13:50 500 815700
15 11:23:41 19 816000
16 11:26:24 1848 816000
17 11:58:50 20 815710
18 11:58:52 2596 815700
19 11:59:06 1280 815710
21 12:16:37 18121 815700
20 12:16:37 20 815710
22 12:25:01 25000 816000
23 12:25:21 11167 816000
24 12:29:06 12500 816000