1 09:00:04 3082 827905
2 09:00:06 1 827905
6 10:24:27 1915 830000
5 10:24:27 1000 830000
4 10:24:27 10 830000
3 10:24:27 2859 829990
8 10:37:47 1000 830000
7 10:37:47 82 830000
9 10:38:06 17 830990
10 10:38:15 1700 831000
12 10:38:38 3000 833000
11 10:38:38 100 833000
13 10:38:49 998 833990
14 10:39:02 1000 833000
15 10:39:24 1082 834000
16 10:47:40 519 830001
17 10:58:46 3000 830040
18 10:59:17 3000 834000
19 11:01:06 205 825106
20 11:17:59 2500 825155
21 11:30:00 3350 833999
22 11:45:48 8400 834000
24 11:54:02 214 826000
23 11:54:02 1036 826001
25 12:08:52 2479 833000
26 12:23:43 300 830000
32 12:28:13 3192 826016
31 12:28:13 30 826302
30 12:28:13 1800 826700
29 12:28:13 800 826734
28 12:28:13 10 826735
27 12:28:13 1047 826736