2 09:04:25 1249 819500
1 09:04:25 20 822223
6 09:05:35 39 819472
5 09:05:35 10 819480
4 09:05:35 51 819500
3 09:05:35 270 819501
7 09:16:46 65 819472
9 09:36:26 66 820010
8 09:36:26 609 820020
10 09:41:10 100 825000
11 09:48:49 908 819492
12 09:55:03 25000 822000
13 10:00:22 1690 819597
14 10:24:20 185 820001
15 10:24:55 731 820000
17 10:35:57 3897 822901
16 10:35:57 1712 822901
18 10:40:55 5000 824679
19 10:42:49 5000 824000
20 10:42:54 5000 824000
21 10:42:58 5000 824000
22 10:43:04 3331 824000
23 10:51:26 210 824000
24 10:57:08 270 824000
25 10:58:36 1189 824000
26 10:58:40 4811 821000
27 11:03:32 10000 824000
28 11:03:53 7 824000
29 11:05:47 10000 824000
30 11:05:59 4993 824000
34 11:12:21 332 820102
33 11:12:21 4651 820103
32 11:12:21 10 820110
31 11:12:21 7 824000
36 11:24:22 2076 824990
35 11:24:22 37 824890
37 11:57:19 1500 821000
38 12:03:39 1000 821000
39 12:03:59 1000 821000
40 12:04:34 1000 821000
41 12:04:43 1000 821000
42 12:04:58 500 821000
43 12:05:09 10 822000
44 12:05:23 10 822500
45 12:06:15 10 822600
46 12:08:07 1000 822650
47 12:08:26 500 820103
48 12:09:29 3003 822670
55 12:16:20 9250 819000
54 12:16:20 5000 819470
53 12:16:20 5453 819471
52 12:16:20 1641 819472
51 12:16:20 500 819587
50 12:16:20 1156 820102
49 12:16:20 2000 820103
56 12:16:45 2000 822650
57 12:18:13 25000 822000
58 12:18:24 25000 822000
59 12:28:32 1000 819000
60 12:28:57 1000 822650
61 12:29:31 62 819000
62 12:29:49 62 822650