1 09:38:35 153 822000
2 09:41:48 7 824000
3 09:42:09 2293 824000
4 10:05:16 161 823535
5 10:06:00 72 826881
6 10:13:36 478 824001
7 10:28:45 377 827001
9 10:29:07 93 827000
8 10:29:07 248 827001
10 10:29:27 346 823601
11 10:30:29 377 823601
12 10:30:47 1810 823601
13 10:34:06 1657 824501
14 10:43:44 17632 826501
15 10:52:52 2607 826501
16 10:53:14 788 826500
17 11:01:19 2180 824225
18 11:05:26 72 827000
20 11:13:55 100 834990
19 11:13:55 1400 834990
21 11:14:01 579 835000
22 11:19:56 2079 827000
23 11:38:12 14480 826900
24 11:55:54 18 824227
26 12:03:53 4808 827000
25 12:03:53 1363 827000
27 12:15:19 100 824229
31 12:27:10 20192 824002
30 12:27:10 1999 824002
29 12:27:10 12100 824005
28 12:27:10 100 824224
32 12:27:19 2809 824002
33 12:28:06 7191 824002