1 10:02:51 10 823100
7 10:13:08 200 821000
6 10:13:08 20 821502
5 10:13:08 470 821502
4 10:13:08 522 821504
3 10:13:08 2360 821505
2 10:13:08 487 821506
8 10:13:09 699 820000
9 10:15:23 2360 823100
10 10:16:54 10 819875
11 10:29:33 7 820007
12 10:45:25 346 820550
13 10:45:26 3933 820550
14 10:46:47 1725 820501
15 10:47:41 1725 823110
16 10:48:32 10 820502
17 10:50:24 3300 820502
18 10:50:25 8200 820502
19 10:51:05 3290 823120
20 10:51:50 10 820008
21 10:52:25 10000 823120
22 10:53:22 10 820009
24 10:54:00 1898 820009
23 10:54:00 1000 820017
25 10:54:29 1908 823120
26 10:56:03 10 820101
27 10:57:42 1170 823120
28 11:02:19 10 820106
29 11:09:23 21146 823000
30 11:09:28 25000 823000
31 11:09:32 25000 823000
32 11:10:00 10 820501
34 11:12:20 2251 820112
33 11:12:20 1200 821500
35 11:12:49 2251 823120
36 11:15:02 10 820113
37 11:15:22 15000 823120
38 11:16:44 10 820113
39 11:24:34 3218 823000
40 11:25:56 1000 821000
41 11:26:10 100 821000
42 11:26:11 900 821000
43 11:26:17 1000 821000
44 11:26:24 1000 821000
45 11:27:37 1000 823120
46 11:33:16 500 822000
47 11:33:46 10 821007
49 11:40:19 410 821600
48 11:40:19 820 821600
52 11:49:11 1430 821501
51 11:49:11 470 821502
50 11:49:11 100 821605
53 11:49:58 1430 823125
54 11:50:31 10 821501
55 12:00:23 810 821502
56 12:00:24 190 821502
57 12:00:43 1286 823000
58 12:06:20 5000 823001
59 12:07:47 3230 823000
60 12:08:07 10 821505
62 12:11:28 160 821505
61 12:11:28 240 821506
63 12:16:04 9 823000
64 12:16:24 160 823125
65 12:16:47 10 821505