1 09:09:40 174 806987
2 09:09:51 880 806987
3 09:39:41 4458 806987
4 10:09:21 1897 806988
6 10:11:40 2225 806987
5 10:11:40 18103 806988
7 10:14:38 1071 806988
8 10:32:57 9804 806988
9 10:41:09 300 806988
10 10:45:16 694 806988
11 10:55:27 100 806988
12 10:56:50 20 806988
13 11:01:21 500 806988
14 11:06:32 308 806988
15 11:17:12 2000 806988
16 11:32:25 922 806988
17 11:38:36 500 806988
18 11:38:43 70 806988
19 11:39:04 500 806988
20 11:46:26 50 806988
21 12:06:59 2000 806988
22 12:10:06 500 806988
23 12:18:25 800 806988
32 12:19:25 12830 808100
31 12:19:25 10000 808100
30 12:19:25 1000 808098
29 12:19:25 500 807999
28 12:19:25 20 807989
27 12:19:25 500 807989
26 12:19:25 50 806999
25 12:19:25 50 806999
24 12:19:25 50 806999
35 12:19:40 10000 809000
34 12:19:40 7000 808800
33 12:19:40 2170 808100
36 12:29:56 2700 806988