2 09:00:04 2 823155
1 09:00:04 198 823155
3 09:26:03 1800 830900
4 09:36:23 3260 830900
5 09:41:35 500 827781
6 09:41:44 5 827781
7 09:44:52 86 827791
8 09:52:21 2691 831000
9 10:25:57 833 828006
10 10:26:12 92 828005
11 10:27:08 950 828005
12 10:28:15 1388 828125
13 10:32:29 10 831999
15 10:44:48 9275 831002
14 10:44:48 3072 831003
16 10:45:21 653 831000
17 10:45:34 1730 828313
19 10:55:44 7 831997
18 10:55:44 1378 831997
21 10:57:22 6 831998
20 10:57:22 198 831998
23 10:59:10 24700 832000
22 10:59:10 300 831999
24 10:59:32 300 832000
29 11:01:34 12170 830132
28 11:01:34 9256 830138
27 11:01:34 3178 830138
26 11:01:34 96 831998
25 11:01:34 300 832000
33 11:01:45 500 830111
32 11:01:45 8642 830132
31 11:01:45 11788 830132
30 11:01:45 3275 830133
34 11:01:46 795 830000
36 11:19:22 24954 829854
35 11:19:22 46 830000
39 11:20:22 6346 829854
38 11:20:22 46 829854
37 11:20:22 3533 829855
40 11:27:56 512 829872
41 11:27:57 1492 831999
42 11:28:02 5000 832000
43 11:52:58 440 831000
44 12:01:23 500 831900
47 12:13:28 2332 831010
46 12:13:28 3000 831010
45 12:13:28 2773 831011
48 12:13:29 16895 831000
49 12:15:34 1748 831000