2 09:15:34 10 826201
1 09:15:34 10 826220
3 09:49:25 327 825258
4 09:58:29 2167 826800
5 10:01:35 1140 826205
6 10:11:28 933 826247
7 10:12:43 16687 826247
10 10:17:15 2167 831784
9 10:17:15 1270 831779
8 10:17:15 190 831779
14 10:28:39 100 831990
13 10:28:39 3627 831990
12 10:28:39 100 831989
11 10:28:39 10 831790
16 10:37:52 500 830000
15 10:37:52 2560 830000
17 10:48:00 425 826411
18 10:50:39 8 826402
19 10:57:56 7 829001
20 10:58:33 1000 829501
22 11:06:23 665 826522
21 11:06:23 1335 826523
25 11:25:49 242 830000
24 11:25:49 500 830000
23 11:25:49 333 829501
27 11:48:34 500 830000
26 11:48:34 500 830000
28 12:14:13 3000 826543