1 09:50:07 4696 830000
2 10:00:19 10391 828001
3 10:20:03 2581 830000
4 10:33:42 2581 830000
5 10:46:34 1111 827014
6 10:48:23 174 827014
7 10:49:33 1 827014
8 11:01:55 9915 827014
9 11:16:59 99 827905
11 11:17:04 520 827905
10 11:17:04 102 827905
12 11:17:56 520 830000
13 11:26:21 301 827210
14 11:30:43 100 828000
15 11:30:45 705 828000
16 11:30:48 100 828000
17 11:30:54 104 828000
18 11:30:59 98 828000
19 11:31:04 103 828000
20 11:31:09 101 828000
21 11:31:14 97 828000
22 11:31:19 98 828000
23 11:31:23 48 828000
24 11:31:25 103 828000
25 11:31:30 97 828000
26 11:31:35 104 828000
27 11:31:40 98 828000
28 11:31:45 104 828000
29 11:31:50 103 828000
30 11:31:56 104 828000
31 11:32:01 101 828000
32 11:32:05 97 828000
33 11:32:06 51 828000
34 11:32:10 101 828000
35 11:32:15 98 828000
36 11:32:20 96 828000
37 11:32:25 99 828000
38 11:32:32 96 828000
39 11:32:37 98 828000
40 11:32:40 97 828000
42 11:32:46 51 828000
41 11:32:46 48 828000
43 11:32:51 6 827202
44 11:32:56 95 827202
45 11:33:03 99 827202
46 11:33:08 100 827202
49 11:37:48 438 827200
48 11:37:48 60 827201
47 11:37:48 7 827201
50 11:46:44 12 827201
52 11:49:09 560 827200
51 11:49:09 186 827201
53 11:49:18 99 828000
54 11:49:22 101 828000
55 11:49:27 97 828000
56 11:49:33 102 828000
57 11:49:37 95 828000
58 11:49:42 100 828000
60 11:49:49 119 828000
59 11:49:49 101 828000
61 11:49:51 185 828000
62 11:55:23 99 828000
63 11:55:28 96 828000
64 11:55:32 103 828000
65 11:55:38 64 828000
66 11:55:48 1224 828000
67 11:56:30 50 828000
68 11:57:09 49 828000
69 11:57:48 14 828000
70 12:13:10 583 828000
71 12:13:53 359 828000
72 12:14:31 259 828000
73 12:14:50 1099 828000
75 12:25:24 12680 828191
74 12:25:24 250 828191