1 09:54:25 3223 833114
2 09:58:07 2239 833114
3 10:04:18 7184 833114
4 10:04:30 8000 833114
5 10:06:23 8646 833114
7 10:06:38 7476 833114
6 10:06:38 1170 833114
9 10:06:54 7476 833114
8 10:06:54 17524 833114
10 10:07:08 12524 833114
11 10:08:14 10 832000
12 10:10:57 2800 833115
15 10:32:04 7 833999
14 10:32:04 120 833999
13 10:32:04 8000 833999
16 10:40:05 89 833115
17 10:52:41 4563 833115
19 11:24:40 12 833116
18 11:24:40 7 833116
22 11:51:22 4712 833114
21 11:51:22 9000 833201
20 11:51:22 5288 833300
23 12:02:27 100 833000
24 12:18:04 3100 835000