1 09:15:14 7 820000
2 09:17:21 18 820000
3 09:23:07 7 819000
10 09:35:38 19801 821000
9 09:35:38 2448 820000
8 09:35:38 100 819999
7 09:35:38 30 819999
6 09:35:38 19 819999
5 09:35:38 2595 819998
4 09:35:38 7 819998
12 09:35:39 19801 821000
11 09:35:39 5199 821000
14 09:35:41 19801 821000
13 09:35:41 5199 821000
15 09:35:46 18300 816500
17 09:35:51 1553 821000
16 09:35:51 5199 821000
18 09:40:21 584 816000
19 09:55:31 7 820500
20 10:12:17 620 817000
21 10:19:47 23755 817000
22 10:21:56 625 817000
23 10:28:15 375 817000
24 10:58:25 8 817011
25 10:58:34 138 817011
26 11:13:01 20000 817100
27 11:26:19 450 818000
28 11:26:23 8419 818000
29 11:30:59 571 818990
30 11:38:41 13 818990
31 11:40:32 153 818000
32 11:40:47 6120 818000
33 11:47:52 8320 818000
34 12:03:44 35 818000
35 12:22:07 288 819000
36 12:29:16 1000 820000
37 12:29:22 3000 820400
39 12:29:48 4446 820500
38 12:29:48 2820 820500