1 09:07:04 1430 800003
2 09:20:34 1430 809000
7 09:32:48 6725 802256
6 09:32:48 50 803555
5 09:32:48 50 803666
4 09:32:48 50 803888
3 09:32:48 50 804000
8 09:43:31 404 805000
9 09:48:48 276 804600
10 09:48:49 793 804600
11 09:56:34 7 807999
12 09:57:55 775 807000
13 10:21:41 250 807000
18 10:30:52 11493 800557
17 10:30:52 100 800666
16 10:30:52 100 801111
15 10:30:52 300 801111
14 10:30:52 7 801201
23 10:41:52 400 809000
22 10:41:52 707 808999
21 10:41:52 290 808999
20 10:41:52 30 808000
19 10:41:52 250 808000
24 10:46:18 10 808000
25 10:51:36 9990 804000
26 10:53:05 300 806000
27 11:20:26 731 808000
28 11:21:38 109 808000
29 11:23:21 10 808000
30 11:28:58 1229 808001
31 11:43:34 2870 808001
32 11:47:34 3003 808001
33 11:52:18 1000 808001
34 11:53:58 250 808001
35 12:02:11 10785 808001
37 12:03:01 5137 808000
36 12:03:01 863 808001
38 12:07:50 250 808000
39 12:22:12 70 808000