1 09:18:22 1057 840000
2 09:18:27 9592 840000
3 10:10:45 1650 840024
4 10:10:46 10850 840024
5 10:24:47 280 840048
6 10:56:12 6 840062
9 11:10:47 611 840064
8 11:10:47 6 840064
7 11:10:47 1533 840065
10 11:18:29 1712 840067
11 11:18:30 2288 840067
16 12:04:56 6798 840100
15 12:04:56 6 840103
14 12:04:56 4519 840112
13 12:04:56 12000 840112
12 12:04:56 1677 840113
18 12:05:01 6798 840084
17 12:05:01 18202 840100
21 12:05:12 17078 840023
20 12:05:12 4720 840051
19 12:05:12 3202 840084
22 12:05:20 500 840023
25 12:05:35 1473 840023
24 12:05:35 7422 840023
23 12:05:35 1784 840024
26 12:10:41 2895 840113
27 12:14:00 100 840990
28 12:15:57 100 841100