1 09:00:04 1500 807012
2 09:19:25 1000 807011
3 09:21:58 11 807000
4 09:22:45 75 807000
5 09:27:28 7420 806316
6 09:41:44 300 806316
7 09:42:56 1184 806316
8 09:43:21 4 806316
9 09:46:59 460 806316
10 09:59:32 779 806316
11 10:01:23 10 806315
12 10:02:17 20 807000
13 10:02:36 14 807000
14 10:04:29 39 807000
15 10:05:08 27 807000
16 10:40:03 2500 807003
17 10:50:40 9 807000
19 11:42:44 10 807900
18 11:42:44 3133 807900
21 11:42:55 2000 808000
20 11:42:55 773 807999
22 11:50:16 9725 808000
28 11:52:12 6185 808351
27 11:52:12 293 808351
26 11:52:12 1000 808350
25 11:52:12 204 808349
24 11:52:12 500 808349
23 11:52:12 1000 808348
33 11:58:11 8000 810000
32 11:58:11 7 809000
31 11:58:11 1667 809000
30 11:58:11 300 809000
29 11:58:11 500 808998
34 12:00:42 25000 810000
35 12:00:47 459 810000
37 12:03:58 4 810000
36 12:03:58 1184 810000
38 12:20:43 13 808000
39 12:21:39 1000 808000
40 12:21:44 2000 808000