1 09:14:20 4158 824504
2 09:36:06 237 827000
3 09:40:24 563 827000
4 09:40:25 73 827000
5 10:55:04 25000 831500
6 10:55:13 25000 831500
7 10:55:24 25000 831500
8 10:55:35 6583 831500
9 11:02:10 518 830000
10 11:02:18 388 830000
12 11:19:30 7 830000
11 11:19:30 570 830000
13 11:29:17 58 830000
14 11:29:25 52 830000
22 12:11:16 19618 833000
21 12:11:16 40 833000
20 12:11:16 3000 831990
19 12:11:16 1277 831900
18 12:11:16 52 831493
17 12:11:16 107 831170
16 12:11:16 518 831169
15 12:11:16 388 831169
23 12:11:19 5382 833000