1 09:14:48 1097 826024
2 09:15:37 606 826030
3 09:31:04 70 827018
6 10:00:03 2014 828003
5 10:00:03 150 828006
4 10:00:03 150 828009
7 10:00:12 5446 827018
8 10:00:19 2740 827018
9 10:06:53 10 830000
10 10:07:22 10 830990
11 10:33:19 1102 830000
12 10:43:20 1167 829999
13 10:43:24 746 829999
14 10:43:27 1919 829999
15 10:43:37 7 829999
16 10:45:06 154 829999
17 10:47:19 613 826601
19 11:26:00 10 827000
18 11:26:00 1000 827000
20 11:29:35 10 826602
21 11:31:29 395 827000
23 12:15:17 10 826602
22 12:15:17 90 826602
26 12:22:20 10000 826500
25 12:22:20 25000 826500
24 12:22:20 25000 826500
30 12:23:57 863 822300
29 12:23:57 12 822500
28 12:23:57 73 822510
27 12:23:57 52 823100
32 12:25:42 564 822224
31 12:25:42 287 822300
35 12:29:27 2107 822223
34 12:29:27 20 822224
33 12:29:27 1293 822224