1 09:15:10 65 838000
3 10:15:15 2 843000
2 10:15:15 1049 843000
4 10:15:23 4491 843100
6 10:39:10 6 835000
5 10:39:10 402 835003
7 10:40:22 92 835000
9 10:43:59 587 832685
8 10:43:59 500 832685
10 10:44:10 268 829126
11 10:46:54 1 829126
12 10:58:43 200 837994
13 10:58:51 269 837994
14 10:59:30 300 837995
15 11:00:10 9231 842000
16 11:08:30 500 830000
17 11:08:57 515 828483
18 11:09:34 473 829001
19 11:09:45 1000 829000
22 11:26:27 2001 827003
21 11:26:27 1501 827003
20 11:26:27 501 827003
23 11:28:36 408 827003
24 11:56:50 4411 830000
25 12:21:10 470 832000