1 09:03:28 10 805005
5 09:57:29 5000 830000
4 09:57:29 5000 830000
3 09:57:29 641 830000
2 09:57:29 300 825000
6 10:01:10 102 830000
7 10:06:03 24898 827001
10 10:13:45 10 824202
9 10:13:45 60 824202
8 10:13:45 80 824202
11 10:13:53 1108 824202
13 10:16:25 200 824200
12 10:16:25 2800 824201
15 10:19:41 2800 827499
14 10:19:41 60 827499
16 10:19:54 4000 827500
17 10:20:07 1000 827700
18 10:20:10 1000 827700
19 10:20:32 1000 827799
20 10:20:36 1108 827799
23 10:24:37 2223 827800
22 10:24:37 2000 827790
21 10:24:37 1227 827700
24 10:24:43 1240 827800
25 10:25:00 5450 828999
26 10:26:30 10 828998
27 10:27:22 2500 828999
28 10:28:38 4832 829000
29 10:42:30 25 828000
30 10:43:03 25 828000
32 10:43:27 442 824205
31 10:43:27 500 824205
33 10:55:16 25000 825439
34 10:55:28 10 827984
35 10:56:13 23423 825439
37 10:59:01 1500 824201
36 10:59:01 500 824207
40 11:15:41 972 824200
39 11:15:41 940 824201
38 11:15:41 20 824210
41 11:23:24 500 826740
42 11:30:14 10000 825000
44 11:51:26 3004 825000
43 11:51:26 20 824998
45 11:55:53 20 824210
46 11:56:43 440 827499
47 12:15:08 1851 824206
48 12:16:07 3975 827500
49 12:16:13 500 827998
50 12:16:25 500 828998
51 12:16:42 1471 828999
52 12:17:13 965 829000
53 12:17:43 4475 830000
55 12:20:43 12100 829999
54 12:20:43 30 829999
56 12:25:52 936 824207