1 09:05:07 3849 806635
2 09:10:31 449 806640
3 09:17:45 50 806990
4 09:20:35 10 806640
5 09:43:13 1164 806640
6 10:06:05 25 806640
7 10:07:09 325 806640
8 10:13:06 70 806635
9 10:13:44 7 806635
10 10:15:13 747 806635
11 10:17:21 400 806640
12 10:43:40 1807 806635
13 11:08:57 284 806635
14 11:10:07 20 806635
15 11:17:40 4363 806635
16 11:33:48 18853 806635
17 11:37:43 3859 806635
18 11:38:32 1949 806635
19 11:42:19 16192 806635
20 11:42:46 8808 806635
21 11:49:46 11 806635
22 11:50:50 2291 806635
23 11:58:20 573 806635
24 12:08:49 12 806635
25 12:16:24 975 806635