1 09:09:01 764 832000
2 09:55:24 2 831008
3 09:59:52 60 831009
4 10:03:20 1000 831009
5 10:10:31 1429 831009
8 10:11:31 5941 831007
7 10:11:31 9534 831008
6 10:11:31 925 831009
9 11:14:21 1000 831061
10 11:33:02 1000 831075
11 11:38:48 1000 831075
12 11:54:01 25000 832000
13 11:58:50 3006 832000
14 12:03:11 9 833899
18 12:05:20 149 831087
17 12:05:20 636 831088
16 12:05:20 7 831088
15 12:05:20 19 831088
19 12:05:32 2000 831088
20 12:10:06 1000 831089
21 12:15:12 6700 833899
22 12:16:18 700 833899
23 12:19:45 1193 833899