1 09:13:05 146 804640
2 09:14:00 520 810000
3 09:15:51 146 804640
4 09:21:46 1090 804640
5 09:21:47 110 804640
9 09:26:07 22432 817000
8 09:26:07 1836 812000
7 09:26:07 300 812000
6 09:26:07 432 812000
11 09:26:12 16000 817000
10 09:26:12 2568 817000
14 09:36:00 3000 817000
13 09:36:00 10 816999
12 09:36:00 2000 816999
18 09:41:38 8863 817000
17 09:41:38 1731 817000
16 09:41:38 2000 816999
15 09:41:38 1184 816998
19 09:48:28 500 816500
19 09:48:28 500 816500
21 10:16:01 20 816500
20 10:16:01 146 816500
21 10:16:01 20 816500
20 10:16:01 146 816500
22 10:37:03 7 813000
23 10:43:02 10 814000
24 10:45:03 12 815000
24 10:45:03 12 815000
25 10:49:46 51 816400
27 10:53:07 56 816480
26 10:53:07 56 816450
29 10:55:16 146 816500
28 10:55:16 24 816449
30 10:58:58 400 813500
31 11:04:45 333 813500
32 11:05:02 4376 813500
33 11:06:55 2500 813500
34 11:09:29 25000 815000
35 11:12:46 17944 815000
36 11:42:29 361 815000
37 11:45:55 154 814000
38 11:59:06 4758 815500
39 12:20:35 6000 815000