3 10:06:34 372 824401
2 10:06:34 151 824500
1 10:06:34 86 824510
4 10:18:38 21 824510
5 10:19:10 7 824505
6 10:19:55 1709 826020
7 10:20:24 3000 825000
8 10:23:42 13 831000
12 10:23:57 3597 825261
11 10:23:57 600 826002
10 10:23:57 10 826500
9 10:23:57 1193 826501
13 10:41:47 151 830990
14 10:46:15 86 830990
18 11:04:39 4334 831500
17 11:04:39 925 831500
16 11:04:39 241 831500
15 11:04:39 300 831500
20 11:21:25 2604 831500
19 11:21:25 27 831500
21 11:21:41 5800 831700
22 11:21:43 5800 831700
23 11:21:47 5800 831700
24 11:21:50 2600 831700
28 11:29:22 868 832000
27 11:29:22 3006 832000
26 11:29:22 997 831989
25 11:29:22 929 831950
29 11:29:26 5800 832000
30 11:29:31 5800 832000
31 11:29:36 2532 832000
32 11:31:58 7 832990
33 11:36:35 1 832990
34 12:09:21 1000 827501