1 09:00:04 716 810000
2 09:03:43 153 801000
3 09:03:44 526 810000
4 09:29:39 2000 810000
6 09:56:08 10000 804610
5 09:56:08 15000 810001
11 09:56:15 812 801602
10 09:56:15 10 802507
9 09:56:15 1178 802507
8 09:56:15 3000 804600
7 09:56:15 15000 804601
12 09:56:22 495 801602
13 09:56:39 2503 810000
14 10:22:12 7 810000
15 10:37:22 1731 810000
16 10:44:37 308 810000
17 10:46:55 146 807600
18 11:15:01 153 807600
23 11:17:40 513 807511
22 11:17:40 10 807600
21 11:17:40 504 807600
20 11:17:40 323 807600
19 11:17:40 137 807600
25 11:19:39 990 807512
24 11:19:39 10 807600
26 11:19:53 1647 810000
27 11:20:38 1817 810400
28 11:20:59 436 810400
29 11:22:15 10000 810400
30 11:35:07 30 810390
31 11:35:33 2805 808000
32 12:07:12 642 810400
34 12:15:56 30 810399
33 12:15:56 100 807999
35 12:15:59 162 810400
36 12:16:40 62 810399
37 12:19:10 20 807900
39 12:24:37 454 807900
38 12:24:37 412 807900
40 12:24:43 38 810399
41 12:24:46 1307 810400