1 09:48:02 300 833000
3 10:14:27 332 830006
2 10:14:27 50 830200
5 10:17:45 6364 830019
4 10:17:45 559 830020
6 10:22:56 1700 830035
7 10:28:36 10 830048
9 10:29:33 29 830049
8 10:29:33 15 830050
10 10:37:28 1200 830000
11 10:38:10 10 832998
12 10:50:12 2205 829501
13 10:50:43 1210 832991
14 10:55:06 100 832991
15 10:55:31 3182 832991
17 10:56:41 1850 832998
16 10:56:41 2000 832998
19 11:14:53 3190 826119
18 11:14:53 2000 826120
20 11:18:35 7 828000
21 11:18:42 2993 828000
22 11:19:08 411 831499
23 11:19:11 2459 831499
24 11:19:46 1000 828500
25 11:20:25 1000 829000
26 11:21:43 2000 829000
27 11:21:48 1000 830000
28 11:22:09 1000 830000
29 11:22:37 1000 829000
30 11:23:21 2580 829000
31 11:25:26 1420 829000
32 11:31:41 500 827000
33 11:32:47 7830 827000
34 11:33:41 1170 827000
35 11:34:07 691 827500
36 11:34:11 309 827500
37 11:37:30 1000 827500
38 11:37:45 3000 828000
39 11:37:56 2000 828000
40 11:38:14 685 828800
41 11:38:19 315 828800
42 11:38:58 7 831499
43 11:39:06 1000 831500
44 11:39:07 5000 831500
45 11:39:16 1580 832000
46 11:39:27 100 832500
47 11:39:37 3528 832901
48 11:39:38 5000 832901
49 11:39:40 4000 832901
50 11:39:42 2315 832901
51 11:40:24 2470 832901
52 11:40:25 7 832900
53 11:42:41 710 827000
54 11:43:11 290 827000
55 11:49:03 30 829000
56 11:54:37 800 829999
57 11:55:20 993 830000
58 11:56:10 1280 826016
59 12:28:53 1290 829999