1 09:37:52 48 806683
2 09:39:37 975 804001
3 09:40:46 975 806980
4 09:51:39 10 806990
5 10:19:49 13 806200
6 10:22:56 15 804006
7 10:25:20 85 804008
8 10:26:11 3034 806900
9 10:27:48 50 804008
10 10:28:01 120 806990
11 10:28:59 7 808998
12 10:29:25 8 808997
14 10:30:12 7 808994
13 10:30:12 7 808995
15 10:30:34 7 808900
16 11:06:25 11010 804106
21 11:08:16 15000 808998
20 11:08:16 4624 808998
19 11:08:16 500 808998
18 11:08:16 3 808998
17 11:08:16 91 808997
22 11:08:54 15000 808999
23 11:30:44 36 804110
24 11:41:56 1000 808000
25 11:42:11 5151 808998
28 12:02:11 19970 804109
27 12:02:11 30 804124
26 12:02:11 5000 804125
29 12:02:12 5030 804109
30 12:09:46 952 804106
33 12:17:21 2636 804201
32 12:17:21 20 804300
31 12:17:21 20 804300
35 12:28:08 2001 804201
34 12:28:08 20 804300