1 09:00:04 10 820271
2 09:24:28 10 821700
4 10:20:18 219 820986
3 10:20:18 120 821001
8 10:56:45 1280 823999
7 10:56:45 3710 823990
6 10:56:45 10 823988
5 10:56:45 1000 823988
9 10:56:58 220 823999
10 10:58:36 10 823999
11 11:00:14 2000 824000
12 11:13:44 25000 823000
13 11:14:22 25000 823000
14 11:17:21 20000 823000
15 11:24:42 900 823097
16 11:28:35 37 823210
17 11:42:38 800 823210
18 11:52:11 450 823204
19 11:53:01 220 823204
21 11:57:13 2654 823122
20 11:57:13 798 823122
22 11:57:14 1548 823122
23 11:57:27 148 823098
25 12:07:18 1550 823121
24 12:07:18 450 823122
26 12:08:52 5000 823121
27 12:11:08 37 823121
28 12:19:27 1000 823121
29 12:21:46 3000 823121
30 12:22:41 5000 823121
31 12:24:14 52 823121
32 12:25:23 1000 823121
33 12:29:23 6230 823121