1 09:15:25 27 826100
2 09:15:52 292 826002
3 09:16:03 673 826100
5 09:21:04 1927 826108
4 09:21:04 10 826200
6 09:32:33 1010 826500
7 09:32:38 2243 826500
10 09:59:28 10800 830000
9 09:59:28 2000 830000
8 09:59:28 66 830000
11 09:59:36 18833 830000
12 10:02:28 15 831000
13 10:03:25 1300 831400
14 10:03:41 488 831450
15 10:03:53 512 831450
16 10:04:08 40 831800
18 10:04:21 1290 832400
17 10:04:21 27 832400
19 10:04:37 10 832490
20 10:05:01 170 832499
21 10:05:21 4106 832983
22 10:06:12 3210 832990
23 10:06:43 5133 833981
24 10:07:21 4000 833990
25 10:09:37 1302 834000
26 10:11:57 2000 834000
27 10:31:45 1731 825243
28 11:02:21 691 831000
29 11:02:28 7 832000
30 11:02:51 100 833500
31 11:03:14 698 834000
32 11:15:37 7000 830000
33 11:16:12 210 830000
34 11:18:27 3000 830000
35 11:18:31 7132 830000
36 11:19:09 671 834000
37 11:36:35 170 830001
39 12:28:06 2000 829000
38 12:28:06 2300 829001
40 12:28:41 689 829000
41 12:29:05 1300 829000
42 12:29:11 1526 829000
43 12:29:38 2185 829000