1 09:04:30 412 806635
2 09:30:01 776 806635
3 09:32:21 13238 806635
4 10:01:19 3000 806650
5 10:10:12 1400 806650
6 10:10:52 160 806650
7 10:12:22 12 806650
8 10:14:11 31 806650
9 10:29:31 4522 806635
10 10:31:41 1949 806635
11 10:35:57 10 806650
12 10:46:46 8338 806635
13 10:48:52 1952 806635
14 10:53:03 10 806635
15 11:00:41 1518 806635
16 11:06:23 103 806635
17 11:07:29 3465 806635
18 11:08:22 2 806635
19 11:12:59 1000 806635
20 11:14:08 300 806635
21 11:17:32 17841 806635
22 11:25:32 174 806635
23 11:38:13 1300 806635
24 11:40:25 6900 806635
25 11:41:41 7700 806635
26 11:57:22 7000 806635
27 12:07:26 10000 806635
28 12:14:16 10000 806635
29 12:22:44 1400 806635