1 09:00:21 1505 823062
2 09:13:59 1000 815001
4 09:32:00 5000 819960
3 09:32:00 450 819962
5 09:32:07 206 819960
6 09:45:47 10803 822001
8 09:46:34 3162 824000
7 09:46:34 15422 824000
13 09:52:14 12183 829998
12 09:52:14 6000 829996
11 09:52:14 2867 829994
10 09:52:14 450 829994
9 09:52:14 206 824990
14 10:12:43 122 824600
15 10:19:05 12183 825000
16 10:19:19 12817 825000
18 10:25:50 7735 827000
17 10:25:50 300 826000
19 10:26:18 25000 825000
20 10:26:52 2908 825001
21 10:28:09 712 825000
22 10:32:13 5000 827990
23 10:32:26 12 827999
24 10:32:30 5000 828000
25 10:32:38 712 829998
27 10:32:42 12000 829998
26 10:32:42 5000 829998
28 10:33:33 1074 829998
29 10:52:33 730 825800
31 10:52:42 5000 825800
30 10:52:42 5000 825800
32 10:53:11 5000 825800
33 10:53:18 5000 825800
35 10:53:26 730 825800
34 10:53:26 4270 825800
36 10:53:32 5000 825800
37 10:54:40 5000 825800
38 10:58:59 45 825800
39 10:59:36 4000 827000
40 10:59:57 100 829800
41 11:03:00 2744 828500
42 11:08:51 1000 825800
43 11:16:41 1256 826000
44 11:46:04 3949 826001
45 11:48:25 370 826001
46 11:58:27 744 826100
47 12:00:21 74 826044
49 12:03:52 142 828500
48 12:03:52 6900 828500
50 12:03:57 3826 829890
51 12:04:00 2844 829891
52 12:28:10 100 829880
53 12:29:57 83 826283