1 09:07:27 2120 822281
2 09:18:58 500 825000
3 09:19:50 25 824000
4 09:21:23 976 825320
5 09:26:13 976 826800
6 09:27:17 110 823102
7 09:29:18 16500 823102
8 09:44:17 7 828999
9 09:48:35 1000 826800
10 09:50:24 7 826800
11 09:53:05 1145 826800
12 10:35:12 248 824000
13 10:44:10 2348 824100
15 10:49:38 6026 824101
14 10:49:38 2500 824101
16 10:59:14 2500 826800
20 12:16:33 3000 829990
19 12:16:33 42 829990
18 12:16:33 73 829990
17 12:16:33 197 828990
21 12:17:19 600 825000
22 12:20:04 3578 825000