2 09:14:52 549 821000
1 09:14:52 550 821000
3 09:21:28 200 821005
4 09:23:19 1000 821005
5 09:58:35 433 826999
6 10:03:13 1600 827700
7 10:04:54 1084 828500
8 11:06:01 2566 828500
9 11:09:33 18300 827500
10 11:13:30 1820 827026
11 11:36:43 10 828010
12 11:36:45 119 828010
14 11:48:01 220 828010
13 11:48:01 10 828010
20 11:56:00 3000 831990
19 11:56:00 550 831989
18 11:56:00 926 831980
17 11:56:00 500 829995
16 11:56:00 10 829970
15 11:56:00 500 829969
22 11:57:39 110 828010
21 11:57:39 10 828010
23 11:58:08 8 828010
25 12:02:26 20 831990
24 12:02:26 1200 831990
28 12:05:56 3001 828100
27 12:05:56 20 828110
26 12:05:56 500 828200
29 12:25:07 878 828799
30 12:29:45 2000 829799