1 09:03:47 22 830475
2 09:03:54 201 830475
3 09:17:40 7 832299
4 09:30:04 500 830707
5 09:31:21 1492 830707
6 09:36:33 152 830703
7 09:36:51 7 830713
9 09:44:15 650 826001
8 09:44:15 150 826001
10 10:00:09 52 826001
11 10:00:19 548 825800
12 10:17:27 548 829990
13 10:17:37 2000 830000
14 10:17:47 650 832899
17 10:18:09 22 832999
16 10:18:09 7 832999
15 10:18:09 1307 832999
18 10:18:19 500 833000
19 10:19:06 7461 833000
20 10:19:42 10 825810
21 11:00:59 602 830000
22 11:10:42 602 832997
23 11:48:49 123 829501
24 11:56:41 6780 831500
25 11:56:53 3220 831500
26 11:57:09 13 832000
27 11:57:25 6780 832979
28 12:00:19 193 825803
29 12:08:59 1564 831000
30 12:19:34 673 829000