1 09:25:05 1200 825000
2 09:35:06 23298 825000
3 09:55:24 104 825150
4 09:57:21 3000 825150
5 09:57:34 2597 825150
6 10:25:40 1192 825750
7 11:10:41 1220 825750
8 11:16:28 496 825750
9 11:31:02 10 828000
10 11:49:50 4049 828000
11 11:50:14 936 829000
12 11:50:29 2 829000
13 11:59:00 98 826000
16 12:10:37 3000 829990
15 12:10:37 1062 829000
14 12:10:37 4987 828999
17 12:10:57 6954 830257
22 12:21:20 5000 831000
21 12:21:20 1000 830998
20 12:21:20 1000 830998
19 12:21:20 3000 830989
18 12:21:20 15000 830987
23 12:21:24 8546 831000
24 12:25:54 10000 829000
25 12:26:37 1000 827100