1 09:35:17 2391 825001
4 09:39:03 2856 824726
3 09:39:03 43 824727
2 09:39:03 426 824727
5 09:42:33 704 824726
6 10:21:28 8640 824726
8 10:22:25 8640 824726
7 10:22:25 16360 824726
10 10:22:33 8640 824726
9 10:22:33 16360 824726
11 10:22:38 7670 824726
14 11:07:41 24493 824100
13 11:07:41 500 824738
12 11:07:41 7 826000
15 11:07:47 507 824100
16 11:19:16 7 833988
17 11:19:57 10 829998
18 11:45:14 18 824800
19 11:51:55 10 825500
20 11:57:40 12 825501
21 12:01:02 5988 825000
22 12:05:27 694 825000