1 09:14:02 909 808000
2 09:19:23 7784 808000
3 09:21:42 18987 800002
3 09:21:42 18987 800002
3 09:21:42 18987 800002
3 09:21:42 18987 800002
4 09:34:00 3000 807000
5 09:34:06 3000 807000
6 09:42:26 2000 806990
7 09:42:29 3969 807000
8 09:43:00 3969 806990
9 09:51:07 7018 806999
10 10:02:19 20000 806000
11 10:24:22 550 800110
16 10:37:14 671 810000
15 10:37:14 100 808900
14 10:37:14 1889 808000
13 10:37:14 2000 807990
12 10:37:14 550 807500
17 10:45:02 250 800990
18 10:47:59 7020 807000
18 10:47:59 7020 807000
19 11:05:47 2150 802019
20 11:28:31 171 806000
21 11:36:13 222 802625
22 11:41:56 416 810000
23 12:22:56 20000 807010
24 12:23:21 25000 807010
25 12:24:02 25000 807010