4 09:04:38 364 663011
3 09:04:38 200 663100
2 09:04:38 293 664000
1 09:04:38 2700 664099
5 09:05:03 8 669998
6 09:05:58 310 669997
7 09:18:02 10 664260
8 09:19:31 79 669698
9 09:20:48 217 669698
10 09:24:52 471 667000
11 09:27:32 200 669989
13 09:34:30 5090 667000
12 09:34:30 10 667001
14 09:42:07 3000 667000
15 09:42:33 970 667000
16 09:53:42 8508 667005
17 10:00:54 300 669986
18 10:00:55 38 669986
19 10:01:46 300 669987
20 10:03:12 487 669989
21 10:03:23 1000 669990
22 10:03:36 2200 669990
25 10:03:57 4501 671999
24 10:03:57 3001 671999
23 10:03:57 1501 671999
26 10:04:04 1414 671999
27 10:08:56 2400 671900
28 10:09:34 55 671999
29 10:09:47 295 672000
35 10:21:54 1000 672000
34 10:21:54 1000 672000
33 10:21:54 2176 672000
32 10:21:54 4165 672000
31 10:21:54 498 671999
30 10:21:54 100 671999
38 10:54:08 1982 667007
37 10:54:08 20 667010
36 10:54:08 100 667011
43 11:06:11 1982 671993
42 11:06:11 2868 671992
41 11:06:11 3001 671992
40 11:06:11 1501 671992
39 11:06:11 99 671990
48 11:11:28 9578 672000
47 11:11:28 260 672000
46 11:11:28 24740 672000
45 11:11:28 60 672000
44 11:11:28 200 672000
49 11:26:58 150 668002
51 11:27:16 4950 668001
50 11:27:16 50 668002
54 11:43:30 6914 668000
53 11:43:30 3250 668001
52 11:43:30 100 668010
57 11:46:48 8200 671498
56 11:46:48 5874 671000
55 11:46:48 200 670980
58 11:47:03 25000 671499
59 11:47:09 25000 671998
60 11:52:14 2135 671498
61 11:52:33 500 671498
62 11:54:13 113 671498
63 11:54:42 10 671498
64 12:05:48 3204 671498
65 12:07:30 2544 671498
66 12:07:34 1904 671498
67 12:11:26 3000 671498
68 12:26:32 190 671498
69 12:29:32 1000 672312