1 09:10:29 358 668999
2 09:13:58 30 668999
3 09:24:27 108 667000
4 09:24:40 174 667000
5 09:51:23 3515 668000
6 10:00:44 1426 668001
7 10:08:01 3520 668001
8 10:11:45 595 668001
10 10:12:16 332 668000
9 10:12:16 4459 668001
11 10:25:47 2000 668012
12 10:27:05 1138 668012
14 10:33:21 13146 668000
13 10:33:21 11153 668000
16 10:38:42 15000 668000
15 10:38:42 1854 668000
17 10:38:43 2010 668000
18 11:05:21 3000 668900
19 11:05:37 60 668900
20 11:06:30 1500 668900
21 11:10:34 174 668900
22 11:25:25 100 668900
23 11:26:03 16 668960
24 11:27:42 30 668970
25 11:39:05 5586 668500
26 11:39:18 10102 668900
27 11:39:29 10000 668900
28 11:39:42 14115 668800
29 11:42:03 8803 668960
32 11:44:56 16 667111
31 11:44:56 2500 667214
30 11:44:56 10 667215
33 11:44:57 2474 667000
34 11:46:52 450 668960
35 11:48:36 10 666600
36 11:56:40 60 668970
37 11:57:30 10 668960
38 12:07:36 75 668300
39 12:14:55 8500 668000
41 12:17:08 22374 668970
40 12:17:08 2626 668970
43 12:17:16 5 668970
42 12:17:16 2626 668970
44 12:26:10 877 667420