2 09:00:06 4924 689999
1 09:00:06 20076 689999
3 10:03:21 14550 685513
4 10:09:18 2925 685513
5 10:19:58 332 685513
6 10:21:58 80 685513
7 10:30:18 2485 685513
8 10:30:44 3240 685513
9 10:45:07 30 687500
19 10:45:41 273 687900
18 10:45:41 134 687900
17 10:45:41 126 687900
16 10:45:41 273 687900
15 10:45:41 249 687900
14 10:45:41 245 687900
13 10:45:41 245 687900
12 10:45:41 241 687900
11 10:45:41 260 687900
10 10:45:41 270 687900
31 10:46:14 54 687900
30 10:46:14 77 687900
29 10:46:14 54 687900
28 10:46:14 53 687900
27 10:46:14 245 687900
26 10:46:14 60 687900
25 10:46:14 56 687900
24 10:46:14 53 687900
23 10:46:14 53 687900
22 10:46:14 53 687900
21 10:46:14 53 687900
20 10:46:14 246 687900
37 10:46:34 297 687900
36 10:46:34 46 687900
35 10:46:34 10 687900
34 10:46:34 272 687900
33 10:46:34 281 687900
32 10:46:34 4 687900
38 10:46:52 302 687900
39 11:00:34 2040 685515
40 11:04:07 8947 685515
42 11:08:31 10330 685515
41 11:08:31 1388 685516
44 11:21:15 329 686850
43 11:21:15 122 686850
45 11:43:56 4296 686350
46 11:44:38 5970 686350
48 11:47:16 1739 685516
47 11:47:16 3534 686350
49 11:57:21 21762 686500
50 11:57:31 1084 686500
51 12:02:12 80 686800
52 12:06:03 2154 686800
53 12:15:41 500 686501
54 12:20:58 3859 686501
55 12:21:23 4429 686501
56 12:25:51 10604 686501
58 12:29:40 500 686850
57 12:29:40 171 686850