2 09:17:58 1100 666411
1 09:17:58 444 666415
3 09:18:04 675 666114
4 09:18:08 39 666114
5 09:20:38 1823 666142
6 09:27:10 9 669092
7 09:27:19 991 669092
8 09:35:12 1409 668701
10 09:40:09 1100 673930
9 09:40:09 39 673548
11 09:41:44 2268 668705
12 09:42:07 1309 668705
14 09:43:55 970 668705
13 09:43:55 200 668706
15 10:01:47 3135 668750
16 10:23:19 3783 669999
19 10:36:19 857 670000
18 10:36:19 8627 670000
17 10:36:19 1217 669999
20 10:43:28 322 669500
21 10:49:33 650 669999
22 10:49:45 424 669999
23 10:55:10 3926 669999
24 10:59:54 3926 671995
25 11:00:27 650 671995
26 11:13:20 10 671994
27 11:19:21 8770 671990
28 11:21:43 988 671994
30 11:37:51 5000 671000
29 11:37:51 6064 671000
31 11:51:32 672 669511
32 11:54:22 8 669511
33 11:55:38 436 670900
36 12:12:25 2732 670000
35 12:12:25 168 670000
34 12:12:25 100 669800
37 12:12:58 100 670000
39 12:14:50 2160 670000
38 12:14:50 5000 669999
40 12:15:12 5000 670001
44 12:16:39 5652 670000
43 12:16:39 5000 670000
42 12:16:39 450 670000
41 12:16:39 4550 670001
48 12:17:23 13402 669020
47 12:17:23 10 669510
46 12:17:23 4850 670000
45 12:17:23 6738 670000
50 12:17:24 13402 669020
49 12:17:24 11598 669020
52 12:17:27 13402 669020
51 12:17:27 11598 669020
54 12:17:29 13402 669020
53 12:17:29 11598 669020
55 12:23:54 10 669100
56 12:24:25 20 669100
57 12:25:02 1470 669020