2 09:40:01 123 663651
1 09:40:01 9 663652
1 09:40:01 9 663652
2 09:40:01 123 663651
3 09:47:01 1036 664500
4 10:04:35 30 665500
5 10:05:50 200 665500
6 10:06:17 230 665500
7 10:06:29 10 665500
8 10:08:37 49 665500
9 10:10:17 106 664500
12 10:21:41 10 664500
11 10:21:41 10 664500
10 10:21:41 358 664500
13 10:29:52 911 663700
15 10:31:50 4732 663700
14 10:31:50 280 663800
17 10:46:24 5457 663700
16 10:46:24 1000 663800
20 10:52:51 2931 661100
19 10:52:51 9 662000
18 10:52:51 9 663000
23 11:27:13 4543 663700
22 11:27:13 1241 663000
21 11:27:13 100 662999
24 11:45:39 90 663700
25 12:03:02 100 662888
27 12:15:59 453 662000
26 12:15:59 843 662000
28 12:18:33 85 662888
30 12:19:48 15000 662000
29 12:19:48 704 662000
31 12:19:54 1542 662000
32 12:22:23 150 662000
33 12:22:31 2000 662000
35 12:23:59 5199 662888
34 12:23:59 2801 662000
38 12:25:36 5154 661516
37 12:25:36 450 661517
36 12:25:36 10 661521
40 12:25:52 302 661516
39 12:25:52 8 661517
43 12:26:16 10699 663000
42 12:26:16 1377 663000
41 12:26:16 83 662888
44 12:27:21 80 663720
46 12:29:02 1920 663720
45 12:29:02 1000 663719
47 12:29:44 1000 663720