1 09:24:46 445 668070
2 09:24:47 6545 668070
3 09:25:40 67 668069
4 09:25:41 9933 668069
5 09:27:13 1500 668068
6 09:27:14 8500 668068
8 09:45:16 8382 668100
7 09:45:16 10 668100
9 09:54:47 10 668210
12 10:01:15 14 668101
11 10:01:15 11618 668110
10 10:01:15 400 668113
13 10:04:31 479 668101
14 10:11:57 25000 669990
20 10:12:00 7740 672000
19 10:12:00 400 671990
18 10:12:00 6968 671000
17 10:12:00 10 671000
16 10:12:00 4216 671000
15 10:12:00 5666 670000
22 10:14:39 10 672000
21 10:14:39 1668 672000
23 10:19:31 21000 672000
24 11:02:30 1278 670001
26 11:03:13 1027 670000
25 11:03:13 1044 670001
27 11:04:01 100 670000
32 11:09:10 948 671996
31 11:09:10 794 671995
30 11:09:10 3714 671980
29 11:09:10 749 671979
28 11:09:10 18795 671000
33 11:25:27 1099 670000
34 11:29:54 102 668070
35 11:29:54 363 668069
43 11:54:23 1771 668010
42 11:54:23 2311 668011
41 11:54:23 151 668013
40 11:54:23 29 668068
39 11:54:23 10 668087
38 11:54:23 800 668091
37 11:54:23 507 668092
36 11:54:23 787 668093
48 12:24:18 578 668011
47 12:24:18 37 668011
46 12:24:18 200 668011
45 12:24:18 10 668011
44 12:24:18 150 668011
49 12:24:59 1644 668011
50 12:28:59 60 668012