2 09:02:46 1808 682000
1 09:02:46 3000 683000
4 09:14:33 130 683010
3 09:14:33 120 683010
5 09:14:49 1000 683010
6 09:14:59 100 683010
7 09:15:17 10 683010
8 09:15:23 40 682100
9 09:15:33 6 683010
10 09:18:42 137 682100
11 09:20:00 10 683010
12 09:20:45 279 683010
13 09:27:15 279 687000
14 09:27:15 189 689000
15 09:27:15 1620 689000
16 09:27:15 7912 689000
17 09:27:41 796 689000
18 09:27:41 767 689087
19 09:27:41 13437 689500
20 09:45:59 1000 682435
21 09:46:17 314 682435
22 09:50:52 100 682440
23 09:53:39 314 689000
24 09:53:39 100 689000
25 09:53:39 986 689200
30 10:04:34 4555 682440
29 10:04:34 500 682451
28 10:04:34 700 682456
27 10:04:34 1300 682461
26 10:04:34 500 682461
31 10:07:46 186 682455
32 10:16:13 139 683020
33 10:26:00 11 684000
34 10:33:34 75 684500
39 10:44:49 1176 688998
38 10:44:49 3228 688000
37 10:44:49 3043 687900
36 10:44:49 1367 687899
35 10:44:49 186 687899
40 11:08:41 2000 684201
41 11:08:41 1500 684200
42 11:08:41 1000 684110
43 11:08:41 2000 684105
44 11:08:41 73 684103
45 11:08:41 767 684102
46 11:08:41 3213 684100
47 11:28:16 1000 684350
48 11:28:16 14 684350
49 11:28:44 846 684350
50 11:38:15 114 684500
51 11:38:48 5040 684500
52 11:39:00 314 684500
55 11:39:50 5651 686420
54 11:39:50 1764 686400
53 11:39:50 7354 686399
57 11:52:34 11563 687000
56 11:52:34 600 687000
60 12:04:04 2098 688500
61 12:04:04 624 688879
62 12:04:04 767 688880
59 12:04:04 1000 688400
58 12:04:04 300 688000
63 12:04:15 5500 688899
64 12:04:15 700 689039
65 12:04:15 1710 689049
70 12:04:15 3289 690000
69 12:04:15 3383 690000
68 12:04:15 651 689450
67 12:04:15 180 689049
66 12:04:15 240 689049
73 12:11:51 100 690000
72 12:11:51 4558 690000
71 12:11:51 300 689000
74 12:20:05 3227 689267