2 09:00:11 406 645990
1 09:00:11 5303 645990
3 09:01:15 76 649986
4 09:01:31 76 649600
5 09:09:36 77 647999
6 09:19:17 773 646000
7 09:19:19 227 646000
8 09:21:51 72 646000
9 09:23:11 620 644000
11 09:26:08 380 644000
10 09:26:08 100 644001
12 09:26:44 520 644000
13 09:29:39 1205 645000
14 09:31:05 1083 645999
15 09:31:10 2000 646000
16 09:33:19 7 645001
17 09:49:07 1000 646998
18 09:51:57 900 647000
19 10:00:11 6403 647000
20 10:06:02 2000 647000
22 10:18:03 5229 647000
21 10:18:03 1000 647010
24 10:18:15 14 647000
23 10:18:15 9468 647000
25 10:28:24 772 646600
26 10:28:27 772 646600
27 10:28:33 772 646600
28 10:28:35 772 646600
29 10:28:41 772 646600
30 10:28:44 772 646600
31 10:28:50 772 646600
32 10:28:52 772 646600
33 10:28:58 772 646600
34 10:29:01 772 646600
35 10:29:07 772 646600
36 10:29:10 772 646600
37 10:29:18 772 646600
38 10:29:24 706 646600
39 10:35:14 518 646600
40 10:36:01 285 646600
41 10:39:20 1715 646600
43 10:39:38 2000 646999
42 10:39:38 950 646999
44 10:40:24 1000 646001
45 11:47:10 1649 646002
46 12:05:26 15760 646000
47 12:06:08 3950 646000
49 12:14:01 3935 646000
48 12:14:01 809 646030
51 12:19:42 1355 646000
50 12:19:42 10 646001
53 12:23:06 1623 645000
52 12:23:06 10 645004