1 09:13:28 3954 686221
2 09:29:59 8333 688001
3 09:33:39 100 688051
4 09:33:41 100 688051
6 09:34:53 9490 688050
5 09:34:53 2513 688051
7 09:35:18 200 688050
9 09:38:35 50 688050
8 09:38:35 50 688055
10 09:38:59 2000 688050
11 09:39:13 100 688050
12 09:46:13 18500 688700
13 09:48:32 100 688050
14 10:12:41 3579 688601
15 10:22:00 1007 689000
16 10:40:20 3500 689201
17 10:40:33 1769 689201
18 10:45:18 190 689600
19 10:47:48 872 688701
20 10:56:38 1120 689001
21 10:57:27 70 689001
22 10:59:49 100 689001
23 11:03:01 3839 689201
24 11:09:18 100 689502
25 11:13:05 100 689501
26 11:19:30 1860 689501
28 11:20:14 1664 690000
27 11:20:14 75 690000
29 11:25:12 1254 689700
30 11:25:21 602 688606
35 11:30:18 4963 698800
34 11:30:18 8032 693000
33 11:30:18 7200 692987
32 11:30:18 1000 692888
31 11:30:18 100 692887
37 11:37:35 3000 697000
36 11:37:35 2000 696000
40 11:38:43 146 689258
39 11:38:43 1420 698000
38 11:38:43 2000 697000
41 11:49:16 100 689510
43 12:16:08 15000 691000
42 12:16:08 100 690990
44 12:19:10 7917 690435
45 12:22:29 1000 690498
46 12:29:29 100 690557