1 09:00:05 600 685300
15 09:09:30 58 685001
14 09:09:30 436 685001
13 09:09:30 2620 685001
12 09:09:30 218 685001
11 09:09:30 65 685001
10 09:09:30 217 685001
9 09:09:30 75 685001
8 09:09:30 75 685001
7 09:09:30 75 685001
6 09:09:30 75 685001
5 09:09:30 65 685001
4 09:09:30 66 685001
3 09:09:30 55 685001
2 09:09:30 900 685010
17 09:12:59 366 685001
16 09:12:59 72 685001
19 09:24:03 410 685001
18 09:24:03 300 685010
20 09:28:28 200 685100
21 09:31:14 300 685100
22 09:32:46 200 685100
23 09:34:53 51 685100
31 09:35:06 12196 685001
30 09:35:06 102 685001
29 09:35:06 35 685001
28 09:35:06 1600 685001
27 09:35:06 110 685001
26 09:35:06 680 685001
25 09:35:06 405 685100
24 09:35:06 149 685100
32 09:36:14 69 685001
34 09:40:59 506 685200
33 09:40:59 3494 685190
37 09:44:41 4944 685001
36 09:44:41 2000 685003
35 09:44:41 189 685004
39 09:48:06 490 685001
38 09:48:06 110 685002
40 09:48:29 7301 685001
41 09:48:55 200 685001
42 09:49:18 2448 685001
43 09:51:35 112 685200
44 09:59:40 353 685200
47 09:59:50 5828 685001
46 09:59:50 40 685002
45 09:59:50 180 685002
48 10:02:47 1452 685001
49 10:27:43 100 685200
53 10:29:34 12200 685001
52 10:29:34 2500 685009
51 10:29:34 300 685010
50 10:29:34 2500 685050
55 10:38:08 700 685003
54 10:38:08 300 685010
58 10:51:18 998 685300
57 10:51:18 1207 685290
56 10:51:18 867 685290
59 11:03:44 100 685300
61 11:05:02 398 685300
60 11:05:02 102 685300
67 11:07:57 9 686683
66 11:07:57 6154 686683
65 11:07:57 390 686000
64 11:07:57 300 685998
63 11:07:57 3005 685800
62 11:07:57 2 685300
68 11:53:12 189 685155
73 11:53:39 16074 686000
72 11:53:39 2057 686000
71 11:53:39 4991 685957
70 11:53:39 405 685954
69 11:53:39 1473 685855
75 11:53:41 9417 686000
74 11:53:41 8926 686000
76 12:03:40 1904 685155
77 12:13:46 407 685155
78 12:14:30 913 685155
79 12:23:47 871 685155
82 12:24:15 2361 685150
81 12:24:15 216 685155
80 12:24:15 1700 685156
83 12:25:00 200 685155
84 12:25:04 500 685155