3 09:00:03 10 647139
2 09:00:03 500 647139
1 09:00:03 798 647139
4 09:08:36 10 655000
5 09:44:37 1432 648063
6 09:45:12 8 654940
7 09:45:41 482 654940
8 09:46:06 2240 654940
13 09:46:07 2926 655000
12 09:46:07 1000 655000
11 09:46:07 490 654948
10 09:46:07 20584 654940
9 09:46:07 314 654940
14 09:46:16 22074 655000
15 09:53:46 50 655000
16 09:55:51 2876 655000
17 10:02:19 22124 655000
19 10:31:21 5000 655000
18 10:31:21 50 655000
20 11:09:36 1550 655950
21 11:11:00 8 655940
23 11:11:25 10 655950
22 11:11:25 435 655950
25 11:19:34 1032 655990
24 11:19:34 10 655990
26 12:21:01 10 652000
27 12:24:46 5000 651500
28 12:26:49 4990 652000
32 12:27:34 1500 656000
31 12:27:34 1735 655900
30 12:27:34 20 654990
29 12:27:34 3968 654500