1 09:20:14 2000 695000
2 09:20:39 570 695000
4 09:23:19 1000 695000
3 09:23:19 2238 695000
5 09:33:20 792 695000
8 09:33:48 16300 694020
7 09:33:48 5000 694021
6 09:33:48 3700 694021
11 09:34:32 5000 694010
10 09:34:32 8700 694020
9 09:34:32 5000 694021
12 09:34:45 756 694010
13 09:34:52 5544 694010
14 09:35:38 5297 694010
15 09:35:47 107 694010
16 09:38:07 500 694010
18 09:43:37 5904 694010
17 09:43:37 19096 694010
19 09:43:51 19096 694010
20 09:44:28 2706 694020
21 09:53:08 218 694031
22 09:53:35 17 694031
23 09:54:17 3198 696000
24 10:01:53 875 694070
27 10:07:02 756 695997
26 10:07:02 3807 695997
25 10:07:02 11633 695996
28 10:17:02 1733 694121
29 10:18:01 289 694130
34 10:47:59 853 695996
33 10:47:59 1733 695980
32 10:47:59 570 695979
31 10:47:59 3205 695000
30 10:47:59 590 694977
36 10:48:20 793 696000
35 10:48:20 7025 696000
38 10:52:36 5799 694302
37 10:52:36 570 694303
41 10:55:57 10000 694300
40 10:55:57 10 694301
39 10:55:57 1901 694302
43 10:56:38 1224 694300
42 10:56:38 2991 694300
46 10:59:22 1628 696000
45 10:59:22 5799 695998
44 10:59:22 570 695997
48 10:59:39 500 694201
47 10:59:39 500 694203
50 11:00:05 715 694200
49 11:00:05 285 694201
51 11:01:43 366 694300
52 11:05:03 1207 694300
53 11:08:39 146 694216
54 11:08:55 46 694216
56 11:19:27 4478 696000
55 11:19:27 3108 695999
57 11:23:56 245 694502
58 11:27:43 245 696000
59 11:30:51 130 695000
61 11:31:52 105 694503
60 11:31:52 2496 695000
63 11:39:57 965 694391
62 11:39:57 4100 694392
64 11:42:36 20000 694500
65 11:45:07 4205 695999
67 11:54:36 4824 694398
66 11:54:36 400 694399
74 11:55:12 1176 698000
73 11:55:12 10 697998
72 11:55:12 100 697998
71 11:55:12 500 697998
70 11:55:12 2000 695999
69 11:55:12 4824 695998
68 11:55:12 218 695998
79 11:55:40 10000 699899
78 11:55:40 5000 699898
77 11:55:40 100 699898
76 11:55:40 3500 699800
75 11:55:40 1324 698000
82 11:55:42 4632 694391
81 11:55:42 10 694397
80 11:55:42 476 694398
83 11:59:14 1119 694405
84 11:59:31 245 694409
85 12:05:13 875 694463
87 12:17:09 3000 694480
86 12:17:09 1637 694481
88 12:18:19 8 694480
89 12:18:22 4599 694480
90 12:18:24 90 694481
91 12:19:53 5075 695800