1 09:38:02 118 665001
2 09:44:49 1000 665863
3 09:56:54 1850 666000
4 10:03:20 1150 666000
5 10:03:21 1716 666000
10 10:05:40 3001 669203
9 10:05:40 850 669000
8 10:05:40 500 669000
7 10:05:40 107 668538
6 10:05:40 1000 668000
12 10:08:57 3001 669439
11 10:08:57 1501 669439
16 10:09:50 4501 669676
15 10:09:50 1501 669419
14 10:09:50 3001 669419
13 10:09:50 500 669410
20 10:10:18 3461 669999
19 10:10:18 997 669835
18 10:10:18 1501 669806
17 10:10:18 500 669804
21 10:12:08 148 670000
22 10:12:37 339 670000
23 10:12:48 9000 670000
26 10:15:29 3865 671000
25 10:15:29 497 670999
24 10:15:29 49 670970
30 10:16:41 4501 671243
29 10:16:41 3001 671242
28 10:16:41 1501 671242
27 10:16:41 700 671000
31 10:17:16 200 671000
32 10:20:44 100 671000
33 10:22:43 200 671000
34 10:23:39 500 671000
35 10:23:43 1000 671000
36 10:27:05 25000 671330
37 10:27:16 1501 671339
38 10:29:39 25000 672300
39 10:30:44 1692 670000
43 10:44:08 573 672200
42 10:44:08 1000 672000
41 10:44:08 1501 671999
40 10:44:08 200 671998
47 10:50:19 4501 672499
46 10:50:19 3001 672499
45 10:50:19 1501 672499
44 10:50:19 200 672498
48 10:59:10 64 670200
52 11:00:17 6139 672500
51 11:00:17 30 672490
50 11:00:17 1000 672000
49 11:00:17 695 672000
55 11:01:42 3487 670000
54 11:01:42 300 670200
53 11:01:42 136 670200
56 11:01:45 7798 670000
57 11:06:07 4000 671000
58 11:24:53 19783 671000
59 11:39:53 740 671100
60 11:40:58 10 671100
61 11:45:49 814 672000
63 12:00:40 1101 671100
62 12:00:40 10 671110
64 12:21:35 326 671200
65 12:22:37 414 682630
66 12:25:21 25000 671500
67 12:25:23 25000 671500
69 12:25:44 3538 671360
68 12:25:44 1217 671360
70 12:27:49 650 671360
71 12:28:19 2008 671360
72 12:29:18 10 671360
74 12:29:52 393 682580
73 12:29:52 697 682579