2 09:11:40 3591 690021
1 09:11:40 852 690022
4 09:18:57 191 690803
3 09:18:57 1000 690880
6 09:20:04 6600 692000
5 09:20:04 523 692000
7 09:22:24 150 692010
9 09:38:32 1383 692122
8 09:38:32 217 692122
11 09:38:34 1032 692121
10 09:38:34 2467 692122
12 09:40:20 3448 692121
15 09:45:54 107 692001
14 09:45:54 2000 692121
13 09:45:54 520 692121
16 09:47:42 3618 692000
17 09:48:09 1025 692002
25 09:56:07 5000 696900
24 09:56:07 2000 696000
23 09:56:07 100 696000
22 09:56:07 100 696000
21 09:56:07 1000 695988
20 09:56:07 3782 694000
19 09:56:07 1000 693899
18 09:56:07 898 693800
26 10:03:34 1059 692510
31 10:11:28 2059 696900
30 10:11:28 852 696899
29 10:11:28 4708 695900
28 10:11:28 2350 695856
27 10:11:28 3670 695650
33 10:25:54 4000 692613
32 10:25:54 857 692613
34 10:26:39 2 692613
35 10:27:01 2000 692613
36 10:27:04 366 692613
39 10:34:39 987 692617
38 10:34:39 10 692617
37 10:34:39 3 692617
40 10:43:42 50 693000
41 10:43:56 316 692650
44 10:54:53 2000 695000
43 10:54:53 1000 694995
42 10:54:53 500 694990
45 10:54:55 1000 692650
47 10:56:00 4273 692650
46 10:56:00 1697 692650
51 11:00:11 2900 695000
50 11:00:11 4000 694500
49 11:00:11 2520 694400
48 11:00:11 562 692650
52 11:05:10 10 692625
58 11:14:31 1500 694700
57 11:14:31 1200 694600
56 11:14:31 1746 694590
55 11:14:31 480 693000
54 11:14:31 1006 693000
53 11:14:31 160 692900
59 11:14:42 4600 694800
60 11:27:52 319 692651
61 11:38:27 8 693000
63 11:40:17 2646 694500
62 11:40:17 518 693000
70 11:40:45 3664 696000
69 11:40:45 200 696000
68 11:40:45 217 695999
67 11:40:45 862 695999
66 11:40:45 100 695998
65 11:40:45 20 695000
64 11:40:45 319 694500
74 11:42:35 8000 696845
73 11:42:35 100 696844
72 11:42:35 100 696800
71 11:42:35 2000 696700
78 12:04:59 1951 693042
77 12:04:59 4000 693044
76 12:04:59 218 693044
75 12:04:59 861 693044
82 12:13:57 14259 693000
81 12:13:57 3000 693042
80 12:13:57 49 693042
79 12:13:57 300 693100
89 12:14:07 4000 695000
88 12:14:07 5000 694499
87 12:14:07 218 694497
86 12:14:07 861 694497
85 12:14:07 5486 694000
84 12:14:07 296 694000
83 12:14:07 2637 693000
92 12:14:18 4000 696900
91 12:14:18 873 696900
90 12:14:18 9952 696000
93 12:14:38 140 692701
94 12:17:25 4910 692701
95 12:21:19 1326 693010
97 12:23:22 4326 697790
96 12:23:22 2000 697700