1 09:39:21 602 675001
2 09:51:20 326 676000
4 09:54:16 4128 679500
3 09:54:16 872 679000
8 09:57:54 1000 676000
7 09:57:54 1000 676000
6 09:57:54 1000 676000
5 09:57:54 174 676000
9 09:58:19 239 675005
10 10:06:35 1350 676100
12 10:07:35 1640 676003
11 10:07:35 1150 676100
13 10:10:20 557 676009
14 10:15:13 1000 676013
15 10:25:01 516 676113
16 10:30:23 88 677500
19 10:36:03 199 676013
18 10:36:03 1500 676013
17 10:36:03 2500 676120
20 10:36:06 24912 677500
21 10:36:48 2192 677500
22 10:40:45 22808 677500
23 10:41:16 2000 677500
24 10:42:15 700 676013
25 10:42:26 853 676013
26 10:49:45 300 676200
27 10:55:10 145 677500
28 10:57:23 309 676300
29 10:58:14 47 677500
36 10:58:49 145 679300
35 10:58:49 145 679300
34 10:58:49 145 679300
33 10:58:49 98 679300
32 10:58:49 145 679300
31 10:58:49 1107 679300
30 10:58:49 145 679300
44 10:58:50 280 679300
43 10:58:50 145 679300
42 10:58:50 145 679300
41 10:58:50 145 679300
40 10:58:50 145 679300
39 10:58:50 145 679300
38 10:58:50 145 679300
37 10:58:50 145 679300
49 10:59:20 145 679300
48 10:59:20 145 679300
47 10:59:20 145 679300
46 10:59:20 145 679300
45 10:59:20 145 679300
50 10:59:21 145 679300
52 11:02:55 10000 677000
51 11:02:55 10000 677000
53 11:06:58 1593 676600
54 11:19:47 793 676603
55 11:26:19 597 676609
56 11:27:30 5000 676609
57 11:34:03 25000 677300
58 11:36:39 2 677999
59 11:37:08 1817 676804
60 11:41:15 20872 677300
65 11:41:34 6135 677300
64 11:41:34 10887 677900
63 11:41:34 4272 677900
62 11:41:34 1763 677900
61 11:41:34 2033 677900
66 11:57:27 322 676900
67 11:58:34 5747 676901
68 12:01:15 405 676930
69 12:01:22 1340 676931
71 12:08:27 7411 677900
70 12:08:27 17589 677900
73 12:08:31 9666 677900
72 12:08:31 2 676953
74 12:09:17 4410 677001
76 12:20:19 850 677501
75 12:20:19 10 677501
77 12:20:51 600 677501
80 12:22:27 2398 677501
79 12:22:27 930 677501
78 12:22:27 5729 677501
82 14:43:21 1800 677501
81 14:43:21 18140 677501