1 09:08:09 1547 695500
1 09:08:09 1547 695500
3 09:10:39 12 695500
2 09:10:39 1953 695500
3 09:10:39 12 695500
2 09:10:39 1953 695500
6 09:11:29 3500 694000
5 09:11:29 3500 694500
4 09:11:29 3500 695000
6 09:11:29 3500 694000
5 09:11:29 3500 694500
4 09:11:29 3500 695000
10 09:12:10 3465 694000
9 09:12:10 3500 694000
8 09:12:10 2200 694001
7 09:12:10 3500 694500
10 09:12:10 3465 694000
9 09:12:10 3500 694000
8 09:12:10 2200 694001
7 09:12:10 3500 694500
11 09:12:54 815 695500
11 09:12:54 815 695500
12 09:13:03 1925 695500
12 09:13:03 1925 695500
15 09:24:26 353 695500
14 09:24:26 10 695500
13 09:24:26 43 695500
20 09:27:46 9200 700987
19 09:27:46 8 700986
18 09:27:46 5253 700000
17 09:27:46 815 699999
16 09:27:46 477 699590
25 09:47:56 700 700978
24 09:47:56 10000 700977
23 09:47:56 200 700971
22 09:47:56 425 700940
21 09:47:56 3281 700888
31 09:56:04 1000 700988
30 09:56:04 3211 700980
29 09:56:04 43 700980
28 09:56:04 190 700970
27 09:56:04 4957 700960
26 09:56:04 2587 700950
32 10:20:11 495 698000
33 10:29:39 600 696710
37 10:39:37 8 697000
36 10:39:37 5250 697000
35 10:39:37 500 697000
34 10:39:37 18 697001
38 10:46:30 19224 697000
40 10:48:28 19224 697000
39 10:48:28 5776 697000
41 10:48:29 3000 697000
42 10:51:48 420 698000
45 10:58:16 714 697000
44 10:58:16 2776 697000
43 10:58:16 30 697100
46 11:02:38 25000 697700
47 11:03:21 25000 697690
48 11:03:25 264 697001
49 11:03:57 13836 697690
50 11:04:28 1782 697690
51 11:16:37 300 697005
53 11:18:02 3568 698000
52 11:18:02 542 698000
55 11:19:19 3621 698000
54 11:19:19 1432 698000
56 11:25:08 15 698900
57 11:30:38 10000 698000
58 11:37:27 3392 698000
59 11:42:46 4985 698000
61 11:42:59 3430 698000
60 11:42:59 1570 698000
62 11:56:45 114 698000
63 11:59:06 2872 698000
64 12:05:01 100 698000
65 12:05:45 1000 698000
66 12:07:05 200 698000
67 12:08:44 10 698900
70 12:11:02 17708 697006
69 12:11:02 8 697100
68 12:11:02 7284 698000
72 12:11:10 17708 697004
71 12:11:10 7292 697006
74 12:11:19 17708 697003
73 12:11:19 7292 697004
76 12:11:30 18422 697000
75 12:11:30 6578 697003
77 12:13:42 2530 696800
78 12:14:49 6000 696801
79 12:15:21 7049 696801
80 12:16:27 1000 697500
81 12:19:59 2500 696800
82 12:22:33 847 696810
84 12:29:10 2200 697000
83 12:29:10 701 697001
85 12:29:36 420 696900
86 12:29:48 200 697000
88 12:29:57 8176 696777
87 12:29:57 80 696900