4 09:32:24 3164 690000
3 09:32:24 600 690000
2 09:32:24 200 690001
1 09:32:24 850 690001
5 09:32:44 171 690000
8 09:40:46 1823 690000
7 09:40:46 2000 690001
6 09:40:46 4 690001
9 09:44:23 610 690002
10 09:50:16 926 690020
11 10:00:26 464 690030
12 10:00:53 2466 690021
14 10:12:10 1000 690100
13 10:12:10 200 690100
16 10:13:45 1100 690080
15 10:13:45 400 690080
17 10:13:57 500 690080
18 10:14:21 2 690100
20 10:16:12 1462 690080
19 10:16:12 1000 690090
22 10:17:33 1402 690100
21 10:17:33 598 690100
23 10:18:12 2000 690100
24 10:19:16 16780 690080
25 10:19:26 400 690080
26 10:19:38 2534 690021
27 10:19:56 1116 689010
30 10:21:03 500 689010
29 10:21:03 500 689010
28 10:21:03 6000 689010
31 10:21:06 800 690000
32 10:21:08 3829 690000
33 10:21:19 788 690000
34 10:21:35 210 690000
35 10:21:36 80 690000
36 10:21:52 4759 690000
37 10:31:12 1000 690080
41 10:35:09 3000 692000
40 10:35:09 3029 692000
39 10:35:09 8100 691990
38 10:35:09 10 690850
46 10:47:41 5000 692997
45 10:47:41 788 692996
44 10:47:41 3829 692996
43 10:47:41 2400 692994
42 10:47:41 2 691999
47 11:05:47 685 690200
48 11:24:00 1519 690231
53 11:26:45 1390 690214
52 11:26:45 790 690231
51 11:26:45 2281 690231
50 11:26:45 400 690242
49 11:26:45 500 690242
58 11:32:49 461 693000
57 11:32:49 16 692990
56 11:32:49 200 692989
55 11:32:49 790 692989
54 11:32:49 3800 692989
59 11:33:21 4000 693000
60 11:33:45 4400 693000
61 11:34:02 200 693000
62 11:41:01 10000 693001
63 11:52:43 40 693001
64 11:54:05 40 693001
66 11:54:08 1600 693500
65 11:54:08 2000 693500
67 11:55:11 1280 693500
68 11:58:09 854 693500
69 12:02:17 100 693500
71 12:04:53 3667 693001
70 12:04:53 299 693500
72 12:20:45 2387 693001
73 12:27:04 100 693001
74 12:27:19 100 693001
75 12:29:50 400 693001