1 09:22:25 2741 670010
2 09:23:35 200 670010
3 09:24:12 4046 670010
4 09:31:10 8 670010
7 09:33:44 6455 666000
6 09:33:44 2100 666009
5 09:33:44 60 669000
11 09:40:48 360 665126
10 09:40:48 3545 665150
9 09:40:48 459 665151
8 09:40:48 10 666000
15 10:01:30 609 666400
14 10:01:30 293 666600
13 10:01:30 1800 666601
12 10:01:30 298 666802
18 10:34:51 1775 666409
17 10:34:51 150 666410
16 10:34:51 75 666411
19 10:35:19 8 669950
20 11:00:21 20416 669000
26 11:01:15 1800 669996
25 11:01:15 3500 669990
24 11:01:15 832 669989
23 11:01:15 21 669950
22 11:01:15 150 669949
21 11:01:15 806 669900
27 11:03:17 7815 670001
28 11:04:08 390 670001
29 11:04:33 192 670001
30 11:09:18 1251 670001
33 11:31:54 8000 671000
32 11:31:54 293 670997
31 11:31:54 360 670996
34 11:34:18 35 679899
37 11:48:29 9890 670001
36 11:48:29 100 670010
35 11:48:29 10 670010
38 11:56:11 577 671001
39 12:00:28 423 672000
40 12:01:52 914 672000
41 12:05:37 500 672000
42 12:06:44 200 672000
43 12:07:55 500 672000
44 12:13:05 100 672000
45 12:13:11 100 672000
46 12:21:32 35 673889
47 12:25:19 595 672000