1 09:38:09 1000 685010
2 09:50:59 2 683069
3 09:51:24 8 683069
5 10:01:56 4 688999
4 10:01:56 10 688999
20 10:05:24 3563 682221
19 10:05:24 10 683069
18 10:05:24 146 683069
17 10:05:24 146 683069
16 10:05:24 146 683069
15 10:05:24 146 683069
14 10:05:24 68 683069
13 10:05:24 146 683069
12 10:05:24 146 683069
11 10:05:24 55 683069
10 10:05:24 24 683069
9 10:05:24 25 683069
8 10:05:24 10 683069
7 10:05:24 582 683069
6 10:05:24 77 683069
21 10:16:57 2 683030
22 10:17:20 8 683030
24 10:25:05 8512 684100
23 10:25:05 100 685000
34 10:39:58 14872 683001
33 10:39:58 10128 683001
32 10:39:58 14872 683001
31 10:39:58 8 683025
30 10:39:58 100 683510
29 10:39:58 1000 684000
28 10:39:58 895 684005
27 10:39:58 6925 685010
26 10:39:58 1000 685020
25 10:39:58 200 685444
36 10:39:59 7502 683001
35 10:39:59 10128 683001
37 11:22:24 75 687900
38 11:23:23 592 687900
39 11:23:34 2 687900
40 11:24:14 77 687900
41 11:48:43 295 684089
42 11:52:37 295 686999
43 11:55:00 8 687999
44 11:55:10 2922 687999
45 11:55:36 673 687999
48 11:58:54 23 687999
47 11:58:54 55 687999
46 11:58:54 55 687999
49 11:59:56 55 687999
50 12:01:27 10 687999
51 12:01:56 10 687999
52 12:02:24 22 687999
57 12:03:04 423 688000
56 12:03:04 511 688000
55 12:03:04 569 688000
54 12:03:04 890 688000
53 12:03:04 607 688000
58 12:16:15 1441 688958
61 12:29:38 690 688001
60 12:29:38 10 688010
59 12:29:38 300 688088
62 12:29:43 9991 688001