1 09:16:46 47 670002
3 09:49:30 383 671001
2 09:49:30 82 671002
7 10:10:27 15400 676997
6 10:10:27 523 676997
5 10:10:27 1000 676990
4 10:10:27 82 676989
8 10:15:26 740 676998
9 10:30:35 20 676989
11 10:31:08 10000 676998
10 10:31:08 5535 676990
12 10:52:04 2079 676700
13 10:57:34 421 676700
17 11:14:39 7040 678790
16 11:14:39 20 678790
15 11:14:39 2000 678780
14 11:14:39 613 678780
18 11:15:57 195 678800
19 11:17:24 133 678800
20 11:17:50 303 678800
21 11:18:45 80 678800
22 11:19:38 100 678800
23 11:22:49 10000 678800
24 11:25:31 8 679999
25 11:32:34 100 678800
26 12:00:21 3114 678800
30 12:08:02 1908 680000
29 12:08:02 19992 679999
28 12:08:02 3000 679900
27 12:08:02 100 679900
31 12:08:03 1092 680000
34 12:11:30 760 677003
33 12:11:30 3000 677200
32 12:11:30 1302 678800
35 12:21:54 300 677020
39 12:29:08 1241 677015
38 12:29:08 59 677020
37 12:29:08 700 677020
36 12:29:08 1000 677030