1 09:02:07 1746 693016
2 09:06:20 145 693145
2 09:06:20 145 693145
3 09:18:23 792 694260
9 09:18:28 8138 700000
8 09:18:28 1451 700000
7 09:18:28 400 700000
6 09:18:28 11 700000
5 09:18:28 15 699990
4 09:18:28 5000 699990
11 09:24:38 5792 699990
10 09:24:38 245 699988
13 09:33:23 200 700000
12 09:33:23 2190 700000
13 09:33:23 200 700000
12 09:33:23 2190 700000
14 10:03:32 150 695614
14 10:03:32 150 695614
16 10:04:03 3066 700000
15 10:04:03 1934 699900
16 10:04:03 3066 700000
15 10:04:03 1934 699900
17 10:04:43 1250 700000
17 10:04:43 1250 700000
18 10:06:23 300 695702
18 10:06:23 300 695702
20 10:06:27 1482 695702
19 10:06:27 1140 695702
20 10:06:27 1482 695702
19 10:06:27 1140 695702
22 10:09:04 518 700000
21 10:09:04 1482 699999
22 10:09:04 518 700000
21 10:09:04 1482 699999
23 10:10:34 960 700000
24 10:16:16 200 700000
25 10:17:48 200 700000
26 10:19:08 200 700000
28 10:28:46 639 696019
27 10:28:46 2361 696020
29 10:32:31 302 696019
31 10:32:42 2990 696019
30 10:32:42 814 696019
34 10:45:26 700 696015
33 10:45:26 499 696015
32 10:45:26 400 696015
41 10:45:32 1006 700000
40 10:45:32 3 699999
39 10:45:32 10000 699999
38 10:45:32 1740 699999
37 10:45:32 1400 699999
36 10:45:32 1400 699999
35 10:45:32 2000 699999
42 10:46:21 200 696002
43 10:46:27 8 695715
44 10:46:37 500 695611
45 10:46:47 5000 695273
46 10:47:18 1112 695038
47 10:52:20 714 695061
48 11:16:01 275 695180
50 11:20:19 2937 695412
49 11:20:19 2321 695413
51 11:20:24 2 695413
53 11:23:02 744 695443
52 11:23:02 226 695444
59 11:23:42 4528 705000
58 11:23:42 2030 700000
57 11:23:42 2937 699999
56 11:23:42 9687 697800
55 11:23:42 8 697750
54 11:23:42 580 697750
60 11:38:36 100 695583
60 11:38:36 100 695583
64 11:41:42 19156 703000
63 11:41:42 100 702999
62 11:41:42 5000 702999
61 11:41:42 744 702999
64 11:41:42 19156 703000
63 11:41:42 100 702999
62 11:41:42 5000 702999
61 11:41:42 744 702999
64 11:41:42 19156 703000
63 11:41:42 100 702999
62 11:41:42 5000 702999
61 11:41:42 744 702999
66 11:41:43 11716 703000
65 11:41:43 5844 703000
66 11:41:43 11716 703000
65 11:41:43 5844 703000
66 11:41:43 11716 703000
65 11:41:43 5844 703000
68 11:53:58 793 696003
67 11:53:58 888 696003
69 11:56:52 3600 696002
71 11:59:58 178 696010
70 11:59:58 200 697000
74 12:03:41 1850 700000
73 12:03:41 3600 699995
72 12:03:41 888 699993
78 12:06:32 6250 707999
77 12:06:32 700 707998
76 12:06:32 100 705000
75 12:06:32 700 705000
79 12:25:36 2000 697000