1 09:03:08 100 683202
2 09:16:11 2400 684000
3 09:16:22 100 683999
4 09:16:31 1100 684000
5 09:16:39 1100 684000
6 09:16:51 1100 684000
7 09:17:47 3291 684000
8 09:20:13 4733 684500
12 09:20:32 1069 684020
11 09:20:32 570 684034
10 09:20:32 2 684499
9 09:20:32 1267 684500
13 09:23:46 200 685000
14 09:27:44 2200 685000
16 09:28:34 10250 685000
15 09:28:34 4702 685000
18 09:33:58 11747 684301
17 09:33:58 8 684302
20 09:35:27 136 684303
19 09:35:27 700 684410
22 09:38:19 11500 685508
21 09:38:19 1401 685508
24 09:39:13 879 686900
23 09:39:13 1220 686500
25 09:43:44 3000 684502
26 09:46:46 330 684504
27 09:56:04 100 684510
28 09:57:09 685 684510
30 10:03:26 9998 684520
29 10:03:26 2 684615
35 10:03:28 2161 686400
34 10:03:28 10000 686399
33 10:03:28 6936 686300
32 10:03:28 100 686299
31 10:03:28 87 686299
37 10:03:45 4284 686400
36 10:03:45 5716 686400
41 10:04:36 3827 686500
40 10:04:36 6171 686500
39 10:04:36 15000 686400
38 10:04:36 2 686000
42 10:04:37 2228 686500
44 10:05:45 281 687000
43 10:05:45 10 686900
46 10:07:35 24992 686900
45 10:07:35 8 686899
49 10:07:36 10000 687000
48 10:07:36 780 687000
47 10:07:36 8 686900
52 10:08:29 14952 689993
51 10:08:29 672 689993
50 10:08:29 3709 689000
54 10:17:49 10 685505
53 10:17:49 680 685505
55 10:18:00 1336 685504
56 10:20:35 220 685504
57 10:34:51 1500 685505
58 10:35:52 7250 685505
61 10:42:20 890 685506
60 10:42:20 800 685506
59 10:42:20 306 685506
62 10:48:36 3499 685002
63 10:51:26 900 686177
64 10:54:24 100 686000
65 10:55:31 304 686000
66 10:59:33 7057 685002
67 11:01:16 341 685002
68 11:07:32 548 685002
70 11:12:42 1724 685002
69 11:12:42 100 685010
71 11:12:50 4941 685002
74 11:24:54 59 684546
73 11:24:54 10 684550
72 11:24:54 2000 684550
78 11:24:57 7059 685800
77 11:24:57 3941 685800
76 11:24:57 20059 685800
75 11:24:57 1000 685002
82 11:25:50 7710 686081
81 11:25:50 5000 686000
80 11:25:50 1820 686000
79 11:25:50 2377 685999
83 11:27:07 5000 684547
84 11:28:53 873 684546
85 11:35:28 6030 684601
86 11:36:16 100 684600
87 11:36:35 70 684600
88 11:36:50 715 684600
89 11:37:01 10000 684601
92 11:43:12 485 684600
91 11:43:12 30 684600
90 11:43:12 30 684600
93 11:45:20 6572 684600
101 11:47:11 9472 688995
100 11:47:11 1986 688995
99 11:47:11 2000 688990
98 11:47:11 100 688990
97 11:47:11 6105 687000
96 11:47:11 680 686999
95 11:47:11 1500 685999
94 11:47:11 3157 685999
102 11:47:12 15528 688995
103 11:51:52 60 684621
105 11:56:10 20 688995
104 11:56:10 15000 688995
106 11:58:20 2780 685001
107 11:59:28 600 685000
108 12:00:02 5000 684641
109 12:00:24 936 685000
110 12:01:23 9090 685001
115 12:06:34 10000 690000
114 12:06:34 6367 690000
113 12:06:34 200 690000
112 12:06:34 1220 690000
111 12:06:34 607 688000
119 12:13:19 2864 684643
118 12:13:19 1000 684650
117 12:13:19 60 685000
116 12:13:19 200 685000
125 12:16:22 100 690000
124 12:16:22 11004 690000
123 12:16:22 13996 690000
122 12:16:22 10000 689990
121 12:16:22 4 689990
120 12:16:22 1000 689990
127 12:21:43 500 685000
126 12:21:43 60 685000
128 12:22:46 4285 684643
129 12:24:37 200 685000
134 12:29:46 1250 684643
133 12:29:46 50 684644
132 12:29:46 1000 685001
131 12:29:46 100 685020
130 12:29:46 600 685030