2 09:06:19 2000 676000
1 09:06:19 100 676005
3 09:06:23 2000 676000
4 09:07:06 45 676000
5 09:24:33 2977 679000
6 09:29:20 6466 679000
7 09:36:02 1000 679000
8 09:42:42 794 679000
9 09:47:09 1000 679000
10 10:20:28 794 677000
11 10:29:22 300 677200
14 10:30:06 662 676900
13 10:30:06 1706 677000
12 10:30:06 697 677100
15 10:30:44 471 676900
16 10:30:49 14 676900
17 10:38:11 1000 676900
18 10:39:14 10 677000
19 10:40:57 5000 677000
20 10:41:12 5000 677000
21 10:42:06 2500 677000
23 10:54:11 2166 677000
22 10:54:11 334 676999
28 10:55:14 22098 677000
27 10:55:14 1000 677000
26 10:55:14 1902 677000
25 10:55:14 18098 677000
24 10:55:14 6902 677000
37 10:56:28 1015 679000
36 10:56:28 86 679000
35 10:56:28 10230 678998
34 10:56:28 2265 678980
33 10:56:28 5000 677999
32 10:56:28 5000 677999
31 10:56:28 500 677888
30 10:56:28 839 677000
29 10:56:28 65 677000
39 10:56:31 5000 679000
38 10:56:31 85 679000
40 10:56:44 10122 681000
41 10:57:06 1000 681000
42 10:57:41 7010 681000
43 10:58:07 145 681000
44 10:59:49 1000 681000
45 11:00:03 570 681000
46 11:01:16 10 681000
47 11:04:27 58 681000
50 11:06:38 700 676621
49 11:06:38 500 676640
48 11:06:38 595 676641
51 11:09:48 2568 681000
52 11:10:05 595 681000
53 11:12:28 500 681000
54 11:54:13 2 681000
55 12:03:49 440 681000
56 12:05:52 3525 681000
57 12:06:09 100 681000
58 12:10:21 700 681000
59 12:10:40 2192 681000
60 12:13:40 6656 681000
61 12:16:41 295 681000
62 12:20:32 1311 681000
63 12:21:30 200 681000
67 12:23:29 744 681000
66 12:23:29 1369 681000
65 12:23:29 1309 681000
64 12:23:29 1782 681000
68 12:26:02 300 681000
69 12:26:17 300 681000
70 12:27:01 112 681000