1 09:19:59 151 669001
4 09:38:16 267 669000
3 09:38:16 10 669000
2 09:38:16 49 669001
6 09:41:07 1767 669000
5 09:41:07 733 669000
7 09:43:08 2233 669000
8 10:01:34 446 669800
9 10:05:57 1506 668951
10 10:08:32 2000 668951
11 10:13:25 2502 669000
12 10:26:15 2000 669000
13 10:27:59 8 668960
14 10:45:44 25000 669000
15 11:00:26 2992 668960
16 11:01:13 10 668960
17 11:27:40 359 668954
18 11:42:16 2158 668960
19 11:43:46 8370 669000
20 11:46:16 14472 669000
23 11:52:46 7887 668952
22 11:52:46 1500 668953
21 11:52:46 1141 668954
24 11:57:15 1338 668952
25 11:57:39 500 668952
26 11:59:44 6903 668952
27 11:59:47 2376 668950
28 12:06:25 10649 667501
29 12:08:29 10000 668900
30 12:10:44 5293 668900
31 12:26:37 2500 668953
32 12:26:38 750 668953