2 09:03:26 754 684017
1 09:03:26 1750 684020
4 09:04:21 370 684008
3 09:04:21 200 684009
5 09:04:30 130 684008
6 09:05:08 230 684006
7 09:05:20 6000 684006
8 09:05:44 76 684006
11 09:21:20 21000 684821
10 09:21:20 413 684821
9 09:21:20 746 685000
12 09:21:31 2 684820
13 09:29:27 8 686900
18 09:36:56 5094 684825
17 09:36:56 6000 684826
16 09:36:56 2924 685010
15 09:36:56 8000 685011
14 09:36:56 6 685011
19 09:39:10 4250 684824
21 09:45:03 1849 684825
20 09:45:03 6000 684825
23 09:48:54 1454 684825
22 09:48:54 550 684826
24 09:51:56 3000 684822
25 10:02:04 1707 684850
27 10:07:41 1587 684825
26 10:07:41 8293 684850
28 10:15:20 421 684831
29 10:19:33 1384 684839
34 10:20:40 2362 688000
33 10:20:40 6 687879
32 10:20:40 1578 687879
31 10:20:40 3000 686800
30 10:20:40 492 686700
35 10:23:34 6 685000
36 10:25:50 154 685000
42 10:32:23 12000 689499
41 10:32:23 754 689498
40 10:32:23 936 688880
39 10:32:23 200 688000
38 10:32:23 1000 688000
37 10:32:23 6 687999
50 10:39:00 10680 689400
49 10:39:00 400 689399
48 10:39:00 600 687900
47 10:39:00 4025 687500
46 10:39:00 1926 687500
45 10:39:00 2409 687500
44 10:39:00 2624 687500
43 10:39:00 2336 687500
56 10:39:01 9827 689500
55 10:39:01 15173 689500
54 10:39:01 7338 689500
53 10:39:01 11142 689500
52 10:39:01 200 689500
51 10:39:01 6320 689400
57 10:39:02 1410 689500
59 10:55:04 156 687000
58 10:55:04 10 687000
60 11:01:07 1000 687000
61 11:01:29 1438 687000
62 11:16:30 2841 687000
63 11:27:32 1500 687000
64 11:27:55 1000 687000
65 11:29:14 681 689486
66 11:42:08 4618 687000
67 11:42:36 1500 687000
69 11:46:23 2104 687000
68 11:46:23 1309 687000
70 11:48:44 100 687000
71 11:49:22 1701 687000
72 11:52:13 2972 687000
73 11:54:13 2761 687000
74 11:58:10 876 685250
75 12:14:19 370 685256
77 12:15:11 193 685255
76 12:15:11 10000 685255
78 12:15:27 200 685256
79 12:15:51 300 685256
80 12:16:04 4500 685255
81 12:16:25 6387 685255
82 12:16:33 3044 685255
83 12:16:34 1500 685255
84 12:16:40 456 685255
85 12:16:57 13134 685255
86 12:17:14 9500 685255
88 12:18:07 842 685256
87 12:18:07 721 685256
90 12:27:28 2138 685271
89 12:27:28 862 685271
91 12:27:29 10 688000
92 12:27:43 63 688000
93 12:28:46 13 685271
94 12:29:31 37 685271