2 09:35:24 300 652173
1 09:35:24 20 652179
5 09:35:34 77 650000
4 09:35:34 1000 651000
3 09:35:34 164 651001
7 09:35:43 2190 630011
6 09:35:43 60 650000
8 09:35:49 20 652000
9 09:50:18 8 652000
10 09:58:12 940 652000
11 09:58:39 473 652000
12 09:59:52 8 652000
13 10:05:23 890 652000
14 10:09:05 11 652000
15 10:17:13 99 652000
16 10:22:34 90 652000
17 10:38:02 577 652000
18 10:50:58 1550 652000
19 10:59:44 1890 652800
20 11:00:27 135 652000
21 11:03:35 30 652500
22 11:03:40 270 652500
23 11:03:57 3870 652000
25 11:06:52 9363 652000
24 11:06:52 5160 652001
26 11:36:35 3085 652000
27 11:38:50 25000 652500
28 11:38:54 7493 652500
29 11:43:04 3347 652000
30 11:54:00 5200 653000
31 11:56:15 15 652000
32 11:58:53 29 655000
33 12:00:00 546 653000
34 12:26:05 5000 653000
35 12:27:29 3796 653000
36 12:27:35 260 653000
37 12:27:40 1875 653000
38 12:28:12 295 653000
39 12:29:07 497 653000