2 09:00:05 169 688255
1 09:00:05 580 688255
3 09:00:06 1835 690000
4 09:00:18 6000 690000
5 09:00:21 28 690000
6 09:02:07 169 691999
7 09:07:41 500 691999
8 09:08:01 40 691999
9 09:08:13 40 691999
10 09:15:15 700 691100
11 09:16:07 146 691100
12 09:29:27 40 690442
13 09:29:27 354 690441
14 09:29:27 500 690440
15 09:29:27 560 690033
18 09:29:49 2204 690031
17 09:29:49 8 690032
16 09:29:49 280 690033
19 09:30:29 10 692995
20 09:34:23 848 692994
21 09:34:23 5611 692995
22 09:34:23 665 692995
23 09:34:23 28 692999
24 09:34:23 2204 692999
25 09:34:23 274 693000
26 09:34:23 7000 693000
27 09:34:23 4470 694000
28 09:35:03 2 690041
29 09:35:03 723 690041
30 09:44:19 871 690065
31 09:44:44 56 690071
32 09:50:24 871 691928
33 09:55:35 1396 692000
34 09:56:08 4633 692000
35 09:56:40 2 692000
36 10:19:26 350 692000
37 10:20:55 580 692000
38 10:21:48 9000 692000
39 10:24:19 1835 693899
40 10:24:19 1000 693900
41 10:24:19 10000 693900
42 10:40:17 10 693900
43 10:44:52 4386 692000
44 10:45:59 2616 692000
45 10:47:31 2037 692000
46 10:52:16 1325 692000
47 10:52:16 3262 693000
48 10:52:16 2172 693000
49 10:56:36 1000 692000
50 11:04:30 800 692000
51 11:09:24 9334 692000
52 11:09:35 5000 692000
53 11:10:08 2817 692000
54 11:12:16 1309 692000
55 11:16:30 1496 692000
56 11:17:55 3244 692000
57 11:18:15 1956 692000
58 11:18:25 20000 692000
62 11:20:35 1755 691001
61 11:20:35 277 691002
60 11:20:35 849 691003
59 11:20:35 3044 692000
63 11:26:13 4500 692000
64 11:27:12 4500 692000
65 11:27:17 577 692000
66 11:29:40 5000 692001
67 11:34:50 725 692041
68 11:37:01 1000 692040
72 11:37:01 7798 692999
71 11:37:01 10 692500
70 11:37:01 1910 692300
69 11:37:01 1090 692041
73 11:37:19 900 693000
74 11:37:19 382 693000
75 11:37:19 11616 693000
76 11:37:43 2525 693002
77 11:39:29 487 692900
78 11:39:29 2475 693000
79 11:49:40 20000 693000
80 11:50:11 10 693000
81 11:52:13 849 693000
82 11:52:25 500 693000
83 11:52:42 679 693000
84 11:57:36 10 693000
85 11:59:26 220 693000
86 12:05:21 20000 693000
87 12:06:12 300 693000
88 12:06:41 86 693000
89 12:08:48 100 693100
90 12:09:47 2000 693000
91 12:11:40 4486 693100
92 12:11:40 3392 693200
93 12:11:45 2000 693000
94 12:13:51 200 693000
95 12:13:55 194 693000
96 12:13:55 3740 693000
97 12:24:39 20000 693000
98 12:25:53 500 693000
99 12:26:23 200 693000
100 12:28:49 560 693000
101 12:28:49 2991 693000