2 09:24:12 10 685900
1 09:24:12 200 685900
3 09:25:18 275 686000
4 09:25:26 58 686000
5 09:31:56 87 685950
6 09:39:05 58 685950
13 09:42:18 131 687000
12 09:42:18 5000 687000
11 09:42:18 1000 686900
10 09:42:18 200 686500
9 09:42:18 10 686000
8 09:42:18 1104 686000
7 09:42:18 55 685950
14 09:42:49 2000 682609
15 09:43:03 558 682609
16 09:50:53 460 682620
18 09:56:15 2340 687000
17 09:56:15 160 687000
19 10:04:12 500 682650
21 10:04:52 1739 682641
20 10:04:52 1500 682650
22 10:21:23 1 683000
26 10:23:37 6000 690000
25 10:23:37 100 687500
24 10:23:37 30 687000
23 10:23:37 2971 687000
27 10:26:15 100 690000
28 10:26:41 100 690000
30 10:31:04 4919 690000
29 10:31:04 1000 690010
31 10:31:36 10000 690000
32 10:32:14 739 690000
33 10:33:07 41 690000
34 10:43:06 24411 684001
37 11:42:28 443 684000
36 11:42:28 8 684010
35 11:42:28 241 684100
38 11:46:17 1735 684001
40 11:59:12 6735 684000
39 11:59:12 4265 684001
42 12:08:06 3437 684000
41 12:08:06 600 684001
43 12:20:36 8500 684000
44 12:21:26 5000 685000
45 12:24:12 20 684001
46 12:24:21 5885 684000
47 12:24:32 20 684000
48 12:24:51 19 684000
51 12:26:00 682 683001
50 12:26:00 18 683001
49 12:26:00 300 683001
54 12:27:10 151 683001
53 12:27:10 11 683001
52 12:27:10 318 683001
55 12:28:07 5000 684000
56 12:29:02 500 683002
57 12:29:28 200 683010
58 12:29:38 300 683001
59 12:29:48 304 683001