3 09:06:04 646 675000
2 09:06:04 200 675003
1 09:06:04 1000 675004
4 09:08:39 1848 680004
6 09:16:29 3185 680230
5 09:16:29 200 680232
7 09:17:44 581 680241
8 09:22:23 590 680501
9 09:23:55 876 680615
13 09:42:30 5546 682000
12 09:42:30 1500 682002
11 09:42:30 200 682005
10 09:42:30 164 682006
14 09:42:42 3246 684000
15 09:44:01 629 684000
17 09:54:15 689 682002
16 09:54:15 10 682500
20 10:03:53 900 682002
19 10:03:53 900 682003
18 10:03:53 200 682500
21 10:14:23 9154 682101
22 10:14:49 6223 682101
23 10:15:11 2386 682101
24 10:15:45 1400 682101
25 10:22:44 79 682105
26 10:42:35 200 682900
27 10:44:11 200 682500
28 10:51:00 144 682250
48 10:54:22 43 682251
47 10:54:22 70 682251
46 10:54:22 110 682251
45 10:54:22 137 682251
44 10:54:22 95 682251
43 10:54:22 147 682251
42 10:54:22 124 682251
41 10:54:22 150 682251
40 10:54:22 87 682251
39 10:54:22 87 682251
38 10:54:22 88 682251
37 10:54:22 87 682251
36 10:54:22 116 682251
35 10:54:22 475 682251
34 10:54:22 219 682251
33 10:54:22 423 682251
32 10:54:22 335 682251
31 10:54:22 394 682251
30 10:54:22 335 682251
29 10:54:22 1414 682251
53 10:58:16 4624 682051
52 10:58:16 147 682251
51 10:58:16 218 682251
50 10:58:16 109 682251
49 10:58:16 95 682251
56 11:01:23 16492 682900
55 11:01:23 200 682899
54 11:01:23 172 682800
57 11:02:14 14631 683000
58 11:14:32 13 683905
59 11:14:44 2523 682112
60 11:16:00 10 682111
64 11:20:36 10 682111
63 11:20:36 115 682111
62 11:20:36 500 682111
61 11:20:36 590 682111
68 11:21:15 5277 683905
67 11:21:15 115 683904
66 11:21:15 600 683904
65 11:21:15 8785 682111
69 11:22:28 10000 683999
70 11:22:44 4102 683999
71 11:25:12 4624 683999
72 11:26:54 900 683999
73 11:27:19 10 684000
74 11:27:40 374 683999
75 11:39:56 17699 682070
78 11:44:51 785 682060
77 11:44:51 115 682101
76 11:44:51 600 682101
79 11:56:57 150 683000
80 11:57:24 1463 683000
81 11:58:15 1167 683000
82 12:01:52 1215 682070
83 12:02:58 1285 682070
84 12:08:26 295 682080
86 12:08:52 18926 682700
85 12:08:52 569 682700
88 12:10:47 24 682080
87 12:10:47 505 682700
89 12:12:44 3114 682081
90 12:15:37 7587 682081
91 12:16:25 5000 682990
93 12:19:32 65 683000
92 12:19:32 635 683000
94 12:21:40 8244 682081
96 12:23:10 9982 682070
95 12:23:10 681 682080
97 12:25:15 2 682080
99 12:27:03 9002 682070
98 12:27:03 998 682080
100 12:29:58 3246 682070