1 09:08:01 15 650916
2 09:21:12 1000 654000
3 09:21:14 375 654000
4 09:23:12 1000 653000
5 09:23:23 200 653000
6 09:23:26 192 653000
7 09:23:57 200 651005
8 09:24:31 50 651005
9 09:24:33 50 651005
10 09:24:37 50 651005
11 09:43:22 10000 653000
12 11:16:50 50 650000
16 11:23:43 1000 642012
15 11:23:43 8 642101
14 11:23:43 950 643173
13 11:23:43 7800 645000
17 11:23:48 242 640000
18 11:24:05 8 652499
19 11:34:16 8 651990
23 11:51:18 850 642300
22 11:51:18 5000 642400
21 11:51:18 4100 642409
20 11:51:18 50 647800
24 11:51:47 8 649999
25 11:52:26 1078 642309
26 11:52:44 5000 645000
27 11:53:01 8 649959
30 11:55:43 1800 642410
29 11:55:43 100 642440
28 11:55:43 3100 642449
31 11:56:34 2000 645000
32 11:58:04 100 645000
33 12:01:27 100 644000
34 12:01:33 1593 644000
37 12:03:21 1105 641082
36 12:03:21 795 641084
35 12:03:21 3100 641089
39 12:03:45 1800 641902
38 12:03:45 3200 641910
41 12:04:01 1800 641906
40 12:04:01 3200 641915
49 12:04:10 1753 641900
48 12:04:10 692 641905
47 12:04:10 455 641906
46 12:04:10 2745 641906
45 12:04:10 855 641909
44 12:04:10 1400 641916
43 12:04:10 1800 641916
42 12:04:10 3200 641916
51 12:05:38 3518 644990
50 12:05:38 1686 644900
52 12:06:29 2641 648840
53 12:06:41 2563 648820
54 12:06:44 2148 648840
55 12:07:50 800 647980
57 12:07:57 760 647980
56 12:07:57 2400 647900
58 12:08:05 4204 647980
60 12:08:52 697 647879
59 12:08:52 3000 647800
61 12:09:46 900 647700
62 12:09:57 1581 647690
63 12:10:14 1582 647590
64 12:11:46 1764 645000
65 12:16:24 8160 646000
66 12:17:00 100 645400
70 12:23:07 231 645012
69 12:23:07 100 645200
68 12:23:07 160 645202
67 12:23:07 100 645203
71 12:25:14 500 646000
74 12:27:55 2156 645000
73 12:27:55 1000 645002
72 12:27:55 30 645002
75 12:28:17 35 645999
77 12:29:58 3832 645000
76 12:29:58 666 645001
78 12:29:59 415 645000