1 09:17:19 514 653000
2 09:19:20 4979 653000
3 09:19:24 12381 653000
4 09:35:04 100 658000
5 09:52:16 50 656300
6 10:37:41 50 656300
7 10:57:28 200 657499
8 10:58:31 5772 657500
9 11:02:59 110 657500
10 11:13:29 110 658000
13 11:25:40 10 656300
12 11:25:40 100 656300
11 11:25:40 1000 657500
14 11:33:25 6363 658501
15 11:33:54 10 658500
16 11:37:29 20 654100
17 11:37:37 10 654010
18 11:37:40 10 654002
19 11:37:53 500 653580
20 11:38:04 490 653579
21 11:38:14 11 653579
22 11:38:16 10 653579
23 11:38:24 459 653325
24 11:38:35 490 653579
25 11:38:40 72 658500
26 11:38:42 505 653579
27 11:38:51 8 653325
28 11:38:52 518 653325
29 11:39:00 352 653121
30 11:39:02 5000 654909
31 11:39:30 5000 654909
32 11:49:25 970 657999
33 11:50:55 498 657998
34 11:52:00 6146 657998
39 11:53:54 19481 653120
38 11:53:54 15 653121
37 11:53:54 1501 653225
36 11:53:54 501 653225
35 11:53:54 995 653324
40 12:00:09 2320 657750
41 12:01:24 15 657749
42 12:08:06 500 657739
43 12:08:43 400 657739
44 12:08:52 80 657739
45 12:09:05 20 657740
47 12:18:50 3484 654100
46 12:18:50 185 654112
48 12:22:50 150 654120
49 12:23:21 6881 654120
50 12:28:13 5000 655001
51 12:28:44 3637 655000