1 10:21:09 7600 668100
2 10:21:09 17400 668000
3 10:22:43 60 668000
4 10:23:04 145 668000
5 10:24:19 146 667999
6 10:26:07 151 667999
7 10:28:16 164 667999
8 10:28:20 164 667999
9 10:42:44 3217 667574
10 10:45:44 2679 667999
11 10:45:44 9321 668000
12 10:46:12 1000 668000
13 10:46:52 500 668000
15 10:49:43 7535 668000
14 10:49:43 465 667999
16 10:51:02 4383 667574
17 10:51:41 238 668000
18 10:52:52 300 668000
19 10:53:09 500 668000
21 11:00:55 19599 668000
20 11:00:55 5401 668000
23 11:01:06 19599 668000
22 11:01:06 5401 668000
24 11:01:09 5401 668000
25 11:10:11 58 669990
26 11:20:28 3372 667000
27 11:21:02 4100 668000
28 11:21:37 10 669950
29 11:21:58 3372 668000
30 11:22:07 10 668000
33 11:27:00 3811 668000
32 11:27:00 4214 668000
31 11:27:00 10 668010
35 11:31:15 5490 668000
34 11:31:15 10 668010
36 11:32:06 4003 668000
37 11:50:46 10 666609
39 11:54:45 2387 665302
38 11:54:45 10 665310
44 12:01:42 5000 665315
43 12:01:42 68 665315
42 12:01:42 1501 665316
41 12:01:42 2001 665316
40 12:01:42 501 665316
46 12:04:39 110 665331
45 12:04:39 501 665331
47 12:13:35 314 666552
48 12:18:10 9843 666552
50 12:21:12 3985 666552
49 12:21:12 3178 666552
51 12:29:13 876 666560