1 09:11:09 500 696211
2 09:11:21 343 696211
4 09:17:45 17 696237
3 09:17:45 83 696237
5 09:19:53 14972 700000
6 09:28:33 1 698001
10 09:50:54 4530 698100
9 09:50:54 15 698200
8 09:50:54 1000 698200
7 09:50:54 100 698500
11 09:54:38 2850 698100
12 10:21:47 1000 699100
13 10:27:40 308 698102
16 10:32:20 691 698100
15 10:32:20 100 698102
14 10:32:20 82 698102
17 10:34:10 16929 698100
18 10:36:28 500 698100
19 10:38:01 70 698100
21 10:38:22 208 696520
20 10:38:22 15 696520
22 10:41:30 145 697200
23 10:42:57 200 698100
24 10:45:56 300 698100
25 10:46:21 90 698100
28 10:54:31 2450 698100
27 10:54:31 12250 698099
26 10:54:31 300 698000
29 10:55:19 4461 698100
33 10:55:43 874 700000
32 10:55:43 343 700000
31 10:55:43 83 699998
30 10:55:43 700 699100
34 10:55:51 2000 700000
35 10:55:57 2000 700000
36 10:56:35 25000 699500
37 10:56:36 2000 700000
42 10:57:09 1000 700000
41 10:57:09 8238 700000
40 10:57:09 871 699999
39 10:57:09 3004 699999
38 10:57:09 25000 699900
43 10:58:34 18 700000
44 10:59:12 982 700000
49 11:16:18 170 697750
48 11:16:18 20 697750
47 11:16:18 245 697800
46 11:16:18 980 698000
45 11:16:18 200 698000
52 11:48:08 400 700000
51 11:48:08 1000 700000
50 11:48:08 600 700000
54 11:50:37 967 697750
53 11:50:37 10 697800
57 12:08:37 757 697750
56 12:08:37 50 697760
55 12:08:37 200 698000
58 12:12:48 228 697750
61 12:12:52 460 700000
60 12:12:52 11886 700000
59 12:12:52 3876 700000
62 12:13:31 960 697750
72 12:19:33 1500 700800
71 12:19:33 565 700800
70 12:19:33 500 700800
69 12:19:33 1500 700500
68 12:19:33 2000 700500
67 12:19:33 559 700500
66 12:19:33 631 700500
65 12:19:33 2509 700349
64 12:19:33 3000 700349
63 12:19:33 2166 700349
74 12:20:10 24000 701000
73 12:20:10 1000 700899
76 12:20:11 3237 701000
75 12:20:11 1000 701000