2 09:00:05 102 638559
1 09:00:05 4700 638559
3 09:03:39 102 651000
4 09:07:29 776 644200
6 09:10:08 3542 653000
5 09:10:08 3000 651000
7 09:10:23 1700 654000
8 09:44:44 2000 645082
9 09:45:06 8 653477
10 10:17:15 1624 652480
11 10:17:34 2000 652480
12 10:19:27 224 651539
13 10:22:03 200 652000
19 10:22:40 5000 653470
18 10:22:40 1500 653300
17 10:22:40 487 653299
16 10:22:40 30 653000
15 10:22:40 30 652999
14 10:22:40 200 652999
22 10:22:46 6273 653477
21 10:22:46 5000 653477
20 10:22:46 5000 653477
23 10:50:51 474 651000
24 10:51:24 2519 651000
25 10:51:54 13765 651000
26 10:56:58 6235 651000
27 11:09:03 3069 651000
28 11:09:05 109 651000
30 11:35:40 16822 651000
29 11:35:40 200 650999
31 11:36:29 1000 651000
32 11:38:11 1978 651000
34 11:46:55 8113 651000
33 11:46:55 1887 650000
35 11:47:04 9909 651000
37 11:47:26 9909 651000
36 11:47:26 91 651000
38 11:58:30 10 651000
40 12:13:30 1500 652000
39 12:13:30 200 652000
41 12:16:39 81 652000
42 12:17:32 81 652000
43 12:18:17 338 652000
44 12:21:33 500 652000
45 12:24:51 4000 652000
46 12:27:19 81 652999
47 12:29:03 5000 652000