1 09:10:35 300 679200
3 09:12:06 298 679200
2 09:12:06 2 679200
4 09:21:12 300 679270
7 09:28:06 706 679321
6 09:28:06 2 679330
5 09:28:06 200 679330
8 09:28:36 300 679321
10 09:34:09 100 680500
9 09:34:09 20 680501
11 09:34:30 1000 679333
12 09:38:40 545 680000
13 09:43:29 1318 680000
14 09:45:03 1000 680003
15 09:46:07 1000 680003
17 09:48:24 1118 680000
16 09:48:24 449 680001
18 09:49:02 40 682990
19 09:52:30 1000 680000
20 09:58:45 500 680000
21 10:11:49 500 680000
22 10:20:12 500 680000
23 10:20:43 1000 680000
25 10:27:21 4675 680000
24 10:27:21 4064 680000
26 10:47:30 320 680500
27 10:52:15 50 680200
28 10:55:10 180 680200
30 10:59:00 230 680100
29 10:59:00 270 680200
31 11:04:22 300 680100
32 11:08:02 58 680100
38 11:13:05 6500 681000
37 11:13:05 4264 680990
36 11:13:05 6717 680980
35 11:13:05 5642 680980
34 11:13:05 500 680980
33 11:13:05 500 680980
39 11:17:00 685 680100
39 11:17:00 685 680100
40 11:32:04 3221 680100
42 11:36:39 953 680100
41 11:36:39 2000 680101
44 11:41:18 5560 680100
43 11:41:18 20 680101
45 11:46:04 300 680100
46 11:47:15 200 680100
47 11:57:28 150 680100
48 11:58:33 45 680100
49 12:01:38 2790 680100
50 12:03:22 300 680100
51 12:05:36 8741 680100
52 12:05:57 465 680100
56 12:06:00 10 680000
55 12:06:00 8 680100
54 12:06:00 500 680100
53 12:06:00 1002 680100
57 12:08:29 64 679333
59 12:11:54 2134 680000
58 12:11:54 2866 679990
61 12:18:37 8726 679210
60 12:18:37 936 679333
65 12:19:10 500 680000
64 12:19:10 1000 680000
63 12:19:10 1000 680000
62 12:19:10 866 680000