3 10:54:10 990 656999
2 10:54:10 151 656990
1 10:54:10 151 656989
4 10:54:32 1734 657000
8 11:12:40 280 652001
7 11:12:40 500 652002
6 11:12:40 200 652002
5 11:12:40 20 652100
9 11:28:33 539 652301
10 11:40:28 6687 652301
11 11:53:27 3050 655000
12 11:53:32 1014 655000
13 11:53:50 1521 655000
14 11:54:20 13 655000
15 11:55:19 1089 655000
16 12:03:38 2103 655900
17 12:03:55 502 656000
19 12:07:00 2546 656000
18 12:07:00 500 655500
20 12:07:03 1042 656000
21 12:11:22 3045 656000
23 12:11:28 180 656399
22 12:11:28 2865 656000
26 12:11:30 20 656499
25 12:11:30 497 656498
24 12:11:30 300 656399