1 09:04:44 6759 675001
2 09:05:53 1868 677004
3 09:07:23 750 680000
4 09:07:26 830 680000
5 09:08:19 13085 680000
6 09:08:58 335 680000
8 09:15:51 117 681190
7 09:15:51 679 681190
9 09:18:01 67 680000
10 09:25:16 1203 681100
11 09:25:26 6796 681900
12 09:26:10 1870 682400
13 09:28:07 3668 680021
14 09:34:02 2522 681501
15 09:44:25 5000 682300
16 09:45:06 60 682300
17 09:48:46 504 682300
18 09:50:38 6270 682400
19 09:51:22 4671 682400
20 09:53:08 5329 682400
21 09:53:39 618 682101
22 09:56:08 950 682101
23 09:56:54 8103 682400
24 10:01:34 15000 682399
25 10:01:55 8726 682399
27 10:02:08 6503 682400
26 10:02:08 1897 682400
28 10:02:09 3497 682400
29 10:12:22 8954 682400
30 10:17:26 480 682400
31 10:33:15 15 682201
32 10:41:35 2266 682303
33 10:42:47 2626 682303
36 10:45:03 2000 682310
35 10:45:03 415 682310
34 10:45:03 1367 682311
37 10:46:05 2473 682310
38 10:48:48 16250 682311
39 10:49:20 9148 682312
40 10:49:45 8000 682312
41 10:50:15 4270 682312
42 10:50:38 2211 682312
43 10:51:07 1895 682312
44 10:51:32 1349 682312
45 10:51:53 195 682312
46 10:53:25 1494 682319
47 10:58:16 258 682311
48 10:59:49 270 682311
49 11:02:26 1469 682311
52 11:10:43 5034 682202
51 11:10:43 1000 682300
50 11:10:43 2000 682301
54 11:23:08 4800 682400
53 11:23:08 200 682398
55 11:23:15 5000 682400
57 11:23:21 4800 682400
56 11:23:21 200 682400
58 11:23:35 1000 682300
59 11:24:10 2500 682300
60 11:25:14 165 682300
61 11:25:32 13000 682400
62 11:25:46 2200 682400
63 11:32:03 10000 682400
64 11:33:45 10000 682400
65 11:34:48 1184 682302
66 11:37:21 9291 682400
67 11:39:53 1000 682302
68 11:45:03 700 682306
69 11:45:11 6151 682306
70 11:46:52 6690 682600
71 11:52:00 5329 682602
72 12:00:30 4000 682602
73 12:01:23 8453 682602
74 12:02:06 1547 682600
75 12:12:20 1000 682601
76 12:12:59 1700 682601
77 12:13:57 2733 682601
79 12:20:37 5000 682601
78 12:20:37 20000 682603
80 12:20:44 5000 682601
81 12:20:50 3000 682601
82 12:24:12 1000 682601
83 12:26:31 1197 682601
84 12:27:30 100 682601
85 12:27:45 1000 682601
86 12:28:06 2000 682601