1 09:31:47 7 667101
3 09:34:21 4 667101
2 09:34:21 89 667101
4 09:35:40 724 669500
5 09:46:31 2172 669500
6 09:50:10 335 669500
7 09:54:41 149 669500
12 10:10:53 270 669800
11 10:10:53 100 669799
10 10:10:53 10 669500
9 10:10:53 6620 669500
8 10:10:53 3000 669490
13 10:13:09 1000 668000
14 10:13:11 1628 668000
15 10:13:37 500 667110
16 10:35:42 101 667230
20 10:36:37 2817 670000
19 10:36:37 1500 669900
18 10:36:37 5027 669800
17 10:36:37 656 669500
21 10:54:32 200 667240
22 10:54:53 1000 667239
23 10:55:10 8 669998
24 11:25:20 1 667271
33 11:27:55 1000 670000
32 11:27:55 1483 670000
31 11:27:55 1350 669997
30 11:27:55 10 669997
29 11:27:55 310 669997
28 11:27:55 1020 669990
27 11:27:55 100 669990
26 11:27:55 1501 669989
25 11:27:55 136 669000
35 11:51:27 3080 671000
34 11:51:27 10 670999
36 11:54:04 5000 670000
37 11:59:14 600 670000
38 12:15:09 1054 670000
39 12:18:25 3000 670000
40 12:19:14 346 670000
41 12:26:51 544 668002
42 12:27:02 1420 668002
43 12:28:34 152 668202