1 09:12:13 11927 677083
3 09:48:59 3000 687000
2 09:48:59 500 686000
8 10:11:30 153 687900
7 10:11:30 300 687900
6 10:11:30 5300 687000
5 10:11:30 1000 687000
4 10:11:30 247 686999
13 10:19:36 1651 689900
12 10:19:36 300 687999
11 10:19:36 502 687999
10 10:19:36 5000 687900
9 10:19:36 47 687900
18 10:27:40 19253 690000
17 10:27:40 10 690000
16 10:27:40 5000 689900
15 10:27:40 388 689900
14 10:27:40 349 689900
19 10:27:41 5000 690000
22 10:30:11 9469 690000
21 10:30:11 747 690000
20 10:30:11 884 689999
27 10:32:57 1469 690300
26 10:32:57 900 690100
25 10:32:57 20000 690000
24 10:32:57 531 690000
23 10:32:57 100 689500
31 10:41:52 911 690400
30 10:41:52 30 690300
29 10:41:52 23276 690300
28 10:41:52 783 690300
34 10:42:13 211 690500
33 10:42:13 22500 690400
32 10:42:13 1289 690400
35 10:50:43 2106 681100
36 11:05:29 491 681301
37 11:10:10 7291 681301
40 11:11:32 17805 691000
39 11:11:32 1589 690500
38 11:11:32 100 690000
42 11:14:33 20000 691000
41 11:14:33 2195 691000
43 11:25:49 620 681204
44 11:26:04 416 681204
45 11:38:23 9 691000
46 11:42:02 9 684999
47 11:49:20 200 684001
48 12:00:24 1000 689000
49 12:07:51 100 686000
50 12:08:06 6107 684001
51 12:20:04 1600 685000
52 12:22:48 10000 685000
53 12:23:04 10000 685000
55 12:23:18 3984 685000
54 12:23:18 3400 685000
56 12:27:49 8700 684001
57 12:28:06 5000 684001
58 12:28:08 434 684001
59 12:28:19 5 684001