1 09:05:14 2440 662376
2 09:05:32 547 667621
5 09:40:42 171 664003
4 09:40:42 1501 664003
3 09:40:42 501 664003
7 10:02:38 701 664004
6 10:02:38 501 664004
8 10:11:37 158 667999
12 10:12:08 16823 668500
11 10:12:08 7022 668200
10 10:12:08 997 668199
9 10:12:08 158 668000
13 10:12:13 8177 668500
16 10:12:20 1636 670000
15 10:12:20 2417 670000
14 10:12:20 876 669900
17 10:36:18 99 664736
18 10:36:19 776 664736
19 10:36:59 14801 664732
21 10:50:40 6433 665294
20 10:50:40 15 665560
22 10:55:19 561 665301
33 11:14:00 386 665293
32 11:14:00 1501 665293
31 11:14:00 501 665293
30 11:14:00 9 665300
29 11:14:00 2000 665300
28 11:14:00 35 665302
27 11:14:00 350 665302
26 11:14:00 184 665303
25 11:14:00 573 665900
24 11:14:00 105 665901
23 11:14:00 99 665902
34 11:14:26 1275 665294
35 11:20:41 1165 667000
36 11:27:23 5390 668000
38 11:43:18 2165 666898
37 11:43:18 335 667000
39 11:44:00 258 666898
41 11:44:45 2176 666898
40 11:44:45 2037 666898
42 11:50:59 2000 666896
43 11:53:50 16179 666896
44 11:53:57 8821 666896
45 11:54:09 4290 666896
47 11:59:44 292 668000
46 11:59:44 14034 668000
48 12:03:39 10000 668000
50 12:20:28 1277 666500
49 12:20:28 3095 666501
51 12:20:56 8 666500
52 12:28:58 10000 667001
55 12:29:18 12003 669999
54 12:29:18 2000 669973
53 12:29:18 997 669972
56 12:29:49 3000 669999