1 09:00:22 6733 687061
2 09:19:53 100 687001
4 09:23:48 2000 689900
3 09:23:48 100 689899
5 09:24:13 4633 689900
8 09:25:03 3605 687000
7 09:25:03 164 687001
6 09:25:03 89 687001
9 09:25:15 1600 689900
10 09:29:09 3251 687001
11 09:30:50 36 689890
12 09:31:01 1749 687001
13 09:31:21 3983 687001
15 09:35:33 49 687004
14 09:35:33 1 687005
16 09:35:36 50 689879
17 09:36:18 10 689000
18 09:36:31 140 689000
19 09:37:19 5 689870
20 09:37:30 20 689000
21 10:38:20 2613 687516
21 10:38:20 2613 687516
22 10:41:44 783 687517
23 11:02:36 1815 687518
25 11:05:14 2260 687517
24 11:05:14 589 687518
27 11:15:14 1960 687517
26 11:15:14 40 687890
27 11:15:14 1960 687517
26 11:15:14 40 687890
29 11:38:19 856 687531
28 11:38:19 20 687600
30 11:41:34 575 688000
30 11:41:34 575 688000
36 11:43:37 863 689000
35 11:43:37 8216 688900
34 11:43:37 475 688890
33 11:43:37 1028 688000
32 11:43:37 100 688000
31 11:43:37 425 688000
38 11:59:59 5900 688000
37 11:59:59 365 687999
39 12:26:28 145 688999
40 12:28:02 39 688999