2 09:08:07 2349 661409
1 09:08:07 100 662000
4 09:09:46 1600 660000
3 09:09:46 10 661404
5 09:09:47 14821 660000
6 09:10:22 20 664000
7 09:10:42 14 664000
8 09:11:11 200 664000
9 09:12:12 150 664000
10 09:12:23 200 664000
11 09:16:47 121 664000
14 09:24:47 1123 662223
13 09:24:47 62 662223
12 09:24:47 79 664100
15 09:32:24 805 662669
16 09:32:33 8 665000
17 09:34:32 200 664999
18 09:34:41 3807 665000
20 09:36:36 80 665000
19 09:36:36 120 664999
21 09:36:51 120 665000
22 09:37:34 350 662666
23 09:38:16 2470 667000
24 09:38:27 41 662666
26 09:39:35 491 667000
25 09:39:35 150 666998
27 09:39:53 190 666999
29 09:42:12 2770 667000
28 09:42:12 230 666999
30 09:43:29 230 666999
31 09:43:50 330 666999
34 09:45:55 3000 667000
33 09:45:55 400 667000
32 09:45:55 782 666999
35 10:01:57 17512 667000
36 10:08:07 3916 667000
37 10:08:51 3355 667800
38 10:10:16 3610 667000
39 10:15:48 4527 667000
40 10:18:25 551 667000
41 10:18:51 2000 667000
42 10:18:55 7732 667000
44 10:20:25 8 667000
43 10:20:25 2664 667000
45 10:21:08 8 666999
47 10:21:20 40 667000
46 10:21:20 50 666666
49 10:21:52 90 667899
48 10:21:52 8871 667000
50 10:22:30 45 667777
52 10:23:39 18 667899
51 10:23:39 5 667777
55 10:24:09 5962 667899
54 10:24:09 200 667898
53 10:24:09 85 667777
57 10:24:51 839 667900
56 10:24:51 267 667899
60 10:25:48 301 668000
59 10:25:48 267 667900
58 10:25:48 132 667899
62 10:26:22 598 669882
61 10:26:22 399 668000
64 10:26:47 1102 669883
63 10:26:47 399 669882
67 10:27:43 1447 669999
66 10:27:43 1501 669999
65 10:27:43 53 669882
68 10:28:12 23 669998
72 10:28:32 1317 669999
71 10:28:32 1501 669999
70 10:28:32 3001 669999
69 10:28:32 177 669998
79 10:31:08 1665 664001
78 10:31:08 1000 664002
77 10:31:08 200 664002
76 10:31:08 200 664002
75 10:31:08 60 664002
74 10:31:08 400 664500
73 10:31:08 1375 664501
80 10:32:51 25000 664004
84 10:36:13 6233 664001
83 10:36:13 1000 664004
82 10:36:13 498 664005
81 10:36:13 1000 664044
87 10:40:44 570 664001
86 10:40:44 1000 664003
85 10:40:44 200 664004
89 10:41:35 954 664001
88 10:41:35 1000 664003
92 10:46:08 9784 664001
91 10:46:08 16 664001
90 10:46:08 200 664002
96 10:53:23 4573 666998
95 10:53:23 1375 666998
94 10:53:23 195 666998
93 10:53:23 357 666997
97 10:53:45 1427 666998
99 10:53:51 9 666998
98 10:53:51 23573 666998
103 11:00:22 400 663501
102 11:00:22 500 663600
101 11:00:22 3100 663609
100 11:00:22 200 663610
107 11:00:31 2001 663235
106 11:00:31 1501 663235
105 11:00:31 501 663235
104 11:00:31 100 663501
108 11:00:35 2397 663000
109 11:00:49 8 665899
110 11:01:59 200 665898
112 11:02:14 1418 665899
111 11:02:14 8487 665899
113 11:02:23 9333 665900
114 11:02:36 500 666000
115 11:03:00 3111 666989
116 11:03:10 1951 666990
118 11:19:25 1075 665990
117 11:19:25 9 665990
119 11:20:55 1587 664110
121 11:29:37 6375 665000
120 11:29:37 3315 665000
122 11:29:41 13723 665800
123 11:31:25 150 664003
125 11:36:10 14991 665600
124 11:36:10 9 665590
128 11:36:14 6300 665800
127 11:36:14 9378 665800
126 11:36:14 9 665600
129 11:36:27 9062 666800
133 11:38:17 4043 666790
132 11:38:17 2049 666790
131 11:38:17 8 666790
130 11:38:17 200 666789
135 11:40:25 44 666800
134 11:40:25 8 666700
136 11:50:02 106 666740
137 11:51:23 53 666740
139 11:51:34 14947 666750
138 11:51:34 10000 666750
141 11:52:45 8 664703
140 11:52:45 8 664703
142 11:52:55 931 664699
143 12:00:00 1185 664700
145 12:04:55 10583 664700
144 12:04:55 3100 664719
146 12:11:29 3413 664900
147 12:17:37 2491 664900
148 12:21:46 910 664900
150 12:22:27 4235 664800
149 12:22:27 6418 664900
151 12:22:29 5765 664800
152 12:23:01 2500 664700
153 12:27:18 9235 664700
154 12:27:31 8615 664700