1 09:08:20 1172 685000
3 09:11:43 73 685000
2 09:11:43 2828 685000
4 09:13:48 50 685000
5 09:14:04 20 685000
6 09:16:43 15 685000
8 09:17:41 3000 685000
7 09:17:41 500 684900
9 09:21:23 1454 684000
10 09:21:51 494 685000
11 09:54:04 80 684010
12 09:55:19 1241 684000
14 10:08:04 1257 684000
13 10:08:04 1305 684000
15 10:15:16 300 684100
16 10:16:55 432 684000
20 10:26:43 30 684000
19 10:26:43 59 684000
18 10:26:43 100 684000
17 10:26:43 311 684000
21 10:27:08 5000 684000
22 10:27:26 3687 684000
23 10:29:08 1 683900
25 10:42:55 329 684000
24 10:42:55 30 684100
28 10:57:40 3000 683800
27 10:57:40 301 683900
26 10:57:40 1671 684000
29 10:58:34 5000 683800
30 10:58:46 273 683800
31 11:05:56 1120 683610
32 11:06:43 642 683600
35 11:07:46 7252 683500
34 11:07:46 11 683500
33 11:07:46 2358 683600
36 11:08:06 3000 683610
37 11:08:19 96 683610
41 11:09:02 6778 685000
40 11:09:02 3617 685000
39 11:09:02 2802 684998
38 11:09:02 5818 684997
45 11:20:53 663 686000
44 11:20:53 24337 686000
43 11:20:53 60 686000
42 11:20:53 603 684000
46 11:30:14 1000 686990
47 11:30:28 2564 686990
49 11:33:22 7997 686990
48 11:33:22 6003 686989
52 11:36:32 10466 687000
51 11:36:32 13208 686990
50 11:36:32 1326 686990
58 11:38:59 6884 689672
57 11:38:59 5566 689672
56 11:38:59 3000 689671
55 11:38:59 200 687989
54 11:38:59 1700 687989
53 11:38:59 14534 687000
59 11:40:17 455 686000
63 11:40:27 15000 690000
62 11:40:27 2000 689990
61 11:40:27 963 689959
60 11:40:27 500 689950
64 11:53:51 334 686000
66 11:54:07 896 686000
65 11:54:07 1059 686000
69 11:55:44 409 684033
68 11:55:44 1300 684034
67 11:55:44 760 684037
70 11:59:22 200 686001
71 11:59:55 800 686001
73 12:10:12 5415 686000
72 12:10:12 1000 685999
75 12:26:04 293 684300
74 12:26:04 1291 684301
80 12:26:10 2000 684000
79 12:26:10 3000 684020
78 12:26:10 3 684251
77 12:26:10 1000 684260
76 12:26:10 7 684300
82 12:28:22 2000 683700
81 12:28:22 2000 683800
83 12:29:11 4 683700
84 12:29:19 500 683700