1 09:08:38 900 690000
2 09:11:58 347 690000
5 09:19:47 1720 687000
4 09:19:47 500 687000
3 09:19:47 72 687001
8 09:22:50 73 687002
7 09:22:50 72 687002
6 09:22:50 25 687003
9 09:52:25 300 690000
10 09:54:02 140 689000
16 09:54:26 2000 687101
15 09:54:26 150 687101
14 09:54:26 10 687103
13 09:54:26 93 687103
12 09:54:26 10 688001
11 09:54:26 72 688001
19 09:54:57 207 687002
18 09:54:57 50 687003
17 09:54:57 72 687100
20 09:55:27 24 687101
21 09:55:31 391 687101
22 09:56:33 1609 687101
24 09:57:55 1509 685000
23 09:57:55 400 685002
27 10:05:20 145 685001
26 10:05:20 99 685002
25 10:05:20 100 686000
31 10:07:20 2945 681710
30 10:07:20 300 682134
29 10:07:20 491 682500
28 10:07:20 199 682510
39 10:13:22 13 681710
38 10:13:22 117 681710
37 10:13:22 9505 681710
36 10:13:22 2000 681720
35 10:13:22 125 681850
34 10:13:22 73 682100
33 10:13:22 103 682100
32 10:13:22 300 682500
41 10:23:52 720 687980
40 10:23:52 500 687800
46 10:24:08 300 681710
45 10:24:08 2001 681711
44 10:24:08 1501 681711
43 10:24:08 501 681711
42 10:24:08 200 682017
47 10:24:18 3949 680000
53 10:25:40 5000 675500
52 10:25:40 41 675500
51 10:25:40 3001 675501
50 10:25:40 2001 675501
49 10:25:40 1501 675501
48 10:25:40 501 675501
56 10:26:00 2000 687990
55 10:26:00 4122 687900
54 10:26:00 2000 687890
61 10:26:25 2139 674401
60 10:26:25 2001 674401
59 10:26:25 1501 674401
58 10:26:25 501 674401
57 10:26:25 101 675601
66 10:31:14 200 678100
65 10:31:14 2001 678101
64 10:31:14 1501 678101
63 10:31:14 501 678101
62 10:31:14 20 678700
67 10:31:26 11266 678000
68 10:32:06 1 678000
69 10:34:54 8280 678000
70 10:35:15 2757 678000
71 10:37:48 500 680010
72 10:39:00 120 680103
73 10:41:13 500 680110
74 10:42:09 500 680113
75 10:44:07 1000 680200
76 10:46:05 100 681000
77 10:46:33 200 680500
78 10:47:40 1000 680504
80 10:48:27 79 680508
79 10:48:27 501 680508
81 10:50:18 200 686999
82 10:52:11 100 686000
83 10:58:51 327 686400
84 11:00:50 4800 686398
86 11:02:13 619 686400
85 11:02:13 173 686400
89 11:04:01 15011 686500
88 11:04:01 4000 686499
87 11:04:01 5989 686490
90 11:05:11 300 686500
92 11:05:13 499 683100
91 11:05:13 1 684006
93 11:06:23 9200 686500
94 11:07:02 320 686500
95 11:10:22 169 686500
98 11:14:35 501 683110
97 11:14:35 90 683110
96 11:14:35 90 683110
99 11:14:50 1000 683007
100 11:15:12 1429 683006
103 11:22:22 6264 687010
102 11:22:22 1868 687000
101 11:22:22 120 686999
106 11:29:56 779 683014
105 11:29:56 501 683014
104 11:29:56 100 683100
107 11:31:49 800 683020
108 11:32:52 223 683014
109 11:36:24 105 683100
113 11:47:14 4000 681705
112 11:47:14 2000 681715
111 11:47:14 200 682001
110 11:47:14 1495 683100
119 11:47:54 9640 680115
118 11:47:54 2000 680115
117 11:47:54 2000 680115
116 11:47:54 1860 680115
115 11:47:54 9000 680115
114 11:47:54 1000 681005
122 11:48:55 302 680000
121 11:48:55 10000 680000
120 11:48:55 360 680000
123 11:48:59 1150 680000
124 11:49:02 1402 680000
125 11:49:33 1471 679000
126 11:50:11 1900 678092
127 11:50:55 1263 678092
128 11:51:11 10500 679000
129 11:51:15 2942 679000
130 11:51:22 350 679000
131 11:51:23 1545 679000
133 11:51:25 16576 679000
132 11:51:25 8192 679000
135 11:52:05 82 679000
134 11:52:05 150 679000
136 11:52:10 2223 679000
137 11:52:31 3000 680500
138 11:53:25 200 680500
139 11:53:34 1000 680499
140 11:54:51 4449 680000
141 11:55:42 100 680000
143 11:56:02 3602 678092
142 11:56:02 800 679000
146 12:02:46 3583 678092
145 12:02:46 417 678093
144 12:02:46 1000 678093
148 12:02:55 248 678091
147 12:02:55 652 678092
150 12:03:02 2582 678090
149 12:03:02 2418 678091
151 12:03:13 6800 679500
152 12:03:14 13612 678030
153 12:04:12 100 680000
154 12:10:21 1929 680000
155 12:10:43 25 680999
156 12:11:17 24975 680999
157 12:11:26 3601 681000
159 12:16:26 221 678302
158 12:16:26 176 678304
161 12:16:33 524 678031
160 12:16:33 100 678300
163 12:18:23 2619 681000
162 12:18:23 15615 681000
167 12:24:37 754 678031
166 12:24:37 221 678048
165 12:24:37 221 678048
164 12:24:37 199 678057
170 12:25:41 1032 678030
169 12:25:41 246 678031
168 12:25:41 147 678032
172 12:26:15 588 678030
171 12:26:15 10356 678030
173 12:26:17 4164 678030
174 12:27:07 2920 678000