1 09:00:05 1493 695200
2 09:02:16 1755 695262
3 09:06:32 2602 695415
4 09:30:52 375 695727
5 09:31:28 518 695727
6 09:35:20 334 695872
7 09:35:31 1000 695872
10 09:35:38 3000 700000
9 09:35:38 1755 699998
8 09:35:38 502 699997
11 09:38:59 1000 700000
12 09:39:03 3251 695885
14 09:44:47 1697 700997
13 09:44:47 8080 700995
16 09:56:33 4446 701000
15 09:56:33 850 701000
20 10:00:11 4018 697000
19 10:00:11 10000 697001
18 10:00:11 810 697002
17 10:00:11 200 697500
21 10:02:57 20982 697000
22 10:03:20 4018 697000
24 10:05:24 1040 697001
23 10:05:24 85 697003
25 10:17:29 1489 697508
28 10:26:33 14190 700000
27 10:26:33 10000 699998
26 10:26:33 810 699997
30 10:26:34 600 700000
29 10:26:34 10810 700000
31 10:41:19 8 697890
32 10:57:16 1663 697890
34 11:11:51 21409 699990
33 11:11:51 3591 699600
36 11:11:52 200 700000
35 11:11:52 3591 699990
37 11:24:47 100 697890
38 11:26:45 5000 697890
41 11:43:09 2000 700000
40 11:43:09 200 700000
39 11:43:09 25000 699990
42 11:44:35 25000 700938
43 11:44:36 2529 700939
44 11:45:26 8055 697890
47 11:45:36 2282 700970
46 11:45:36 10000 700949
45 11:45:36 85 700947
49 12:02:37 3000 700000
48 12:02:37 100 699999
51 12:17:51 200 697895
50 12:17:51 8 697895
52 12:18:07 6144 697890
53 12:20:09 12 697890
54 12:27:11 100 696001
57 12:29:11 6887 696002
56 12:29:11 25 696050
55 12:29:11 300 696100
58 12:29:23 3113 696002
59 12:29:25 1200 696000
60 12:29:30 250 695943
63 12:29:38 204 695930
62 12:29:38 700 695942
61 12:29:38 6750 695943