1 09:05:01 1706 658950
2 09:42:03 506 653518
6 09:42:29 1000 653500
5 09:42:29 3400 653509
4 09:42:29 200 653509
3 09:42:29 79 653518
8 09:42:35 10 653335
7 09:42:35 112 653335
10 09:42:55 9973 653500
9 09:42:55 24 653000
11 09:53:27 35 656890
12 10:17:27 100 655000
14 10:30:49 90 655000
13 10:30:49 10 655000
16 10:57:05 1412 655000
15 10:57:05 965 654999
19 11:17:39 967 653501
18 11:17:39 1566 653522
17 11:17:39 20 654010
20 11:18:08 5623 653501
21 11:18:37 2137 653501
22 11:18:49 2000 653501
23 11:19:01 5000 653501
24 11:19:16 5000 653501
26 11:19:35 10 653501
25 11:19:35 2055 653501
27 11:20:26 2935 653501
28 11:20:46 8 654500
34 11:36:00 5000 654800
33 11:36:00 10 654790
32 11:36:00 3000 654500
31 11:36:00 4992 654500
30 11:36:00 3588 654450
29 11:36:00 100 654449
35 11:36:37 300 655000
37 11:37:09 424 655000
36 11:37:09 8010 655000
41 11:40:43 185 656000
40 11:40:43 20 655799
39 11:40:43 10244 655799
38 11:40:43 24 655799
44 11:41:23 3294 656499
43 11:41:23 10 656300
42 11:41:23 5000 656300
46 12:05:13 1980 657000
45 12:05:13 20 656888
52 12:07:03 3996 658000
51 12:07:03 2308 658000
50 12:07:03 5000 657999
49 12:07:03 666 657999
48 12:07:03 3020 657000
47 12:07:03 10 656990
55 12:09:22 6336 658000
54 12:09:22 6654 658000
53 12:09:22 10 657990
56 12:10:04 10 657990
63 12:11:32 7958 658950
62 12:11:32 10000 658950
61 12:11:32 498 658947
60 12:11:32 75 658940
59 12:11:32 1272 658900
58 12:11:32 23 658900
57 12:11:32 174 658900
64 12:11:33 673 658000
65 12:11:42 9327 658000
66 12:13:20 2000 658940
72 12:21:02 1032 661165
71 12:21:02 112 661000
70 12:21:02 8 659498
69 12:21:02 79 658999
68 12:21:02 11523 658950
67 12:21:02 2246 658000