1 09:39:39 2000 669000
5 09:41:44 73 667300
4 09:41:44 800 667300
3 09:41:44 45 667301
2 09:41:44 82 667301
6 09:49:16 45 669000
7 09:57:26 73 669000
8 10:07:14 585 669000
10 10:14:05 2000 667602
9 10:14:05 3000 668000
11 10:15:26 34 673878
12 10:40:12 2228 668850
13 10:47:51 391 669000
15 10:49:35 1800 668000
14 10:49:35 200 668001
16 10:53:08 7705 669000
17 11:06:09 300 669000
18 11:08:28 500 669000
26 11:10:22 4915 672000
25 11:10:22 4748 671995
24 11:10:22 200 671994
23 11:10:22 100 671000
22 11:10:22 1588 670000
21 11:10:22 1000 670000
20 11:10:22 10 669999
19 11:10:22 48 669999
27 11:10:41 200 673000
28 11:10:55 2102 673000
29 11:11:08 800 673000
30 11:11:15 30 673000
31 11:13:44 1003 673000
32 11:14:59 1200 673000
36 11:15:16 5553 673873
35 11:15:16 500 673872
34 11:15:16 300 673871
33 11:15:16 703 673870
37 11:15:51 280 671000
43 11:16:01 2581 674000
42 11:16:01 500 673879
41 11:16:01 500 673876
40 11:16:01 43 673875
39 11:16:01 4447 673873
38 11:16:01 3410 673800
44 11:16:03 1000 674000
45 11:16:25 12519 674000
46 11:53:44 2898 672000
50 12:12:28 1000 674000
49 12:12:28 100 673900
48 12:12:28 1635 672300
47 12:12:28 1000 672000
51 12:15:15 1780 674000
52 12:16:23 19485 674000
53 12:19:00 20 673999
54 12:28:01 140 671006