1 09:12:27 23988 688109
3 09:15:33 4000 688250
2 09:15:33 1012 688251
6 09:17:37 14300 688200
5 09:17:37 700 688200
4 09:17:37 10000 688201
7 09:18:04 900 688210
8 09:18:06 300 688200
9 09:18:31 988 688200
12 09:26:44 1200 688320
11 09:26:44 292 688320
10 09:26:44 1000 688330
22 09:34:32 14875 691999
21 09:34:32 5125 691999
20 09:34:32 798 691999
19 09:34:32 3903 691900
18 09:34:32 3851 690998
17 09:34:32 1800 690997
16 09:34:32 4173 690000
15 09:34:32 4379 690000
14 09:34:32 471 690000
13 09:34:32 500 690000
24 09:37:09 11167 693000
23 09:37:09 10000 692000
25 09:40:20 1000 688707
26 09:46:04 500 692000
27 09:50:37 605 689910
30 10:04:39 835 690001
29 10:04:39 700 690010
28 10:04:39 167 690011
31 10:05:57 10 690000
32 10:07:16 1145 690000
34 10:27:00 413 689991
33 10:27:00 3 689992
35 10:29:45 1488 690000
40 10:33:34 3200 693000
39 10:33:34 21 693000
38 10:33:34 797 693000
37 10:33:34 2080 693000
36 10:33:34 170 692999
44 10:38:25 170 694000
43 10:38:25 170 694000
42 10:38:25 160 694000
41 10:38:25 142 694000
46 10:38:43 85 693000
45 10:38:43 113 693000
51 10:39:15 2000 695000
50 10:39:15 873 695000
49 10:39:15 10000 694999
48 10:39:15 58 694000
47 10:39:15 10208 693000
52 10:44:25 5792 690000
53 10:48:08 14 690000
57 11:02:17 2000 696000
56 11:02:17 1823 695999
55 11:02:17 3546 695998
54 11:02:17 2000 695000
58 11:02:52 1835 690400
59 11:03:32 13681 690400
65 11:16:12 16830 690021
64 11:16:12 5000 690041
63 11:16:12 3170 690060
62 11:16:12 21830 690060
61 11:16:12 3000 690080
60 11:16:12 170 690080
66 11:18:45 65 690021
68 11:33:43 8105 690004
67 11:33:43 15000 690005
69 11:35:02 2900 690000
70 11:36:36 15000 690500
71 11:36:51 10000 690500
72 11:45:24 25000 690004
73 11:45:39 6542 690003
76 11:52:59 22390 691500
75 11:52:59 1835 691499
74 11:52:59 775 691499
78 11:53:00 22390 692500
77 11:53:00 2610 691500
79 11:53:01 2610 692500
80 11:57:12 1542 690014
84 11:59:37 1428 690012
83 11:59:37 298 690025
82 11:59:37 2500 690025
81 11:59:37 774 690025
85 11:59:55 2000 690012
86 12:02:42 2 690013
87 12:02:52 598 690013
97 12:21:15 11382 693000
96 12:21:15 2000 692899
95 12:21:15 2000 692898
94 12:21:15 1000 692887
93 12:21:15 598 692887
92 12:21:15 1500 692880
91 12:21:15 1416 692867
90 12:21:15 1840 692867
89 12:21:15 776 692867
88 12:21:15 2488 692000
99 12:21:27 11382 693000
98 12:21:27 13618 693000
100 12:21:28 13618 693000
101 12:21:51 10 697000
106 12:28:13 100 695999
105 12:28:13 2000 695999
104 12:28:13 4000 695900
103 12:28:13 2200 695800
102 12:28:13 690 695000