1 09:01:35 73 680000
2 09:02:30 372 680500
3 09:03:39 1000 680411
4 09:03:45 1966 680990
6 09:04:45 9995 682000
5 09:04:45 2039 682000
7 09:05:12 500 680111
8 09:06:38 91 680435
9 09:07:54 7725 682000
10 09:09:07 1000 682000
11 09:10:17 1000 681701
12 09:14:38 277 682888
14 09:15:52 5184 682000
13 09:15:52 2000 682000
16 09:22:30 1616 682000
15 09:22:30 876 682000
17 09:27:06 2205 682000
18 09:29:42 15000 682000
19 09:30:44 150 682000
20 09:31:49 9850 682000
21 09:37:39 1443 681869
22 09:38:10 484 682000
23 09:39:39 1825 681869
24 09:43:32 2443 681903
25 09:45:39 502 682000
26 09:46:03 10230 682000
27 09:46:22 3770 682000
28 09:49:42 1180 681904
29 09:53:36 145 681905
30 10:00:48 4441 681908
31 10:05:59 2 681911
32 10:08:10 400 681911
34 10:08:18 4053 681910
33 10:08:18 8832 681911
35 10:12:09 1592 682490
36 10:12:24 4053 682490
39 10:12:36 1811 682500
38 10:12:36 1994 682500
37 10:12:36 18558 682500
40 10:13:02 2813 682490
42 10:13:16 439 682800
41 10:13:16 3875 682800
43 10:15:33 4987 682000
44 10:16:11 2359 682000
45 10:16:45 678 682000
46 10:20:32 8 682888
47 11:10:02 5734 681922
48 11:10:12 2488 681922
49 11:11:37 17500 682000
50 11:11:48 4590 682500
51 11:12:13 1778 681922
52 11:12:28 20 681922
53 11:12:51 10000 681921
54 11:13:07 8202 681921
55 11:21:18 197 681922
56 11:21:33 500 681922
57 11:21:42 500 681922
58 11:41:25 800 681926
60 11:52:09 2463 681926
59 11:52:09 200 681926
61 11:55:19 1000 681926
62 11:55:24 612 681926
63 11:56:27 673 681926
64 11:59:46 345 681926
65 12:03:51 3710 682000
66 12:04:29 1000 681921
67 12:04:37 5798 681921
68 12:04:51 377 681921
70 12:06:06 1556 681838
69 12:06:06 146 681907
71 12:07:45 5163 682000
72 12:10:50 10 682000
73 12:12:05 2548 682000
74 12:16:10 1120 681838
77 12:18:14 10676 680010
76 12:18:14 2000 681100
75 12:18:14 12324 681838
79 12:18:20 10 680000
78 12:18:20 4324 680010
82 12:18:30 3000 675000
81 12:18:30 3000 676000
80 12:18:30 679 676001
83 12:18:42 3127 675000
84 12:20:09 20 679997
85 12:25:35 117 676012
86 12:26:04 1000 676010
87 12:28:09 300 677000
88 12:28:19 750 677000
89 12:28:43 10 677000
90 12:29:02 100 677000
91 12:29:55 20 676001