3 09:32:07 402 668430
2 09:32:07 3076 668430
1 09:32:07 1325 668430
4 09:34:55 631 668300
5 09:40:26 1066 668300
9 09:41:26 13240 669970
8 09:41:26 178 669960
7 09:41:26 10 669960
6 09:41:26 1572 669960
10 09:50:42 1578 668431
11 09:51:12 818 668431
12 09:59:17 2200 669970
13 10:01:54 1680 669970
14 10:05:57 950 669970
16 10:41:19 212 668432
15 10:41:19 227 668433
17 10:50:14 3556 668432
19 11:02:38 552 668432
18 11:02:38 2000 668433
20 11:02:58 1000 668432
22 11:06:07 2680 669000
21 11:06:07 20170 669000
24 11:06:37 10 668433
23 11:06:37 1000 668433
25 11:07:22 1000 668433
26 11:07:35 7990 668433
28 11:09:22 4000 668433
27 11:09:22 1000 668433
29 11:11:29 3990 668433
30 11:12:33 6010 668433
31 11:23:11 5000 668430
32 11:37:45 4000 668500
33 11:42:28 2003 668500
36 11:45:46 2278 667911
35 11:45:46 2608 667912
34 11:45:46 4680 667913
38 12:03:05 350 668000
37 12:03:05 100 668001
39 12:03:43 100 668000
40 12:05:45 216 668000
41 12:09:41 25 668000
42 12:20:35 927 668000
43 12:25:26 300 668002