1 09:07:24 406 675000
2 09:17:38 624 675000
3 09:17:42 666 675000
4 09:22:38 661 680000
5 09:22:46 661 680000
6 09:22:54 661 680000
7 09:23:02 661 680000
8 09:23:10 622 680000
9 09:23:18 661 680000
11 09:23:25 59 670000
10 09:23:25 4377 680000
12 09:23:51 750 670000
13 09:24:06 155 670000
14 09:24:23 5159 670000
15 09:47:31 200 673000
16 09:49:35 500 671500
23 09:51:14 1136 668000
22 09:51:14 650 670000
21 09:51:14 10 670000
20 09:51:14 50 670100
19 09:51:14 643 671017
18 09:51:14 190 671018
17 09:51:14 296 671018
24 10:02:31 10000 670000
25 10:02:40 220 670000
26 10:02:44 864 670000
27 10:03:15 90 670000
28 10:05:18 832 670000
29 10:05:55 575 670000
30 10:17:39 671 670000
31 10:18:16 4302 671998
34 10:19:17 3872 670000
33 10:19:17 950 670001
32 10:19:17 178 670002
35 10:19:32 2000 670000
36 10:19:35 2000 670000
37 10:27:01 164 670000
38 10:29:50 2000 671900
40 10:33:40 10113 670000
39 10:33:40 200 670001
41 10:37:24 1643 668601
47 10:51:22 758 672000
46 10:51:22 300 672000
45 10:51:22 1000 671998
44 10:51:22 220 671997
43 10:51:22 832 671997
42 10:51:22 750 671997
48 10:57:02 3 670010
50 11:47:39 105 670500
49 11:47:39 20 670510
51 11:47:50 5000 669026
55 12:00:17 3854 669010
54 12:00:17 300 669025
53 12:00:17 10 669100
52 12:00:17 208 669101
56 12:00:52 1726 669010
57 12:08:42 2000 669011
58 12:08:52 2000 669010
59 12:09:06 1156 669010
60 12:10:17 155 669010
61 12:13:41 1109 669010
63 12:20:58 10 668000
62 12:20:58 10 668010
66 12:27:10 300 667000
65 12:27:10 500 667020
64 12:27:10 10 667100
67 12:27:28 90 666222
72 12:27:39 1662 670000
71 12:27:39 1980 669000
70 12:27:39 2000 669000
69 12:27:39 4000 668000
68 12:27:39 3855 668000
73 12:27:57 3 670000
74 12:27:58 451 670000
75 12:28:06 671 670000
76 12:28:14 671 670000