1 09:11:51 59 678013
2 09:18:36 1857 678037
3 09:23:11 22 678999
4 09:24:52 548 677782
5 09:30:46 407 678010
6 09:31:33 5000 678012
7 09:32:43 750 678700
8 09:33:14 20 678030
9 09:33:21 1833 678030
10 09:33:58 703 678501
11 09:33:58 10 678500
12 09:34:07 61 678500
13 09:34:07 1939 678700
14 09:41:36 10 678500
15 09:41:44 571 678500
17 09:42:25 546 678500
16 09:42:25 1373 678500
18 09:44:16 4485 678206
19 09:45:36 5000 678490
21 09:45:39 12202 678500
20 09:45:39 10000 678490
22 09:46:30 499 678700
23 09:46:50 6 678800
25 09:47:17 2000 678800
24 09:47:17 436 678800
26 09:47:33 2000 678900
27 09:50:06 4395 678423
28 10:01:08 5250 678440
29 10:04:21 8835 678440
30 10:08:25 2599 678440
31 10:09:04 10708 678440
32 10:09:26 16378 678500
33 10:09:53 25000 678501
34 10:12:05 25000 678501
35 10:12:36 12302 678501
36 10:13:13 6789 678501
37 10:13:41 367 678501
38 10:19:37 8719 678440
40 10:21:15 13719 678439
39 10:21:15 1281 678440
41 10:22:05 3004 678301
42 10:25:46 150 678302
43 10:26:11 2903 678500
45 10:33:06 12014 678460
44 10:33:06 7097 678461
46 10:37:50 481 678301
47 10:40:44 4000 678301
48 10:42:22 10000 678301
50 10:42:45 9998 678301
49 10:42:45 2 678501
51 10:45:48 5002 678450
52 10:46:46 4942 678303
53 10:51:28 4998 678450
54 10:53:45 1000 678800
55 10:54:22 11622 678989
56 10:54:49 4000 678990
58 10:54:52 500 678990
57 10:54:52 507 678990
60 10:55:08 860 678999
59 10:55:08 700 678999
61 10:55:22 4262 679000
63 10:55:33 1549 679000
62 10:55:33 10 679977
64 11:01:59 9677 678400
65 11:14:33 930 678421
66 11:16:53 959 678482
67 11:19:58 4000 678501
68 11:23:17 1000 678501
69 11:24:18 780 678482
70 11:24:21 3303 678482
71 11:26:11 300 678492
73 11:26:18 1744 678494
72 11:26:18 3000 678495
74 11:32:48 7957 678500
75 11:33:32 851 678436
77 11:35:33 2699 678500
76 11:35:33 14 678500
78 11:51:03 10 678900
79 11:56:30 10 678488
80 12:00:14 875 678488
81 12:10:32 4000 678488
82 12:10:56 13441 678800
83 12:11:36 9990 678900
84 12:12:44 2046 678488
85 12:24:18 3883 678512