2 09:00:03 665 660000
1 09:00:03 835 660000
3 09:00:11 40 660000
4 09:19:56 11 663500
5 09:20:01 93 663500
6 09:22:44 500 662000
7 09:26:07 10 661500
8 09:26:12 190 661500
10 09:28:56 310 661500
9 09:28:56 100 661501
11 09:31:02 1000 661500
12 09:32:09 3546 661500
14 09:32:34 200 661700
13 09:32:34 600 661600
15 09:49:11 117 662000
20 09:57:17 424 665900
19 09:57:17 604 665900
18 09:57:17 2000 665900
17 09:57:17 510 665900
16 09:57:17 22 665899
21 10:01:24 1000 665899
26 10:09:01 3922 665900
25 10:09:01 5000 665899
24 10:09:01 662 665898
23 10:09:01 162 665897
22 10:09:01 30 665897
27 10:15:22 610 666000
28 10:17:22 238 666399
31 10:17:23 5338 662301
30 10:17:23 192 662302
29 10:17:23 8 663000
33 10:18:25 38 666400
32 10:18:25 192 666399
34 10:28:15 3000 662400
35 10:28:17 10000 662400
36 10:29:18 1800 662400
38 10:29:40 375 662400
37 10:29:40 400 662400
39 10:29:59 1879 662400
42 10:38:56 5000 663000
41 10:38:56 2000 663001
40 10:38:56 200 663002
43 10:39:37 8048 663000
45 10:49:27 1000 665900
44 10:49:27 200 665899
51 11:18:41 142 666000
50 11:18:41 10048 666000
49 11:18:41 29 665999
48 11:18:41 159 665999
47 11:18:41 850 665999
46 11:18:41 60 665998
52 11:33:27 10000 666000
53 11:35:04 1288 666000
53 11:35:04 1288 666000
56 11:45:22 1167 666400
55 11:45:22 795 666399
54 11:45:22 38 666398
57 11:46:13 200 666400
58 11:50:33 200 666400
58 11:50:33 200 666400
60 11:50:52 395 666400
59 11:50:52 43 666399
61 11:51:00 62 666400
64 11:59:06 1500 665011
63 11:59:06 3000 665020
62 11:59:06 500 665200
65 11:59:22 720 665011
66 12:03:30 1759 665011
67 12:22:20 100 665000
68 12:26:39 601 664490
69 12:27:13 1399 664489
70 12:27:54 340 664489
71 12:28:16 760 664489