1 09:00:05 900 666711
2 09:04:40 8 672998
4 09:06:18 2700 666739
3 09:06:18 198 666742
5 09:06:30 8 672998
6 09:07:21 3100 666739
7 09:07:40 8 672998
13 09:11:01 1501 664296
12 09:11:01 2001 664296
11 09:11:01 501 664296
10 09:11:01 67 666700
9 09:11:01 619 666730
8 09:11:01 200 666731
16 09:13:12 2000 666701
15 09:13:12 1000 666701
14 09:13:12 46 666702
17 09:13:18 957 666700
21 09:15:23 4043 666700
20 09:15:23 186 666701
19 09:15:23 500 666701
18 09:15:23 11 666731
22 09:45:50 23 671897
23 09:47:02 72 671897
24 09:48:08 44 671897
29 09:59:27 10 666700
28 09:59:27 168 666700
27 09:59:27 131 666711
26 09:59:27 1008 666719
25 09:59:27 100 666720
30 10:01:09 8 671800
35 10:04:25 5000 666000
34 10:04:25 2000 666001
33 10:04:25 1007 666009
32 10:04:25 3700 666011
31 10:04:25 217 666012
36 10:04:37 8 671799
37 10:15:27 10 667000
38 10:15:28 1359 667000
43 10:23:48 188 666000
42 10:23:48 2000 666002
41 10:23:48 182 666003
40 10:23:48 3000 666012
39 10:23:48 3630 666016
49 10:47:55 520 666000
48 10:47:55 4812 666000
47 10:47:55 3000 666001
46 10:47:55 200 666001
45 10:47:55 10 666011
44 10:47:55 70 666011
51 10:51:47 790 666000
50 10:51:47 10 666010
51 10:51:47 790 666000
50 10:51:47 10 666010
53 10:53:29 441 666001
52 10:53:29 10 666010
55 10:57:18 1421 666001
54 10:57:18 10 666010
56 10:57:49 500 666001
57 11:37:50 5151 666899
62 11:58:20 21 666314
61 11:58:20 1200 666317
60 11:58:20 10 666900
59 11:58:20 169 666900
58 11:58:20 100 667000
64 12:19:53 40 666314
63 12:19:53 30 666315
65 12:19:57 2080 668000
66 12:20:03 30 666314
68 12:22:39 441 666312
67 12:22:39 309 666314