1 09:29:23 56 695610
2 10:06:25 200 696000
3 10:07:28 260 695830
4 10:17:21 50 700000
9 10:17:53 2000 707799
8 10:17:53 2687 702000
7 10:17:53 200 701990
6 10:17:53 56 701990
5 10:17:53 4950 700000
15 11:20:56 4650 705750
14 11:20:56 7000 705749
13 11:20:56 881 703999
12 11:20:56 1000 703999
11 11:20:56 438 703000
10 11:20:56 300 703000
16 11:23:35 872 697000
17 11:29:43 511 698001
18 11:42:53 287 698001
19 11:43:13 100 700000
20 11:43:25 217 700000
21 11:43:51 100 700000
22 11:44:37 500 700000
23 11:44:47 200 700000
24 11:44:57 200 700000
25 11:45:21 50 700000
27 11:45:40 67 700000
26 11:45:40 33 700000
28 11:45:49 400 700000
29 11:46:23 1000 700000
30 11:47:01 1000 700000
32 11:47:05 2000 700000
31 11:47:05 2039 700000
36 11:54:05 400 700000
35 11:54:05 1000 700000
34 11:54:05 500 700000
33 11:54:05 1000 700000
37 11:56:20 100 700000
41 12:06:48 761 700000
40 12:06:48 400 700000
39 12:06:48 400 700000
38 12:06:48 30 700100
44 12:06:58 500 700000
43 12:06:58 1000 700000
42 12:06:58 39 700000
45 12:07:39 9025 700000
47 12:19:00 120 700000
46 12:19:00 1000 700000
52 12:20:17 20 700000
51 12:20:17 1000 700000
50 12:20:17 500 700000
49 12:20:17 100 700000
48 12:20:17 380 700000
54 12:21:59 20 700000
53 12:21:59 980 700000
55 12:23:50 25000 700164
56 12:23:52 25000 700164
58 12:25:54 280 700000
57 12:25:54 280 700000
59 12:28:19 300 700000
60 12:28:48 40 700000