1 09:12:52 198 671961
2 09:24:18 9 669000
3 09:50:40 6851 668000
4 10:03:51 7 667712
5 10:05:32 572 668000
8 10:12:01 18853 668000
7 10:12:01 200 668001
6 10:12:01 300 668002
9 10:24:02 759 669000
11 10:26:49 247 668002
10 10:26:49 200 668003
15 10:46:15 1182 668002
14 10:46:15 445 668003
13 10:46:15 8 668004
12 10:46:15 8 668004
16 11:02:34 952 668004
18 11:42:58 4405 668100
17 11:42:58 10 668110
19 11:44:30 1133 668400
20 11:54:22 500 668100
21 11:58:02 4367 668100
22 11:58:17 500 668100
23 11:58:41 170 668100
24 12:05:30 1000 668100
25 12:11:57 8850 668100
27 12:12:14 992 668100
26 12:12:14 5208 668100
28 12:14:52 1500 668100
30 12:20:27 990 668101
29 12:20:27 10 668110
32 12:22:55 1337 668100
31 12:22:55 10 668101
33 12:23:32 2 668100
34 12:23:39 1000 668100
35 12:23:58 744 668100
36 12:23:59 812 668100
43 12:27:54 1500 669000
42 12:27:54 1000 669000
41 12:27:54 1000 669000
40 12:27:54 1000 669000
39 12:27:54 300 669000
38 12:27:54 10 669000
37 12:27:54 1000 668004