2 09:26:53 2048 667403
1 09:26:53 224 667403
5 09:34:20 2402 667103
4 09:34:20 75 667113
3 09:34:20 100 667113
6 09:34:21 6165 667103
7 10:04:41 2446 669000
9 10:17:15 899 667501
8 10:17:15 10 667716
10 10:25:06 224 669000
16 10:26:02 404 667226
15 10:26:02 11 667500
14 10:26:02 10 667501
13 10:26:02 1761 667501
12 10:26:02 75 667502
11 10:26:02 224 667502
17 10:27:12 224 669000
18 10:43:44 2625 669000
19 10:45:11 75 669000
20 10:53:42 1000 668000
23 11:08:29 449 668000
22 11:08:29 1596 668001
21 11:08:29 150 668002
24 11:09:03 2 669967
25 11:12:45 8 669967
27 11:22:02 431 668001
26 11:22:02 10 668001
28 11:23:31 7 669966
29 11:45:45 330 669000
30 11:48:36 1623 669000
31 11:58:04 10869 669000
32 12:11:04 4000 669000
33 12:17:49 747 669364
36 12:20:11 10 669499
35 12:20:11 247 669363
34 12:20:11 300 669200
38 12:29:04 34 668004
37 12:29:04 10 668010
39 12:29:54 20 669789