2 09:00:04 8 662733
1 09:00:04 2370 662733
4 09:05:49 1 662733
3 09:05:49 7 662733
5 09:14:42 76 662733
6 09:15:12 203 662733
7 09:18:55 247 663000
8 09:30:55 107 663000
12 09:40:06 2513 665000
11 09:40:06 1000 664999
10 09:40:06 457 664000
9 09:40:06 13 663000
14 09:40:12 1000 665989
13 09:40:12 497 665989
16 09:40:28 21000 666000
15 09:40:28 4000 665990
19 09:40:35 27 666000
18 09:40:35 6622 666000
17 09:40:35 4000 666000
20 09:41:30 8 665999
21 09:51:22 200 666998
22 09:51:36 370 666999
23 09:52:09 2993 667000
24 09:55:28 25 668000
25 10:03:07 1325 668000
26 10:10:50 20 668000
27 10:13:13 1500 668000
28 10:28:13 1450 668000
29 10:39:33 1314 668000
30 10:50:27 3123 668000
31 10:52:30 4661 668000
33 10:58:56 8 668000
32 10:58:56 8019 668000
34 10:59:25 8 667999
35 11:00:53 1098 668000
36 11:04:24 17000 668001
37 11:05:05 400 668001
38 11:06:41 3190 668001
39 11:09:08 3312 668001
42 11:09:21 200 663218
41 11:09:21 154 663219
40 11:09:21 20 663670
43 11:10:49 5504 663000
44 11:11:41 3013 663000
45 11:11:54 4509 663000
46 11:43:47 154 666390
47 11:44:01 172 666390
48 11:53:09 1017 664834
49 11:53:21 2530 664834
52 12:05:40 3041 664833
51 12:05:40 2453 664834
50 12:05:40 10 664840
53 12:09:14 3000 664833
54 12:09:24 500 664833
57 12:24:13 630 664833
56 12:24:13 200 664833
55 12:24:13 75 664850
58 12:27:54 1507 664001
59 12:28:46 2 664001