2 09:07:53 454 666003
1 09:07:53 98 666004
6 09:15:23 360 666000
5 09:15:23 750 666003
4 09:15:23 46 666003
3 09:15:23 300 666004
8 09:22:13 874 666001
7 09:22:13 10 666010
10 09:25:28 9143 668000
9 09:25:28 199 668000
11 09:27:13 765 668001
12 09:27:34 500 668001
13 09:27:55 834 668001
18 09:29:18 3000 668890
17 09:29:18 10 668500
16 09:29:18 907 668001
15 09:29:18 666 668001
14 09:29:18 12847 668000
20 09:29:28 5506 669999
19 09:29:28 8700 669980
21 09:32:29 20 669989
22 10:12:16 416 666556
23 10:24:42 1000 668000
24 10:50:45 8102 668500
25 10:51:06 1961 668500
26 10:51:19 416 668500
27 10:53:13 10000 669000
28 10:55:08 2462 668500
29 10:56:15 7547 668000
31 10:56:42 355 666726
30 10:56:42 26 666726
32 11:01:58 10000 668900
33 11:13:13 10 668900
37 11:21:53 2222 668999
36 11:21:53 1800 668998
35 11:21:53 3273 668990
34 11:21:53 355 668989
39 11:32:43 1361 667000
38 11:32:43 100 667001
40 11:32:48 4030 668999
46 11:44:31 3000 669000
45 11:44:31 200 669000
44 11:44:31 1263 668999
43 11:44:31 20 668999
42 11:44:31 1131 668999
41 11:44:31 457 668998
47 11:44:52 2128 669000
48 11:45:40 45 669000
49 11:46:07 246 669000
50 11:46:59 4139 667110
51 11:47:01 20615 667110
52 11:47:16 1633 667100
53 11:54:23 3186 667500
54 12:09:14 5820 667500
56 12:13:21 2000 667103
55 12:13:21 1000 667103
57 12:18:57 10000 667103
58 12:26:10 750 668889