2 09:38:17 223 664000
1 09:38:17 200 663999
4 09:53:03 2270 663999
3 09:53:03 65 663998
4 09:53:03 2270 663999
3 09:53:03 65 663998
5 09:53:22 177 664000
6 09:54:59 388 664000
7 11:00:52 20 663999
9 11:06:43 157 663999
8 11:06:43 7 663999
10 11:14:59 100 661001
11 11:15:41 160 661000
12 11:15:53 248 661000
13 11:22:59 5000 661002
15 11:35:17 592 661000
14 11:35:17 20 661100
16 11:36:23 1984 661000
17 11:38:59 100 661000
18 11:41:11 100 661000
19 11:42:08 100 661000
24 11:44:13 6557 660000
23 11:44:13 5000 660300
22 11:44:13 20 660310
21 11:44:13 5000 660311
20 11:44:13 223 660312
25 11:44:32 3253 661000
26 11:52:19 10 661000
27 11:57:16 82 661000
28 12:01:40 2292 660049
29 12:10:07 6030 661000
30 12:12:31 8 661000
31 12:13:00 43 661000
34 12:13:12 12413 660060
33 12:13:12 1700 660070
32 12:13:12 20 660100
38 12:15:02 1704 661000
37 12:15:02 4200 661000
36 12:15:02 580 661000
35 12:15:02 514 661000
39 12:16:56 2664 660201
41 12:19:32 3084 663333
40 12:19:32 50 663100
42 12:23:54 3506 662000
43 12:25:26 315 660513
44 12:25:40 250 663498
51 12:27:09 451 664000
50 12:27:09 220 664000
49 12:27:09 5000 663900
48 12:27:09 320 663500
47 12:27:09 516 663499
46 12:27:09 10 663498
45 12:27:09 66 663498
52 12:29:08 396 660667
53 12:30:00 604 660667