2 09:21:25 62 646000
1 09:21:25 10 646000
3 09:30:16 10000 650000
4 09:40:25 500 650000
5 09:44:26 5000 650000
7 09:48:47 5000 650000
6 09:48:47 1916 650000
8 09:49:04 500 650000
9 09:53:34 17 650000
10 09:59:12 2000 650000
12 10:35:46 7933 650000
11 10:35:46 67 650000
13 10:41:29 2523 650000
14 10:49:10 5 650000
15 10:56:40 10 650000
16 10:56:46 1753 650000
17 10:57:24 1716 650000
20 10:58:11 9036 651000
19 10:58:11 20 650999
18 10:58:11 450 650999
21 11:26:04 50 651999
22 11:27:08 50 651999
23 11:27:13 40 651999
30 12:07:53 2592 655000
29 12:07:53 1000 654800
28 12:07:53 5000 654000
27 12:07:53 310 653899
26 12:07:53 998 653899
25 12:07:53 50 652000
24 12:07:53 50 651999
33 12:17:25 2020 655000
32 12:17:25 980 654995
31 12:17:25 2000 654990
38 12:26:14 554 650001
37 12:26:14 200 650005
36 12:26:14 53 650007
35 12:26:14 53 650008
34 12:26:14 307 654979
40 12:26:20 5466 650000
39 12:26:20 4534 650001