1 09:42:30 5025 682068
3 09:42:53 8480 682068
2 09:42:53 10000 682068
4 09:58:44 1977 682068
6 09:58:57 3493 683400
5 09:58:57 29 683400
9 10:12:13 1693 683500
8 10:12:13 3000 683400
7 10:12:13 1000 683390
10 10:35:08 2330 682503
11 10:35:29 420 682502
12 10:35:41 2000 682500
13 10:36:04 5217 682310
14 10:40:33 1661 682313
15 10:42:09 30 683490
18 10:42:30 3667 682310
17 10:42:30 339 682313
16 10:42:30 430 682320
19 10:44:09 15 683490
20 10:46:00 20 683490
21 10:50:20 749 682311
22 10:54:52 1500 682311
23 11:03:23 40 683490
24 11:16:52 934 682502
25 11:17:15 934 682502
26 11:18:32 778 683490
27 11:18:43 1401 682502
28 11:19:04 1842 682504
31 11:22:37 1277 682604
30 11:22:37 8 682606
29 11:22:37 100 682606
36 11:44:25 15000 683500
35 11:44:25 1976 683500
34 11:44:25 300 683490
33 11:44:25 117 683490
32 11:44:25 3000 683400
37 11:45:04 8 683600
38 12:04:40 100 682610
42 12:06:19 7502 682600
41 12:06:19 16116 682608
40 12:06:19 8 682610
39 12:06:19 1374 682610
43 12:08:38 372 682551
44 12:10:08 1100 682551
45 12:11:12 158 682551
46 12:11:18 7000 682551
47 12:12:37 25000 683000
48 12:18:43 3074 682556
49 12:20:12 100 682556
55 12:21:33 2059 685000
54 12:21:33 992 683600
53 12:21:33 1000 683599
52 12:21:33 8 683590
51 12:21:33 1000 683590
50 12:21:33 100 683500