1 09:00:05 1795 669900
2 09:08:55 1769 669500
4 09:12:35 1990 669000
3 09:12:35 10 669000
6 09:15:24 26 669000
5 09:15:24 10 669000
7 09:15:34 1964 669000
8 09:18:45 10 669000
9 09:19:12 1000 668504
10 09:20:20 2000 668800
11 09:20:35 3990 669000
12 09:21:41 6351 668001
13 09:22:40 2000 668800
14 09:25:10 2000 668800
15 09:26:17 3000 668800
16 09:27:10 436 669000
17 09:30:12 18 669000
19 09:56:21 585 672499
18 09:56:21 376 672000
24 09:56:27 3990 672800
23 09:56:27 3614 672800
22 09:56:27 600 672699
21 09:56:27 2550 672699
20 09:56:27 2198 672500
27 09:56:34 9 673000
26 09:56:34 1500 673000
25 09:56:34 9000 672999
28 10:02:06 7658 673000
29 10:02:13 18 673000
30 10:11:53 550 672501
31 10:13:37 10 672501
32 10:14:37 529 672501
33 10:14:54 100 672501
34 10:15:09 370 672501
35 10:18:41 270 672501
36 10:18:44 4783 672501
37 10:22:46 2449 672501
38 10:26:03 100 672501
39 10:26:43 1200 672501
40 10:30:56 50 672501
41 10:40:03 10 672501
42 10:42:41 10 673000
43 10:42:44 1500 672701
44 11:00:17 961 672501
45 11:20:57 2195 672501
47 11:21:07 500 672500
46 11:21:07 2247 672501
52 11:49:42 1168 669000
51 11:49:42 16 669000
50 11:49:42 282 669001
49 11:49:42 10 669100
48 11:49:42 24 669100
54 11:52:58 15303 670000
53 11:52:58 9697 670000
56 11:52:59 6136 670000
55 11:52:59 9697 670000
58 12:20:44 7053 669002
57 12:20:44 200 669002
60 12:26:40 9800 669002
59 12:26:40 200 669003