1 09:01:44 290 704000
3 09:02:59 3500 703500
2 09:02:59 3210 704000
4 09:07:18 2182 703500
4 09:07:18 2182 703500
5 09:13:44 10 703500
5 09:13:44 10 703500
7 09:15:36 192 703000
6 09:15:36 1308 703500
7 09:15:36 192 703000
6 09:15:36 1308 703500
8 09:18:49 2349 703500
8 09:18:49 2349 703500
9 09:19:25 829 703500
9 09:19:25 829 703500
13 09:25:25 1970 703600
12 09:25:25 1000 703607
11 09:25:25 500 703625
10 09:25:25 900 703628
14 09:32:03 1 703603
16 09:37:33 371 703600
15 09:37:33 3 703603
17 09:49:48 1592 704000
18 09:53:16 1375 704000
21 09:56:38 784 705000
20 09:56:38 4006 704999
19 09:56:38 1174 704500
22 10:28:53 10 703800
23 10:29:38 3090 703800
27 10:36:47 20498 705000
26 10:36:47 1998 705000
25 10:36:47 1743 704999
24 10:36:47 761 704990
28 10:36:50 4502 705000
29 10:41:48 10 704100
31 10:42:02 20610 704000
30 10:42:02 4390 704100
33 10:43:25 4390 704000
32 10:43:25 4500 704100
34 10:44:21 4500 704000
35 10:44:23 2614 703923
37 10:49:30 5000 704080
36 10:49:30 30 704100
40 10:53:12 5933 704500
39 10:53:12 5000 704503
38 10:53:12 5000 704503
42 10:54:51 502 704503
41 10:54:51 5000 704503
45 10:54:55 1435 704500
44 10:54:55 19067 704500
43 10:54:55 4498 704503
46 10:55:01 3000 704500
49 11:00:11 2839 704500
48 11:00:11 5000 704503
47 11:00:11 5000 704503
50 11:07:37 6600 704701
51 11:14:09 18400 704761
52 11:14:29 6600 704761
53 11:15:56 1533 704762
55 11:50:53 7274 705100
54 11:50:53 17726 705101
56 11:59:20 288 704810
59 12:08:04 8 705100
58 12:08:04 1 705100
57 12:08:04 19712 705100
60 12:08:13 500 705000
61 12:08:23 404 705000
62 12:10:00 1 704933
63 12:11:14 2953 704934
64 12:18:09 2500 704955
65 12:18:13 2000 704955
66 12:18:17 2000 704955
67 12:18:19 2000 704955
68 12:18:22 2000 704955
69 12:18:25 2000 704955
70 12:18:29 665 704955
71 12:20:21 1335 704955
72 12:20:35 2000 704955
73 12:20:38 5000 704955
75 12:20:46 1756 704955
74 12:20:46 3244 704955
76 12:20:56 2000 704955
77 12:21:01 781 704955
80 12:25:31 21781 704951
79 12:25:31 2000 704955
78 12:25:31 1219 704955
82 12:25:36 2500 704950
81 12:25:36 266 704951
83 12:25:49 2000 704950
84 12:25:57 513 704950
85 12:28:40 2000 704935