2 09:00:04 26 666155
1 09:00:04 450 666155
3 09:09:14 26 670002
6 09:32:24 1350 670117
5 09:32:24 501 670117
4 09:32:24 166 670118
7 09:34:25 500 672999
13 09:39:58 3214 666160
12 09:39:58 2001 666161
11 09:39:58 1501 666161
10 09:39:58 501 666161
9 09:39:58 98 670113
8 09:39:58 40 670116
13 09:39:58 3214 666160
12 09:39:58 2001 666161
11 09:39:58 1501 666161
10 09:39:58 501 666161
9 09:39:58 98 670113
8 09:39:58 40 670116
14 09:40:46 8 672999
15 09:48:24 143 672989
16 09:53:08 20 672989
18 10:03:02 1000 671000
17 10:03:02 40 671100
20 10:09:50 140 670118
19 10:09:50 60 671000
21 10:09:55 800 670117
22 10:19:55 100 671000
29 10:29:01 2276 670110
28 10:29:01 1000 670210
27 10:29:01 151 670211
26 10:29:01 111 670300
25 10:29:01 12 670301
24 10:29:01 10 670798
23 10:29:01 105 670799
31 11:03:55 556 670555
30 11:03:55 100 670555
33 11:24:44 688 670120
32 11:24:44 7944 670121
34 11:28:38 2431 671000
39 11:43:34 875 671000
38 11:43:34 823 671000
37 11:43:34 337 671000
36 11:43:34 2755 671000
35 11:43:34 5474 671000
40 11:43:43 2305 671000
41 12:27:01 3000 670200
42 12:28:36 695 670999