1 09:19:59 92 672500
2 09:55:27 75 675000
3 09:56:33 4925 675000
5 10:19:42 183 673000
4 10:19:42 6000 673000
6 10:28:52 3000 672600
14 10:55:58 1520 672600
13 10:55:58 46 672600
12 10:55:58 94 672600
11 10:55:58 22 672600
10 10:55:58 71 672600
9 10:55:58 81 672600
8 10:55:58 76 672600
7 10:55:58 90 672600
16 11:03:40 4300 672600
15 11:03:40 1480 672600
20 11:03:55 1501 671620
19 11:03:55 2001 671620
18 11:03:55 501 671620
17 11:03:55 125 672501
21 11:04:44 1984 671620
22 11:09:00 8840 672600
23 11:10:34 692 672000
24 11:12:43 9308 672000
25 11:15:16 102 673000
26 11:19:57 847 672900
27 11:20:39 2411 672900
28 11:26:31 10000 672000
29 11:33:21 4400 672500
32 11:33:29 3385 672900
31 11:33:29 701 672899
30 11:33:29 5800 672500
33 11:35:06 1273 672900
33 11:35:06 1273 672900
35 11:49:01 193 672002
34 11:49:01 40 672003
36 11:51:03 61 672002
37 11:54:49 1776 672000
40 11:57:23 1265 671752
39 11:57:23 701 671753
38 11:57:23 10 671753
41 11:58:40 8 672000
42 11:59:06 4950 672000
43 11:59:23 712 672000
45 12:03:46 914 671752
44 12:03:46 401 671753
47 12:08:28 7276 672850
46 12:08:28 2554 672000
48 12:10:31 2234 672800
51 12:17:10 20954 671765
50 12:17:10 821 671765
49 12:17:10 991 671766
53 12:19:39 86 671765
52 12:19:39 339 671765
54 12:19:40 874 671765
55 12:27:26 3000 671760
56 12:28:47 20 671752
56 12:28:47 20 671752
61 12:29:55 2070 670820
60 12:29:55 635 670820
59 12:29:55 16934 670820
58 12:29:55 20 670850
57 12:29:55 110 671000