1 09:03:48 1491 670000
2 09:04:04 1491 670000
3 09:04:13 935 670000
4 09:26:26 1000 668000
9 09:30:52 341 672900
8 09:30:52 1000 672899
7 09:30:52 3902 672890
6 09:30:52 152 672888
5 09:30:52 105 672405
10 09:31:27 100 672900
11 09:33:31 2200 672900
12 09:33:43 50 672900
14 09:52:18 41 672900
13 09:52:18 221 672900
16 10:03:52 801 672900
15 10:03:52 297 672901
17 10:09:42 56 674000
18 10:12:14 4000 673900
19 10:13:55 44 674000
20 10:24:03 127 672901
21 11:03:21 20 672904
22 11:05:25 200 674000
25 11:07:36 3253 672902
24 11:07:36 2013 672904
23 11:07:36 200 674000
26 11:07:52 5347 672902
31 11:08:11 18 675000
30 11:08:11 2400 674930
29 11:08:11 3000 674929
28 11:08:11 40 674290
27 11:08:11 4653 672900
32 11:09:22 10 672702
34 11:12:21 10000 674000
33 11:12:21 225 672702
35 11:46:23 10 672086
38 12:22:03 3555 674000
37 12:22:03 1000 673999
36 12:22:03 800 673500
39 12:23:18 500 673000
40 12:24:13 206 673000
42 12:25:07 1000 674000
41 12:25:07 117 673999
43 12:26:24 94 673000
44 12:26:24 1512 673000