1 09:23:22 1637 674001
4 09:30:32 26 674000
3 09:30:32 60 674000
2 09:30:32 14 674000
5 09:35:26 2000 674000
7 09:42:22 1480 674000
6 09:42:22 520 674000
8 09:43:44 1140 674000
9 09:51:03 10 675000
11 09:51:45 1174 673439
10 09:51:45 237 674000
12 09:57:16 952 674000
13 10:02:33 44 674000
14 10:05:38 806 674000
15 10:27:25 1000 673888
16 10:30:14 500 673777
17 10:37:53 500 673777
18 10:39:04 1000 674000
25 10:46:20 319 675000
24 10:46:20 5000 675000
23 10:46:20 5168 675000
22 10:46:20 6085 675000
21 10:46:20 1729 674999
20 10:46:20 16 674555
19 10:46:20 606 674555
27 11:07:39 10 674000
26 11:07:39 5000 674000
28 11:08:37 9990 674000
29 11:10:36 10 674950
30 11:17:17 600 674500
31 11:17:38 200 674500
32 11:18:25 540 674500
33 11:25:59 500 674950
34 11:27:26 500 674950
35 11:28:09 200 674950
36 11:42:10 176 674150
37 11:47:51 1000 674150
38 11:48:22 873 674150
42 12:01:26 3163 675000
41 12:01:26 700 674950
40 12:01:26 10 674950
39 12:01:26 4778 674950
51 12:09:02 2619 675100
50 12:09:02 10381 675100
49 12:09:02 14619 675100
48 12:09:02 20 675100
47 12:09:02 1127 675100
46 12:09:02 7000 675099
45 12:09:02 1314 675090
44 12:09:02 20 675090
43 12:09:02 900 675089
52 12:11:59 11000 675100
53 12:22:50 10 674500
58 12:24:16 2079 675100
57 12:24:16 11381 675100
56 12:24:16 10 675099
55 12:24:16 500 675099
54 12:24:16 30 675099
59 12:24:53 1479 675100
61 12:28:16 10 675100
60 12:28:16 17442 675100
63 12:29:23 10690 674500
62 12:29:23 7548 675100