1 09:01:47 267 676999
2 09:02:43 735 676995
3 09:35:21 220 674100
5 09:48:20 115 675000
4 09:48:20 540 674822
6 09:49:54 1816 674201
7 09:50:48 100 674201
8 09:57:02 8 674555
12 09:58:51 2 676399
11 09:58:51 256 674211
10 09:58:51 1000 674220
9 09:58:51 25 674250
13 10:00:08 2 676198
14 10:00:37 2952 674444
15 10:01:49 20 674444
16 10:02:12 11 674444
17 10:08:59 2197 674555
18 10:12:33 1308 675001
19 10:12:58 1000 675001
20 10:14:55 2651 675001
21 10:16:33 1815 675001
24 10:35:10 995 675000
23 10:35:10 1 675000
22 10:35:10 496 675000
25 10:37:29 2221 674511
26 10:38:42 2341 674511
28 10:39:25 1046 674500
27 10:39:25 1000 674510
29 10:41:49 2462 674511
30 10:44:54 5538 674511
31 10:46:15 2732 674511
32 10:53:08 975 675555
33 10:54:13 500 675500
34 11:15:24 143 675502
35 11:17:33 1000 676000
36 11:17:47 1000 676000
38 11:18:04 1284 676000
37 11:18:04 350 676000
40 11:18:11 66 676000
39 11:18:11 1000 676000
42 11:18:17 500 676000
41 11:18:17 434 676000
43 11:25:06 2350 676000
43 11:25:06 2350 676000
44 11:33:43 4765 676697
46 11:34:53 309 676698
45 11:34:53 600 676697
47 11:35:24 600 676698
49 11:36:36 5431 676800
48 11:36:36 4441 676700
50 11:38:07 655 676849
51 11:39:49 295 676898
52 11:39:59 1637 676200
53 11:41:52 1745 676957
54 11:43:27 5000 676500
55 11:44:02 255 676957
56 11:45:21 75 676957
57 11:46:57 100 676960
60 11:48:48 176 677000
59 11:48:48 354 677000
58 11:48:48 1300 677000
61 11:52:55 116 677700
62 12:02:28 1883 676666
63 12:04:54 570 676666
64 12:09:27 4571 676500
68 12:09:33 3008 675552
67 12:09:33 15 675553
66 12:09:33 300 675553
65 12:09:33 429 676500
69 12:10:45 4678 676500
71 12:12:01 43 676000
70 12:12:01 322 676500
72 12:12:59 777 676000
73 12:26:20 2016 676800