1 09:03:35 2010 680000
2 09:03:52 2160 680000
3 09:04:27 94 680000
4 09:05:49 22 680000
5 09:06:13 81 680000
6 09:06:36 76 680000
7 09:07:04 90 680000
8 09:07:30 71 680000
9 09:10:03 46 682100
10 09:16:09 500 683000
12 09:18:12 44 684000
11 09:18:12 44 683999
13 09:18:13 200 685000
14 09:19:59 4562 685000
15 09:28:35 145 682000
16 09:30:17 3000 683000
17 09:49:33 1480 674810
18 09:49:39 497 674810
19 09:50:06 128 674810
20 10:27:45 7 674810
21 10:44:05 50 674816
22 10:45:34 400 674816
24 10:45:58 5771 674817
23 10:45:58 2371 674816
29 10:48:32 3964 674203
28 10:48:32 500 674400
27 10:48:32 483 674401
26 10:48:32 10 674810
25 10:48:32 43 674810
33 10:52:47 6 674203
32 10:52:47 150 674500
31 10:52:47 40 674510
30 10:52:47 11 674511
35 10:54:04 55 674210
34 10:54:04 8 674211
36 10:57:22 7 674215
37 10:59:00 1414 675000
38 11:34:09 1000 674300
40 11:34:32 886 674220
39 11:34:32 20 674220
41 11:39:20 10 676000
43 11:51:37 8220 675300
42 11:51:37 16780 675290
45 11:51:51 3465 675400
44 11:51:51 1780 675300
47 11:55:09 945 674300
46 11:55:09 50 674300
48 11:55:26 4872 674270
53 12:13:23 658 674270
52 12:13:23 500 674271
51 12:13:23 1000 674271
50 12:13:23 50 674300
49 12:13:23 100 674400
54 12:15:16 505 674270
55 12:15:42 15000 674270
56 12:17:30 439 674270
60 12:18:05 21454 674220
59 12:18:05 10 674260
58 12:18:05 10 674270
57 12:18:05 3526 674270
61 12:18:11 2660 674220
67 12:18:36 9 674203
66 12:18:36 9 674203
65 12:18:36 9 674203
64 12:18:36 500 674210
63 12:18:36 1298 674210
62 12:18:36 500 674211
69 12:19:18 6030 674103
68 12:19:18 500 674104
70 12:19:32 3573 674050
71 12:20:29 1427 674050
73 12:23:39 7 670010
72 12:23:39 200 671000
74 12:28:10 667 674050
75 12:28:18 667 674050