3 09:24:55 2964 673000
2 09:24:55 7842 673000
1 09:24:55 1536 672999
4 09:42:29 11806 673125
6 10:03:48 83 674000
5 10:03:48 82 674000
9 10:05:43 106 674000
8 10:05:43 1869 674000
7 10:05:43 1105 674000
10 10:09:00 3430 674000
11 10:09:52 2976 674000
12 10:09:54 2451 674000
13 10:12:22 540 674000
14 10:12:34 338 674000
17 10:16:43 7275 676000
16 10:16:43 1150 675999
15 10:16:43 500 675999
18 10:27:18 1267 675999
19 10:52:20 90 675800
20 10:55:33 110 675080
21 10:55:41 191 674004
22 10:59:26 1000 675000
24 11:08:50 140 675700
23 11:08:50 10 675700
25 11:09:55 350 675700
27 11:23:17 3095 675200
26 11:23:17 9000 675201
28 11:25:08 1000 675200
30 11:29:45 1510 675500
29 11:29:45 5233 675500
31 11:36:32 2000 675200
32 11:52:13 1533 675200
33 12:00:15 762 675200
34 12:05:21 1142 675200
39 12:07:34 1733 675995
38 12:07:34 4000 675900
37 12:07:34 200 675700
36 12:07:34 15 675700
35 12:07:34 500 675700
40 12:08:00 1000 675200
43 12:14:34 10000 676500
42 12:14:34 8 676000
41 12:14:34 2725 676000
44 12:26:22 420 676600
45 12:28:45 190 676500