1 09:07:51 550 688792
2 09:09:47 9467 688801
3 09:10:05 682 688801
4 09:10:40 2655 688802
5 09:41:32 306 689014
6 09:45:23 409 689201
7 10:01:00 2864 689800
8 10:04:26 510 689800
10 10:13:50 292 689800
9 10:13:50 3626 689800
11 10:25:56 2000 690000
12 10:38:07 3297 689516
13 10:42:01 100 689800
15 10:44:22 443 690000
14 10:44:22 257 690000
16 10:55:20 4422 689526
17 11:02:58 2533 689527
19 11:04:35 7533 689512
18 11:04:35 2467 689527
22 11:06:18 20531 690000
21 11:06:18 3273 690000
20 11:06:18 1196 690000
25 11:06:19 4500 690000
24 11:06:19 5379 690000
23 11:06:19 4469 690000
26 11:09:44 1190 689514
27 11:10:40 10000 689514
28 11:12:57 1000 689514
29 11:27:59 768 689516
32 11:31:00 5091 690499
31 11:31:00 18587 690200
30 11:31:00 37 690199
35 11:34:02 235 691900
34 11:34:02 500 691890
33 11:34:02 550 690899
39 11:36:32 13491 689500
38 11:36:32 2000 689515
37 11:36:32 4232 689516
36 11:36:32 5277 689517
41 11:36:49 23491 687100
40 11:36:49 1509 687101
42 11:55:52 5660 689221
43 11:55:54 1840 690000
44 11:56:13 9 691000
45 12:04:00 1460 689460
46 12:13:25 7313 689615
48 12:14:19 1155 689614
47 12:14:19 567 689615
50 12:16:40 6155 689613
49 12:16:40 13845 689614
51 12:19:40 8 690998
52 12:25:35 815 690000
53 12:27:09 7000 689626
54 12:27:33 2038 689626
55 12:29:23 1016 690000