1 10:18:45 100 664899
2 10:48:04 150 664897
3 11:00:32 12 664000
4 11:41:11 30 661400
7 11:53:25 2511 664712
6 11:53:25 1501 664712
5 11:53:25 988 664000
11 11:53:50 1404 664890
10 11:53:50 95 664890
9 11:53:50 2000 664889
8 11:53:50 1501 664888
12 11:54:18 2986 664890
13 11:54:21 14 664890
14 11:55:16 550 664879
15 11:55:19 1073 664879
16 11:55:53 2000 664880
17 11:56:21 1000 664879
18 11:57:50 377 664879
19 12:02:01 2000 664000
21 12:02:18 1760 664200
20 12:02:18 212 664000
22 12:06:19 28 664950
26 12:06:58 2532 665700
25 12:06:58 1501 665700
24 12:06:58 95 664994
23 12:06:58 572 664950
31 12:11:21 3600 667896
30 12:11:21 200 667896
29 12:11:21 4501 667895
28 12:11:21 3001 667895
27 12:11:21 1501 667895
35 12:21:56 3478 667479
34 12:21:56 3001 667479
33 12:21:56 1501 667479
32 12:21:56 20 665000