3 09:15:32 10 697000
2 09:15:32 14 697000
1 09:15:32 35 697000
4 09:15:42 5000 697000
5 09:16:14 300 697000
6 09:16:32 85 697000
7 09:16:38 6000 697000
8 09:16:48 145 697000
9 09:16:58 116 697000
10 09:17:09 20 697000
11 09:17:17 3409 696210
12 09:18:05 21 697000
14 09:18:43 888 697000
13 09:18:43 254 697000
16 09:22:35 447 697000
15 09:22:35 11 697010
24 09:24:17 1363 699998
23 09:24:17 8943 699998
22 09:24:17 1000 699997
21 09:24:17 3409 699996
20 09:24:17 36 698231
19 09:24:17 400 698230
18 09:24:17 1000 698230
17 09:24:17 7380 698230
26 09:24:44 391 696230
25 09:24:44 1411 696250
27 09:29:43 10 698900
37 09:32:35 14 700990
36 09:32:35 323 700990
35 09:32:35 6388 700990
34 09:32:35 5385 700990
33 09:32:35 6391 699999
32 09:32:35 414 699999
31 09:32:35 10 699999
30 09:32:35 3145 698999
29 09:32:35 1733 698900
28 09:32:35 1534 698231
41 09:33:48 17 700994
40 09:33:48 25 700994
39 09:33:48 51 700994
38 09:33:48 16010 700994
43 09:48:20 1655 696823
42 09:48:20 52 697000
44 09:51:16 1401 698000
45 09:52:13 291 698000
46 09:57:44 1627 698321
47 10:15:40 5000 698500
48 10:18:20 48 698500
51 10:35:24 1626 698502
50 10:35:24 430 698502
49 10:35:24 8 698550
53 10:44:06 3498 698550
52 10:44:06 22 698551
54 10:50:20 1028 698550
60 10:55:38 4637 698501
59 10:55:38 201 698503
58 10:55:38 17 698503
57 10:55:38 25 698503
56 10:55:38 14 698503
55 10:55:38 4474 698550
70 10:57:16 2326 700000
69 10:57:16 2253 700000
68 10:57:16 22 700000
67 10:57:16 10000 700000
66 10:57:16 20 699998
65 10:57:16 3777 699998
64 10:57:16 52 699998
63 10:57:16 2340 699998
62 10:57:16 10 699990
61 10:57:16 4200 699000
71 10:57:17 12674 700000
72 11:16:25 1500 698507
73 11:16:59 1208 698508
77 11:17:20 16698 698505
76 11:17:20 10 698507
75 11:17:20 500 698507
74 11:17:20 2792 698508
78 11:21:07 2000 698505
80 11:30:34 4000 699990
79 11:30:34 10 699990
81 11:33:18 3650 698507
84 11:33:58 25 699994
83 11:33:58 17 699994
82 11:33:58 35 699994
86 11:36:33 11 699994
85 11:36:33 14 699994
87 11:42:03 1290 699000
95 11:42:14 650 701000
94 11:42:14 10000 701000
93 11:42:14 200 701000
92 11:42:14 12 701000
91 11:42:14 44 700999
90 11:42:14 21 700998
89 11:42:14 2000 700991
88 11:42:14 1000 699995
96 11:45:16 440 698801
97 11:45:48 1290 700000
98 11:55:29 1000 699004
99 11:56:26 1342 699004
100 11:58:18 10000 699011
101 12:06:29 6591 699013
102 12:09:17 1665 702830
103 12:21:37 1967 699011