9 09:05:26 5473 690000
8 09:05:26 4000 692000
7 09:05:26 4000 693000
6 09:05:26 4000 694000
5 09:05:26 12 694000
4 09:05:26 2350 695000
3 09:05:26 4000 695000
2 09:05:26 765 695001
1 09:05:26 400 695100
10 09:05:52 4527 695101
11 09:06:05 949 690000
13 09:10:38 800 694501
12 09:10:38 2 694501
14 09:10:44 264 694501
15 09:12:33 5000 698500
17 09:13:20 2 698499
16 09:13:20 765 698499
18 09:13:22 1969 698499
19 09:14:00 264 698499
21 09:14:02 1442 698500
20 09:14:02 3558 698500
22 09:15:14 250 698500
23 09:15:43 100 698500
24 09:20:46 2112 697001
25 09:25:18 1400 697001
29 09:25:20 866 697000
28 09:25:20 51 697001
27 09:25:20 19 697001
26 09:25:20 488 697001
30 09:31:54 134 697000
31 09:34:13 3263 697000
36 09:36:16 14212 699478
35 09:36:16 1000 699422
34 09:36:16 196 698990
33 09:36:16 1756 698400
32 09:36:16 800 698399
40 09:37:35 20860 699490
39 09:37:35 2419 699485
38 09:37:35 200 699480
37 09:37:35 1521 699479
42 09:37:36 4888 699490
41 09:37:36 4140 699490
43 10:05:58 1000 697351
46 10:06:20 1951 697350
45 10:06:20 10 697351
44 10:06:20 1700 697351
47 10:27:41 1000 697350
48 10:27:43 1000 697350
49 10:27:48 1000 697350
50 10:27:55 1000 697350
52 10:29:07 1000 697350
51 10:29:07 20 697350
56 10:35:00 7884 700800
55 10:35:00 12132 700800
54 10:35:00 984 700790
53 10:35:00 4000 700789
60 10:35:03 44 700977
59 10:35:03 1956 700977
58 10:35:03 10928 700900
57 10:35:03 12116 700800
67 10:35:24 426 701000
66 10:35:24 5932 701000
65 10:35:24 200 701000
64 10:35:24 200 700999
63 10:35:24 200 700999
62 10:35:24 19 700980
61 10:35:24 51 700980
69 11:02:35 3298 699130
68 11:02:35 2322 699130
72 11:14:47 51 698000
71 11:14:47 4000 698000
70 11:14:47 10 699000
75 11:15:32 17000 697404
74 11:15:32 2000 697420
73 11:15:32 6000 697422
78 11:15:33 2000 697364
77 11:15:33 13980 697365
76 11:15:33 8000 697404
79 11:15:40 58 697300
80 11:15:46 962 697300
82 11:15:57 4061 698000
81 11:15:57 20939 698000
83 11:16:00 20939 698000
84 11:36:08 1788 698000
85 11:36:37 17 698000
87 11:37:11 1805 698000
86 11:37:11 23195 698000
88 11:37:12 23195 698000
90 11:37:36 25000 699000
89 11:37:36 25000 699000
93 11:41:05 2048 697450
92 11:41:05 8 698000
91 11:41:05 25 698000
94 11:46:18 18751 698001
96 12:02:09 114 698001
95 12:02:09 8 698001
97 12:02:24 720 698001
99 12:03:11 2158 697360
98 12:03:11 7000 697500
100 12:03:27 4000 697257
101 12:20:51 10 697361
102 12:20:57 10 697361