1 09:04:21 126 690001
2 09:09:54 900 690001
3 09:35:20 698 690411
4 09:43:32 4365 690413
5 09:44:29 506 690500
6 09:45:15 5000 691000
7 09:46:31 500 691000
8 09:48:07 2000 690500
9 09:48:59 260 691000
10 09:54:01 932 690601
14 09:55:49 1501 693000
13 09:55:49 2482 693000
12 09:55:49 1000 692999
11 09:55:49 17 692998
15 10:01:39 550 693000
16 10:04:27 3248 690904
18 10:14:35 142 690905
17 10:14:35 1000 690910
19 10:27:30 96 692000
20 10:31:10 1538 690911
21 10:32:45 1000 690920
22 10:33:04 2062 690920
26 10:39:21 6595 692000
25 10:39:21 9 692000
24 10:39:21 404 692000
23 10:39:21 2062 691999
27 10:53:01 1555 692000
28 10:54:02 1000 692000
29 10:54:31 890 692000
30 10:57:07 322 692000
31 10:59:31 1375 690915
33 11:11:17 749 690916
32 11:11:17 1000 690920
34 11:30:02 140 690920
35 11:31:54 122 690920
37 11:32:19 3949 690918
36 11:32:19 738 690920
39 11:34:50 623 690915
38 11:34:50 377 690915
40 11:34:56 1000 690915
41 11:35:49 300 690915
46 11:37:50 431 690911
45 11:37:50 10 690913
44 11:37:50 8 690914
43 11:37:50 207 690915
42 11:37:50 77 690915
47 11:46:05 2000 690912
48 11:55:57 150 690913
49 12:05:23 650 690913
50 12:05:56 873 690913
52 12:10:40 1690 690914
51 12:10:40 3000 690914
53 12:15:01 375 691000
57 12:20:50 500 690914
56 12:20:50 1500 690914
55 12:20:50 827 690914
54 12:20:50 810 690914
58 12:21:03 300 690914
59 12:21:20 2963 690913
60 12:24:14 1000 691800
61 12:25:53 400 691800
63 12:27:17 1700 691800
62 12:27:17 300 691111
64 12:27:38 75 691800
65 12:28:57 300 691800
66 12:29:32 3700 691111
68 12:29:41 4612 690913
67 12:29:41 391 690915
69 12:29:53 3000 691248