1 09:26:14 1000 677000
2 09:30:28 1000 677000
3 09:35:33 25000 677005
4 09:35:52 25000 677005
5 09:36:08 2000 677000
6 09:36:13 500 677000
7 09:36:33 25000 677005
8 09:36:49 25000 677005
9 09:41:08 2584 677000
10 09:42:12 1000 677000
11 09:43:13 5505 677000
12 09:55:41 300 677000
13 10:03:55 264 677102
15 10:07:31 12000 679000
14 10:07:31 2413 678000
19 10:08:34 23476 679999
18 10:08:34 27 679997
17 10:08:34 1000 679997
16 10:08:34 497 679996
21 10:08:38 23476 679999
20 10:08:38 1524 679999
23 10:08:42 6537 679999
22 10:08:42 1524 679999
24 10:09:36 2631 679999
25 10:10:58 1501 679493
29 10:12:33 15997 685000
28 10:12:33 4501 684999
27 10:12:33 3001 684999
26 10:12:33 1501 684999
30 10:12:38 9003 685000
34 10:21:06 800 684000
33 10:21:06 1000 683999
32 10:21:06 1501 683998
31 10:21:06 200 683997
37 10:25:12 200 683899
36 10:25:12 1000 683800
35 10:25:12 200 683700
38 10:28:36 1722 680000
39 10:32:37 2 680000
40 10:32:53 4500 680000
41 10:35:55 3151 683802
44 10:43:34 1800 684000
43 10:43:34 876 683999
42 10:43:34 1501 683998
45 10:46:57 2500 681000
51 10:51:20 1000 684387
50 10:51:20 200 684387
49 10:51:20 485 684290
48 10:51:20 4501 684289
47 10:51:20 1501 684289
46 10:51:20 3001 684289
56 11:06:04 3001 683929
55 11:06:04 4501 683839
54 11:06:04 1501 683724
53 11:06:04 2000 682888
52 11:06:04 687 682500
57 11:11:27 5924 681401
61 11:17:36 4501 683799
60 11:17:36 3001 683799
59 11:17:36 1501 683799
58 11:17:36 1000 683500
63 11:34:44 262 683000
62 11:34:44 2000 683010
64 11:37:39 900 683000
65 11:41:14 2614 683000
68 11:43:37 3202 683550
67 11:43:37 2386 683000
66 11:43:37 169 682999
69 11:44:15 2500 683000
70 11:44:41 2500 682500
71 11:44:54 44 682500
72 11:46:18 112 683000
73 11:55:08 2453 683888
75 11:59:53 1656 683000
74 11:59:53 344 683001
76 12:00:05 2000 683000
77 12:07:49 60 683000
79 12:08:36 1130 684300
78 12:08:36 200 684299
84 12:09:28 5579 685000
83 12:09:28 65 684999
82 12:09:28 240 684990
81 12:09:28 200 684598
80 12:09:28 200 684590
86 12:09:51 9428 685000
85 12:09:51 572 683000
88 12:09:52 15007 685000
87 12:09:52 9993 685000
90 12:09:55 15007 685000
89 12:09:55 9993 685000
92 12:10:02 7 685000
91 12:10:02 9993 685000
93 12:10:03 10000 685000
95 12:10:04 204 685000
94 12:10:04 5777 685000
96 12:12:07 874 682500
97 12:12:46 1487 685000
98 12:13:30 365 685000
101 12:20:07 8965 686990
100 12:20:07 10 686990
99 12:20:07 1025 686900
102 12:20:32 5000 686990
103 12:21:14 3000 686990
104 12:22:33 720 686990
105 12:29:44 40 686800