2 09:00:05 1 700002
1 09:00:05 499 700002
3 09:02:30 500 700003
8 09:02:37 506 700000
7 09:02:37 51 700000
6 09:02:37 20 700000
5 09:02:37 63 700000
4 09:02:37 140 700000
9 09:02:46 2000 700000
10 09:02:56 79 700000
11 09:03:40 990 675503
13 09:05:48 61 685001
12 09:05:48 145 685009
15 09:07:22 29 700000
14 09:07:22 145 700000
16 09:09:29 1618 701000
19 09:40:32 978 690001
18 09:40:32 501 690001
17 09:40:32 10 692155
20 09:42:06 1000 700985
22 09:55:13 279 690000
21 09:55:13 501 690001
23 10:02:20 20 690049
26 10:05:32 3000 690000
25 10:05:32 30 690743
24 10:05:32 200 690745
27 10:06:32 200 691000
28 10:06:52 500 691000
29 10:07:11 200 690099
30 10:07:44 388 690000
31 10:07:45 92 690000
32 10:08:04 520 690000
33 10:09:00 200 690099
36 10:09:16 491 685004
35 10:09:16 2001 685004
34 10:09:16 501 685004
37 10:09:52 700 690099
42 10:10:07 10 685003
41 10:10:07 10000 685003
40 10:10:07 2001 685004
39 10:10:07 1501 685004
38 10:10:07 501 685004
43 10:13:39 1100 690009
44 10:14:27 50 690000
45 10:14:41 10 690000
47 10:14:55 3270 690000
46 10:14:55 490 690000
48 10:14:56 1730 690000
49 10:15:04 900 690009
51 10:21:26 4873 691000
50 10:21:26 14470 691000
52 10:21:29 4873 691000
53 10:21:32 15254 691000
59 10:23:15 8617 690000
58 10:23:15 1500 690004
57 10:23:15 2001 690024
56 10:23:15 9000 690100
55 10:23:15 501 690101
54 10:23:15 1501 690101
63 10:25:03 1526 690001
62 10:25:03 1501 690001
61 10:25:03 501 690001
60 10:25:03 200 690099
65 10:36:22 255 691091
64 10:36:22 501 691091
67 10:38:59 224 690724
66 10:38:59 214 691100
68 10:39:28 130 691785
74 10:39:38 1283 690010
73 10:39:38 8 690099
72 10:39:38 2001 690100
71 10:39:38 1501 690100
70 10:39:38 501 690100
69 10:39:38 70 691785
75 10:58:32 7717 691162
76 11:03:30 175 691173
77 11:11:13 600 692100
78 11:11:32 50 692100
79 11:11:43 600 692099
80 11:11:53 10 692016
82 11:12:09 1563 691200
81 11:12:09 437 691201
83 11:12:17 437 691200
84 11:12:22 14 691171
85 11:12:27 39 691160
86 11:12:39 2351 690734
87 11:13:05 150 691611
88 11:13:46 749 690735
89 11:18:11 1370 690740
90 11:20:32 418 690740
91 11:22:39 432 690741
93 11:39:14 15043 690830
92 11:39:14 501 690831
96 11:43:31 551 690802
95 11:43:31 2 690832
94 11:43:31 908 690840
99 11:46:17 3088 690802
98 11:46:17 2661 690802
97 11:46:17 251 690803
104 11:47:54 1420 690418
103 11:47:54 1501 690554
102 11:47:54 7489 690733
101 11:47:54 3430 690734
100 11:47:54 160 690734
105 11:49:16 200 690002
106 11:49:21 1279 690000
108 11:49:47 3032 690002
107 11:49:47 1 690000
109 11:49:53 1025 690002
110 11:50:04 1025 690002
111 11:51:45 440 690002
112 11:57:51 17 689004
113 11:59:09 5000 689004
115 12:03:12 1154 685007
114 12:03:12 501 685007
116 12:07:16 300 690802
117 12:07:47 710 690802
118 12:08:09 490 690802
119 12:24:50 250 685016
121 12:26:21 33 685004
120 12:26:21 750 685016
122 12:26:49 4748 685004
124 12:28:25 4198 685004
123 12:28:25 219 685004
125 12:28:31 802 685004