1 09:05:42 500 692500
3 09:12:38 2012 692000
2 09:12:38 2500 692500
5 09:20:56 2000 692001
4 09:20:56 11 692001
6 09:21:30 961 692001
7 09:29:24 64 693990
10 09:29:41 3000 698890
9 09:29:41 2961 698880
8 09:29:41 676 693990
11 09:29:51 1363 698890
12 09:31:38 30 692051
13 09:40:23 2000 692061
14 09:41:08 10 692061
15 09:42:01 390 692061
17 09:55:01 846 697880
16 09:55:01 554 696000
18 10:14:32 53 692700
20 10:21:59 8200 695500
19 10:21:59 3800 695000
25 10:22:31 1793 697000
24 10:22:31 390 697000
23 10:22:31 5821 696999
22 10:22:31 1790 695990
21 10:22:31 206 695500
26 10:24:01 714 692801
28 10:26:58 637 692801
27 10:26:58 1000 692810
29 10:36:57 1328 692801
31 10:37:27 300 692801
30 10:37:27 2321 692801
32 10:37:49 1355 692801
33 10:38:58 25 693500
34 10:39:56 36 693000
35 10:40:03 300 692800
36 10:40:40 51 693000
37 10:41:44 500 692800
41 10:41:52 6341 695500
40 10:41:52 10 695499
39 10:41:52 1000 695000
38 10:41:52 388 693000
43 10:42:06 225 696989
42 10:42:06 36 696000
44 10:50:00 300 692821
45 10:50:22 700 692821
46 10:53:06 793 692830
47 11:07:11 1847 692900
48 11:15:41 3000 692904
49 11:15:49 200 692904
50 11:22:10 71 694989
54 11:30:07 3000 694994
53 11:30:07 9404 694990
52 11:30:07 6759 694900
51 11:30:07 1100 694898
55 11:40:14 12953 694900
56 11:41:09 3209 693011
61 11:47:46 3209 694999
60 11:47:46 4000 694950
59 11:47:46 5000 694940
58 11:47:46 1317 693800
57 11:47:46 1472 693500
69 11:49:12 2500 697001
68 11:49:12 15590 696999
67 11:49:12 1793 696989
66 11:49:12 51 696989
65 11:49:12 25 696989
64 11:49:12 700 696798
63 11:49:12 1200 695000
62 11:49:12 1931 695000
73 11:53:00 5000 698000
72 11:53:00 2500 697999
71 11:53:00 7151 697890
70 11:53:00 1000 697500
74 11:58:32 911 697000
75 11:59:29 1616 693142
82 12:05:18 2000 698800
81 12:05:18 250 698800
80 12:05:18 5000 698000
79 12:05:18 5000 698000
78 12:05:18 1616 697999
77 12:05:18 300 697990
76 12:05:18 2897 696990
83 12:11:15 400 693509
84 12:11:23 6350 693509
85 12:12:17 200 693550
86 12:16:17 7178 695000
87 12:16:22 4200 695000
88 12:16:42 355 695000
91 12:20:18 7178 697000
90 12:20:18 400 696999
89 12:20:18 1000 695000
94 12:25:17 10905 699999
93 12:25:17 5000 698599
92 12:25:17 1200 698500