1 09:19:25 1000 710000
3 09:29:53 550 700950
2 09:29:53 850 700953
4 09:31:58 80 709998
5 09:33:26 10 709996
6 09:36:56 151 701020
7 09:38:11 100 709987
11 09:40:41 1000 701005
10 09:40:41 5000 701010
9 09:40:41 849 701020
8 09:40:41 4 701026
12 09:40:57 1000 701000
13 09:41:05 5000 701000
14 09:41:14 5000 701000
15 09:41:25 5000 701000
16 09:41:31 8790 700991
17 09:41:45 2147 701000
20 09:42:19 22954 703000
19 09:42:19 2046 702500
18 09:42:19 25000 702000
22 09:42:20 22954 704000
21 09:42:20 2046 703000
23 09:42:21 2046 704000
24 10:01:08 859 701500
25 10:03:20 211 701502
26 10:07:30 2076 701534
27 10:34:08 106 702490
28 10:37:29 500 702000
29 10:37:54 405 702000
30 10:38:19 468 702000
34 10:58:03 4666 701700
33 10:58:03 2500 701710
32 10:58:03 10 701715
31 10:58:03 2824 701715
38 10:59:45 2000 704000
37 10:59:45 854 703999
36 10:59:45 1000 703000
35 10:59:45 766 702490
39 11:01:36 6000 701563
42 11:14:28 1325 701714
41 11:14:28 853 701715
40 11:14:28 92 701777
43 11:18:36 73 701714
48 11:18:57 1787 705000
47 11:18:57 1000 705000
46 11:18:57 5448 704990
45 11:18:57 853 704980
44 11:18:57 2698 704979
49 11:31:16 535 702000
50 11:39:17 2618 701737
53 11:44:44 3226 704999
52 11:44:44 10 704000
51 11:44:44 1575 704000
60 11:51:42 3000 706300
59 11:51:42 2000 706200
58 11:51:42 2000 706200
57 11:51:42 3000 706100
56 11:51:42 2000 706000
55 11:51:42 3000 705000
54 11:51:42 350 705000
61 11:56:30 100 701861
62 11:56:55 100 701861
63 11:57:51 100 701870
64 11:58:05 100 701881
65 11:58:46 1000 701901
67 11:58:55 448 702000
66 11:58:55 2461 702001
68 11:59:43 100 702003
69 12:03:02 100 702050
70 12:03:36 100 702072
71 12:03:49 1 702072
72 12:04:13 1950 702081
73 12:04:16 100 702100
74 12:04:43 100 702102
75 12:05:12 100 702125
76 12:05:33 300 705000
77 12:05:39 100 702129
78 12:05:54 100 702149
79 12:06:09 100 702149
80 12:06:30 100 702165
81 12:06:52 100 702178
83 12:07:07 45 702179
82 12:07:07 55 702188
84 12:07:20 100 702200
85 12:07:36 100 702210
86 12:07:45 1 702211
87 12:08:15 100 702301
88 12:08:33 100 702400
89 12:12:06 100 702450
90 12:12:25 100 702460
91 12:12:41 100 702464
92 12:13:22 100 702500
93 12:13:38 100 702500
94 12:13:50 100 702510
95 12:14:11 100 702540
96 12:14:30 100 702611
97 12:14:47 100 702611
98 12:14:58 100 702611
99 12:15:21 100 702622
102 12:15:22 346 706998
101 12:15:22 856 706998
100 12:15:22 2298 704500
103 12:15:46 100 702621
104 12:15:57 1500 702630
105 12:15:58 760 702630
107 12:16:02 100 702630
106 12:16:02 110 702630
108 12:16:15 100 702634
109 12:16:30 100 702640
110 12:16:41 100 702640
111 12:16:51 100 702650
112 12:17:05 100 702666
113 12:17:36 100 702710
114 12:19:07 100 702770
115 12:19:57 100 702792
116 12:20:10 100 702792
117 12:20:45 100 702796
118 12:20:56 100 702796
121 12:21:12 3100 702790
120 12:21:12 5900 702800
119 12:21:12 3061 702801
122 12:21:29 8 702720
123 12:21:37 92 702720
124 12:21:38 100 702650
125 12:21:48 100 702650
126 12:22:29 100 702650
127 12:22:36 1100 702650
128 12:22:46 100 702640
129 12:22:53 1500 702650
130 12:22:59 1500 702650
131 12:23:06 1500 702650
132 12:23:14 100 702640
137 12:23:16 1400 702540
136 12:23:16 1500 702570
135 12:23:16 1500 702630
134 12:23:16 1290 702630
133 12:23:16 1300 702640
138 12:23:29 1500 702540
142 12:23:30 2000 702420
141 12:23:30 1900 702450
140 12:23:30 2000 702470
139 12:23:30 2800 702500
143 12:23:38 1500 702420
147 12:23:41 3649 702650
146 12:23:41 15751 702650
145 12:23:41 4449 702540
144 12:23:41 4800 702420
148 12:23:52 1500 702650
149 12:24:06 22 702420
150 12:24:31 3500 702650
151 12:25:26 490 702420
152 12:25:35 300 702800
155 12:25:44 512 702420
154 12:25:44 1500 702420
153 12:25:44 1488 702420
156 12:28:45 25000 702600
157 12:28:46 25000 702600
158 12:28:47 24700 702800
161 12:29:03 718 702300
160 12:29:03 8 702402
159 12:29:03 988 702420