1 09:02:52 100 689000
1 09:02:52 100 689000
2 09:07:46 100 689100
3 09:09:56 100 689100
5 09:11:32 200 689100
4 09:11:32 200 689100
6 09:12:35 335 689100
7 09:13:35 100 689100
8 09:15:36 230 689111
9 09:16:29 4 689120
10 09:19:53 100 689130
12 09:20:29 61 689120
11 09:20:29 600 689130
13 09:21:44 300 689111
14 09:22:23 30 689111
15 09:22:41 293 689111
17 09:23:06 70 689100
16 09:23:06 30 689111
18 09:27:14 1749 689100
19 09:28:16 2612 689800
21 09:40:31 1796 690000
20 09:40:31 2611 689999
22 09:41:20 100 690000
23 09:43:28 1445 690000
26 09:45:09 12850 690000
25 09:45:09 9872 690000
24 09:45:09 4048 690000
27 09:51:16 1000 690000
28 10:01:12 1109 690000
29 10:35:44 4512 690002
30 10:41:42 90 690002
31 10:46:01 557 690010
33 10:48:06 2911 690500
32 10:48:06 489 690010
34 11:05:05 3062 690004
35 11:09:43 2361 690004
36 11:11:19 2000 690004
38 11:14:23 589 690500
37 11:14:23 871 690450
39 11:14:28 8306 690501
40 11:20:08 967 690603
41 11:49:15 100 690603
43 11:50:03 3001 690600
42 11:50:03 6339 690603
45 11:59:31 13693 690600
44 11:59:31 5000 690601
46 12:01:57 2655 690003
47 12:02:32 3054 690003
48 12:02:36 8484 690003
49 12:04:24 2555 690003
50 12:04:46 6433 690003
52 12:11:21 4550 689120
51 12:11:21 450 689130
54 12:11:24 6433 690000
53 12:11:24 18567 690000
57 12:11:25 15641 690600
56 12:11:25 6307 690600
55 12:11:25 3052 690000
59 12:12:28 4500 689120
58 12:12:28 500 689130
61 12:12:52 15641 690600
60 12:12:52 9359 690600
63 12:12:53 15641 690600
62 12:12:53 9359 690600
64 12:12:54 9359 690600
66 12:15:45 1000 689120
65 12:15:45 1000 689121
67 12:18:14 865 689121
71 12:19:57 24900 690600
70 12:19:57 100 690600
69 12:19:57 24900 690600
68 12:19:57 100 690500
73 12:19:58 24900 690600
72 12:19:58 100 690600
76 12:19:59 100 690600
75 12:19:59 24900 690600
74 12:19:59 100 690600
79 12:20:26 2515 689120
78 12:20:26 1000 689121
77 12:20:26 135 689121
81 12:25:23 2601 689121
80 12:25:23 500 689130
82 12:28:28 8000 691400