1 09:10:44 750 672800
2 09:14:35 1790 672800
3 09:20:40 100 672850
4 09:21:33 908 672850
6 09:22:42 677 672800
5 09:22:42 200 672801
8 09:22:46 503 676969
7 09:22:46 497 676968
9 09:29:05 30 673466
11 09:32:08 875 673466
10 09:32:08 2288 673466
12 09:46:09 761 673466
13 10:20:48 519 674000
14 10:34:01 3408 673700
16 10:37:18 86 673080
15 10:37:18 85 673080
20 10:40:16 10 673017
19 10:40:16 200 673057
18 10:40:16 5314 673058
17 10:40:16 1299 673199
21 10:41:46 965 673000
23 10:46:40 1138 672800
22 10:46:40 100 672805
24 10:51:18 161 673400
25 10:51:20 365 673400
30 11:01:53 2400 672000
29 11:01:53 3400 672009
28 11:01:53 5000 672800
27 11:01:53 10 672800
26 11:01:53 645 672800
31 11:02:26 262 673000
32 11:03:52 2230 672000
33 11:04:27 5241 672000
34 11:09:10 445 672001
35 11:10:23 677 672987
36 11:14:10 1000 672998
37 11:14:32 2213 672500
39 11:16:18 9284 673400
38 11:16:18 2188 673000
40 11:18:27 1580 673350
42 11:28:00 6358 673490
41 11:28:00 5862 673450
46 11:43:30 1420 673500
45 11:43:30 3275 673500
44 11:43:30 2605 673500
43 11:43:30 2000 673500
47 11:56:10 800 673880
48 11:57:34 100 673880
49 12:02:43 3623 673031
50 12:19:55 1100 673500
51 12:22:11 1509 673800
52 12:26:41 16300 673600
53 12:27:07 788 673600
55 12:28:12 10280 674998
54 12:28:12 2000 674990
56 12:28:23 405 674999
57 12:28:25 4758 673600
58 12:29:39 3000 674999