1 09:08:04 92 670002
2 09:08:07 300 670000
3 09:08:56 4272 670000
4 09:11:51 149 675998
5 09:17:46 1763 667299
6 09:18:05 8 676995
7 09:37:13 1670 668024
8 09:37:20 8 674997
10 09:38:22 197 668025
9 09:38:22 750 668026
12 09:38:28 2377 668025
11 09:38:28 41 668025
13 09:38:44 8 674998
14 09:41:08 200 674900
15 09:44:58 700 674795
16 09:46:44 9633 674000
17 09:47:54 1000 674000
18 09:48:00 149 670000
19 09:48:59 851 673000
20 09:49:58 44 673000
21 09:51:02 4152 673000
23 09:53:10 377 674000
22 09:53:10 44 674000
26 09:54:43 212 674000
25 09:54:43 60 674000
24 09:54:43 149 673999
27 09:55:28 60 674000
28 09:55:50 728 674000
29 09:56:42 3000 674000
30 09:57:16 2337 674600
31 09:57:25 450 674600
32 09:57:45 13 674600
33 09:58:23 200 674800
34 09:59:36 200 674800
37 10:15:44 5858 674800
36 10:15:44 2400 674800
35 10:15:44 1018 674500
38 10:16:34 85 672000
39 10:17:39 2104 672000
40 10:18:03 4425 672000
41 10:18:30 9622 672000
42 10:18:54 46 672000
44 10:18:56 1780 674000
43 10:18:56 2741 672000
46 10:19:34 1176 674000
45 10:19:34 324 674000
47 10:19:37 1018 674000
49 10:19:53 96 674000
48 10:19:53 127 674000
50 10:24:45 247 674000
52 10:26:49 100 674444
51 10:26:49 17 674000
53 10:26:54 110 674700
55 10:26:56 122 674800
54 10:26:56 46 674799
56 10:27:44 2924 674500
57 10:28:34 5772 674500
58 10:41:22 58 672500
59 11:00:36 102 672500
60 11:05:41 190 672500
62 11:09:44 2204 672490
61 11:09:44 1000 672490
63 11:12:24 9 672000
65 11:13:55 1323 672000
64 11:13:55 5955 672000
66 11:14:00 17722 672000
69 11:19:22 7245 672000
68 11:19:22 250 671901
67 11:19:22 1000 671900
72 11:21:57 8532 671009
71 11:21:57 601 671010
70 11:21:57 750 671021
73 11:25:03 25000 671014
74 11:25:23 33 671013
76 11:27:35 9896 671019
75 11:27:35 104 671019
79 11:27:50 9751 671019
78 11:27:50 104 671019
77 11:27:50 145 671021
80 11:28:04 249 671019
82 11:29:04 1401 671009
81 11:29:04 200 671012
83 11:29:31 11000 671013
84 11:30:13 1000 671009
85 11:30:24 4000 671009
86 11:31:41 67 671009
88 11:31:50 20 671000
87 11:31:50 9 671000
95 11:32:12 4357 673970
94 11:32:12 750 673969
93 11:32:12 5655 672000
92 11:32:12 3256 671999
91 11:32:12 9987 671900
90 11:32:12 565 671009
89 11:32:12 430 671000
101 11:32:25 3421 674000
100 11:32:25 7102 674000
99 11:32:25 9090 674000
98 11:32:25 1109 673980
97 11:32:25 3906 673978
96 11:32:25 372 673970
104 11:32:47 18276 675000
103 11:32:47 145 674888
102 11:32:47 6579 674000
108 11:32:55 8 675000
107 11:32:55 1749 675000
106 11:32:55 3148 675000
105 11:32:55 6724 675000
109 11:33:05 498 675000
110 11:34:06 33 675000
118 11:36:26 13593 676800
117 11:36:26 11407 676800
116 11:36:26 13593 676800
115 11:36:26 4501 676427
114 11:36:26 3001 676427
113 11:36:26 1501 676417
112 11:36:26 2204 676000
111 11:36:26 200 675998
122 11:36:27 13593 676800
121 11:36:27 11407 676800
120 11:36:27 13593 676800
119 11:36:27 11407 676800
127 11:49:59 2930 676780
126 11:49:59 4501 676779
125 11:49:59 3001 676779
124 11:49:59 1501 676779
123 11:49:59 104 676142
129 11:50:06 803 676780
128 11:50:06 96 676798
134 12:10:27 3100 672009
133 12:10:27 200 672010
132 12:10:27 143 672011
131 12:10:27 10 672720
130 12:10:27 10 672720
135 12:10:37 1000 672000
137 12:10:56 3400 671920
136 12:10:56 500 671921
139 12:23:10 3115 671920
138 12:23:10 20 671921
140 12:23:24 2631 671920