1 09:21:36 700 676261
2 09:24:11 4000 676261
3 09:29:01 20 676500
4 09:47:40 25000 676500
5 09:48:44 3100 676500
6 10:02:42 982 676262
8 10:21:03 1861 676292
7 10:21:03 1939 676292
10 10:21:27 21982 676261
9 10:21:27 3018 676262
11 10:21:52 1224 676261
12 10:22:02 17936 676261
13 10:26:37 78 676292
14 10:26:42 3000 676261
15 10:26:43 600 676261
16 10:41:22 9000 676261
17 10:41:38 759 676261
18 10:43:10 4883 676500
19 10:45:48 600 676261
22 11:00:19 24150 676990
21 11:00:19 50 676980
20 11:00:19 800 676980
24 11:01:17 17649 676990
23 11:01:17 850 676990
26 11:20:21 10000 676990
25 11:20:21 50 676980
29 11:54:36 1069 675001
28 11:54:36 11 675001
27 11:54:36 199 675002
30 12:00:02 500 675100
31 12:03:14 1000 675100
32 12:04:27 520 675100
33 12:05:02 980 675100
34 12:05:34 10000 676800
35 12:10:21 8 676000
36 12:12:06 2852 676000
37 12:14:00 1756 675005
39 12:14:04 906 676000
38 12:14:04 2996 676000
40 12:15:35 138 675005
42 12:22:26 5000 676800
41 12:22:26 20 676800
43 12:22:30 1039 675201
44 12:28:04 925 675201