1 09:00:05 10 659999
2 09:07:41 5000 652000
4 09:59:54 5000 658000
3 09:59:54 2000 657990
6 10:00:41 2000 658000
5 10:00:41 74 658000
7 10:00:52 2000 658000
8 10:01:00 926 658000
9 10:04:15 3000 658000
10 10:04:21 70 658000
11 10:04:43 480 658989
12 10:05:17 455 659000
14 10:05:27 500 659000
13 10:05:27 4192 659000
17 10:09:03 7445 659700
16 10:09:03 490 659699
15 10:09:03 65 659690
18 10:11:10 50 659700
19 10:11:14 50 659700
20 10:11:19 10 659700
25 10:38:19 791 656020
24 10:38:19 1000 656025
23 10:38:19 15000 656030
22 10:38:19 2700 656032
21 10:38:19 4100 656034
26 10:38:25 8 656000
34 10:48:37 982 653500
33 10:48:37 3100 653509
32 10:48:37 20 653509
31 10:48:37 2700 653522
30 10:48:37 198 653533
29 10:48:37 8 654137
28 10:48:37 950 654137
27 10:48:37 874 654200
35 10:48:52 8 655970
37 10:50:01 287 655970
36 10:50:01 658 655970
38 10:50:25 10000 653600
39 10:50:33 23 655970
40 10:50:41 1994 653600
41 10:50:55 3006 653600
43 10:51:01 10 653500
42 10:51:01 1018 653500
44 10:51:40 30 653100
45 10:51:54 6964 653002
46 10:51:57 1417 653002
47 10:52:29 1913 653500
48 10:53:22 80 653500
49 10:53:59 700 653500
52 10:54:46 370 653002
51 10:54:46 30 653100
50 10:54:46 600 653101
53 11:09:06 444 653500
54 11:09:59 1741 653500
56 11:16:13 1129 653500
55 11:16:13 8871 653499
57 11:24:15 987 653500
58 11:24:59 1994 653600
59 11:40:51 2127 654900
61 11:42:17 1052 653860
60 11:42:17 473 653861
63 11:44:53 999 655000
62 11:44:53 2052 654900
64 11:45:14 3051 655000
69 11:54:25 2649 656000
68 11:54:25 1401 656000
67 11:54:25 10000 655999
66 11:54:25 5000 655000
65 11:54:25 5950 655000
71 11:54:44 9553 657000
70 11:54:44 15447 656000
73 12:03:51 919 657000
72 12:03:51 447 657000
74 12:08:07 11200 655650
76 12:10:05 762 655600
75 12:10:05 250 655610
77 12:14:21 4032 655600
78 12:16:25 15000 655600
79 12:16:39 1463 655600
80 12:18:58 1103 655600
81 12:21:30 640 655600
82 12:22:42 10000 655500
83 12:22:52 5000 655600
84 12:22:59 4360 655600
85 12:29:17 4600 657000
86 12:29:43 1000 657000
87 12:29:59 4000 657900