3 09:00:05 2 714900
2 09:00:05 438 714900
1 09:00:05 1000 714900
7 09:27:45 4786 705010
6 09:27:45 100 705206
5 09:27:45 4 705306
4 09:27:45 15 705306
9 09:28:51 430 705010
8 09:28:51 70 705011
10 09:30:52 13 705012
12 09:31:16 215 705022
11 09:31:16 1343 705012
13 09:56:43 4000 705076
14 09:56:53 3500 705076
15 09:57:09 20 705076
16 09:57:59 1300 705076
17 09:58:07 210 705076
18 09:58:12 200 705076
19 09:58:27 796 705076
20 09:58:29 1585 705076
26 09:58:57 210 708000
25 09:58:57 631 708000
24 09:58:57 12471 708000
23 09:58:57 3567 708000
22 09:58:57 862 707999
21 09:58:57 1585 707998
27 09:59:20 3500 708500
28 10:00:21 227 705102
29 10:03:14 1254 708500
30 10:36:38 453 705245
31 10:40:54 182 705267
32 10:40:56 214 705267
33 10:41:02 904 705267
35 10:51:28 470 705436
34 10:51:28 30 705505
36 10:56:55 105 705500
37 10:59:08 873 705236
40 11:24:58 1941 705050
39 11:24:58 942 705051
38 11:24:58 17 705235
45 11:35:31 2203 707640
44 11:35:31 1200 707600
43 11:35:31 500 707599
42 11:35:31 214 707599
41 11:35:31 862 707599
46 11:40:10 995 705050
47 12:00:28 979 705050
48 12:02:51 4912 705050
53 12:10:41 3500 707500
52 12:10:41 2352 707499
51 12:10:41 796 707498
50 12:10:41 1750 706900
49 12:10:41 20 706896
55 12:11:10 16173 705050
54 12:11:10 30 705080
60 12:11:11 10018 709999
59 12:11:11 8000 709998
58 12:11:11 83 708497
57 12:11:11 4000 707790
56 12:11:11 672 707789
62 12:11:23 4000 703100
61 12:11:23 2500 703570
63 12:11:33 10000 703572
67 12:11:44 4000 702600
66 12:11:44 215 702701
65 12:11:44 862 702701
64 12:11:44 3764 703010
68 12:11:49 8000 703011
69 12:12:05 20 703011
70 12:12:08 7980 703011
74 12:12:21 3000 702002
73 12:12:21 15 702518
72 12:12:21 9 703011
71 12:12:21 20 703011
76 12:12:26 4000 701500
75 12:12:26 4000 702000
77 12:12:40 4000 703000
78 12:13:12 3344 703000
84 12:15:04 5786 709999
83 12:15:04 3764 709998
82 12:15:04 3344 709998
81 12:15:04 11000 709998
80 12:15:04 215 709997
79 12:15:04 891 709997
85 12:15:05 4214 709999
86 12:16:44 1518 706000
87 12:17:30 1518 709998
88 12:18:02 1122 709998