1 09:15:36 4573 693081
2 09:16:39 524 693000
3 09:18:07 1000 693000
4 09:18:58 400 693000
5 09:22:43 355 693000
6 09:41:19 658 693000
8 09:53:20 3000 693000
7 09:53:20 63 693000
9 09:53:52 1655 693000
10 09:54:13 345 693000
11 09:57:08 899 693000
14 10:13:11 5136 692610
13 10:13:11 11 692610
12 10:13:11 2000 692800
15 10:16:47 1751 692800
16 10:26:01 12 692800
18 10:32:02 4239 693000
17 10:32:02 761 693000
20 10:32:23 160 693000
19 10:32:23 3335 693000
21 10:38:11 1000 692800
23 10:49:52 763 692800
22 10:49:52 237 692800
25 10:58:57 263 692800
24 10:58:57 1237 692800
29 11:01:39 300 692610
28 11:01:39 144 692620
27 11:01:39 500 692800
26 11:01:39 1737 692800
30 11:02:49 500 692610
31 11:03:45 1000 692610
32 11:05:34 500 692700
33 11:06:15 1000 692700
34 11:06:38 1000 692700
35 11:08:06 1000 692700
38 11:09:26 1000 693049
37 11:09:26 7372 693000
36 11:09:26 800 693000
39 11:09:28 5088 692610
47 11:18:57 3000 695697
46 11:18:57 2147 695000
45 11:18:57 2500 695000
44 11:18:57 1000 695000
43 11:18:57 2000 694000
42 11:18:57 1019 694000
41 11:18:57 500 694000
40 11:18:57 2366 693999
51 11:19:30 1500 697880
50 11:19:30 1716 697880
49 11:19:30 4573 695699
48 11:19:30 8 695698
52 11:41:24 1000 694000
53 11:59:30 1500 693010
54 12:00:00 1200 693010
55 12:00:21 3358 693002
57 12:01:07 890 693002
56 12:01:07 110 693003
58 12:03:58 290 693003
59 12:11:14 500 693003
60 12:16:08 673 693004
61 12:25:51 2000 693222
62 12:26:19 1000 693534
63 12:27:15 2000 693231
65 12:29:17 3673 693230
64 12:29:17 327 693231