1 09:07:19 327 676899
4 09:07:36 1847 677000
3 09:07:36 3000 676900
2 09:07:36 153 676899
6 09:28:42 2000 676988
5 09:28:42 495 676987
7 09:28:49 50 676988
9 09:39:18 369 676750
8 09:39:18 500 676750
10 09:39:31 2455 676700
11 09:39:40 5000 676700
12 09:39:50 1286 676700
13 09:40:12 684 676750
14 09:40:37 1000 676690
15 09:42:45 1000 676690
16 09:43:19 99 676690
17 09:45:13 8 676690
19 09:46:06 394 676750
18 09:46:06 3000 676749
21 09:46:31 1364 676750
20 09:46:31 733 676750
22 09:46:53 5000 677000
23 09:49:23 1000 676690
26 09:51:57 1350 677000
25 09:51:57 3153 677000
24 09:51:57 497 676999
28 09:52:06 1309 677000
27 09:52:06 3650 677000
29 09:52:54 607 677680
30 09:52:55 41 677680
31 09:57:38 4352 677678
32 09:58:02 648 677678
33 10:17:27 8 674666
34 10:31:46 40 674500
36 10:38:57 551 677000
35 10:38:57 499 676900
37 11:08:09 817 676950
38 11:11:42 200 674601
39 11:12:02 100 674601
40 11:12:08 70 674601
41 11:12:16 10 674601
42 11:12:18 10 674601
43 11:12:24 8 674601
44 11:12:32 186 674601
48 11:17:49 650 677000
47 11:17:49 4352 677000
46 11:17:49 4000 677000
45 11:17:49 998 676999
50 11:18:17 650 677000
49 11:18:17 24350 677000
52 11:18:22 650 677000
51 11:18:22 24350 677000
54 11:18:35 650 677000
53 11:18:35 24350 677000
55 11:18:53 14000 677000
56 11:27:58 212 677000
57 11:58:12 1281 676600
60 11:58:46 4136 677000
59 11:58:46 145 676687
58 11:58:46 719 676600
62 12:14:13 25 675250
61 12:14:13 500 675250
69 12:15:09 1116 673779
68 12:15:09 3000 673801
67 12:15:09 1000 674100
66 12:15:09 501 674948
65 12:15:09 4439 675222
64 12:15:09 8 675250
63 12:15:09 425 675250