2 10:00:10 659 656481
1 10:00:10 122 656482
3 10:02:39 1600 656481
4 10:03:42 495 656481
7 10:07:22 744 656470
6 10:07:22 10 656480
5 10:07:22 246 656481
8 10:23:57 200 656500
9 10:40:56 800 656500
10 10:40:56 9200 656500
11 10:42:34 180 656500
13 10:46:25 698 656500
12 10:46:25 420 656500
14 10:46:32 1108 656500
17 11:20:35 4156 656500
16 11:20:35 5794 656500
15 11:20:35 50 656700
18 11:20:43 7412 656500
19 11:28:30 2250 656470
20 11:37:59 532 656500
23 12:01:12 2565 655999
22 12:01:12 1418 655999
21 12:01:12 980 655999
24 12:01:28 37 655999
25 12:24:15 2056 650000