1 09:06:40 84 673011
2 09:06:46 3000 673010
3 09:06:54 1004 673000
4 09:07:58 1038 673000
5 09:08:18 10 676990
7 09:11:17 1000 673001
6 09:11:17 11 673001
8 09:11:28 1330 673001
12 09:11:37 2001 672093
11 09:11:37 1501 672093
10 09:11:37 501 672093
9 09:11:37 2958 673000
13 09:11:42 399 672000
14 09:24:14 1101 674000
15 09:24:30 2000 674000
17 09:28:26 3101 674000
16 09:28:26 21899 674000
18 09:28:33 10154 674000
24 09:31:34 996 672093
23 09:31:34 2001 672093
22 09:31:34 3000 672100
21 09:31:34 5000 673000
20 09:31:34 2000 673002
19 09:31:34 10 673010
25 09:57:56 4654 673001
26 10:04:10 8 673010
27 10:04:28 492 673002
29 10:05:49 323 673001
28 10:05:49 1000 673001
31 10:08:17 2023 673001
30 10:08:17 908 673002
33 10:13:32 931 673990
32 10:13:32 2182 673900
34 10:19:13 69 673002
36 10:19:29 245 673001
35 10:19:29 531 673002
38 10:28:16 3252 673000
37 10:28:16 3755 673001
39 10:32:51 686 673050
41 10:39:27 8 673222
40 10:39:27 8 673222
42 10:41:14 1742 673051
43 10:44:25 980 673322
44 10:51:58 634 673061
45 10:52:37 670 673305
48 10:56:06 1748 673000
47 10:56:06 412 673050
46 10:56:06 17624 673052
49 11:01:51 5216 673500
54 11:13:38 736 673450
53 11:13:38 4447 673400
52 11:13:38 4549 673400
51 11:13:38 49 673400
50 11:13:38 3069 673400
57 11:13:54 3038 673500
56 11:13:54 1116 673500
55 11:13:54 3189 673450
58 11:15:24 1294 673500
60 11:18:11 2984 673500
59 11:18:11 16 673501
62 11:19:35 2853 673900
61 11:19:35 1000 673890
63 11:25:52 8 674400
64 11:33:22 1229 673500
65 11:37:43 951 672200
68 11:41:39 876 674000
67 11:41:39 7197 674000
66 11:41:39 321 674000
70 11:47:24 1134 673000
69 11:47:24 10 673010
71 11:57:22 1483 673666
72 12:02:14 1500 673500
73 12:02:23 892 673500
75 12:14:05 745 674500
74 12:14:05 1330 674390
76 12:14:49 4573 673500
77 12:15:12 3384 673500
78 12:17:15 759 673500
79 12:21:47 904 673888
82 12:29:04 7944 673011
81 12:29:04 501 673497
80 12:29:04 1678 673500