1 09:06:50 767 676000
2 09:07:09 263 676000
3 09:07:49 300 676000
4 09:09:05 2000 676000
5 09:16:07 1367 676000
6 09:17:55 3000 676000
7 09:22:21 17303 676000
8 09:22:21 8 676000
9 09:22:21 8 676000
10 09:23:09 2000 672000
10 09:23:09 2000 672000
11 09:23:28 8 679400
13 09:50:31 24868 676000
12 09:50:31 132 675999
14 09:52:18 132 676000
15 09:59:25 25000 676000
16 10:06:20 25000 676000
17 10:16:21 263 676000
18 10:22:08 841 676000
19 10:24:10 1800 676000
20 10:39:40 1000 676000
21 10:44:23 6500 676000
22 10:48:07 1000 676000
25 10:56:48 990 676000
24 10:56:48 717 676000
23 10:56:48 7864 676000
26 11:02:22 1000 676000
28 11:06:34 3000 677000
27 11:06:34 1000 676999
29 11:10:08 2619 676000
31 11:29:52 90 676000
30 11:29:52 10 676010
32 11:29:58 100 676000
33 11:30:02 100 676000
34 11:31:26 100 676000
36 11:32:51 84 676000
35 11:32:51 16 676000
37 11:32:55 100 676000
38 11:32:58 100 676000
39 11:33:02 100 676000
40 11:33:04 100 676000
42 11:36:26 92 675001
41 11:36:26 8 675999
43 11:36:34 100 675002
44 11:36:36 100 675002
45 11:36:38 100 675002
46 11:36:42 100 675002
51 11:36:45 100 675001
50 11:36:45 100 675001
49 11:36:45 100 675001
48 11:36:45 2 675001
47 11:36:45 98 675002
53 11:36:49 100 675001
52 11:36:49 100 675001
58 11:36:51 100 675001
57 11:36:51 100 675001
56 11:36:51 100 675001
55 11:36:51 100 675001
54 11:36:51 100 675001
61 11:36:55 100 675001
60 11:36:55 100 675001
59 11:36:55 100 675001
63 11:36:57 100 675001
62 11:36:57 100 675001
64 11:37:01 100 675001
66 11:37:05 100 676000
65 11:37:05 100 675001
67 11:37:07 100 676000
68 11:37:09 100 676000
72 11:37:26 20260 677960
71 11:37:26 1000 677960
70 11:37:26 740 677960
69 11:37:26 3000 677950
73 11:37:33 4740 677960
74 11:37:54 202 676000
79 11:52:57 6094 677990
78 11:52:57 445 677970
77 11:52:57 59 677970
76 11:52:57 1000 677969
75 11:52:57 2402 677969
80 11:53:15 3708 677990
81 12:12:33 621 676011
82 12:21:32 600 676011
83 12:27:43 111 676011