3 09:15:34 20 682500
2 09:15:34 2500 682500
1 09:15:34 80 689000
4 09:34:48 754 683105
5 09:35:57 1000 685000
6 09:40:02 46 689000
7 09:43:51 252 686006
8 09:44:08 1000 686006
9 09:52:03 1200 687000
11 09:52:20 11 688900
10 09:52:20 19 688900
12 10:02:00 1000 687016
19 10:15:24 6711 685000
18 10:15:24 2300 685001
17 10:15:24 8950 685002
16 10:15:24 200 686600
15 10:15:24 200 686600
14 10:15:24 5000 687025
13 10:15:24 1639 687027
21 10:15:28 20000 685000
20 10:15:28 3289 685000
22 10:15:59 50 685000
23 10:16:03 1621 685000
24 10:21:10 489 684000
25 10:21:18 500 684000
26 10:21:43 11 685000
29 10:30:32 400 685000
28 10:30:32 29 685000
27 10:30:32 9000 684900
30 10:32:50 591 685100
31 10:37:51 3534 685500
32 10:37:59 2644 685211
35 10:38:28 1715 685500
34 10:38:28 429 686000
33 10:38:28 500 686000
36 10:38:34 2000 685211
37 10:39:06 16 685500
38 10:46:50 8 685600
40 10:51:41 484 685700
39 10:51:41 10 686000
42 10:52:00 1424 685510
41 10:52:00 600 685520
43 10:52:04 500 685510
46 11:10:00 500 685530
45 11:10:00 50 685530
44 11:10:00 100 685530
47 11:10:21 500 685521
48 11:11:29 2369 685530
49 11:14:55 750 685512
50 11:14:56 2000 685512
51 11:15:04 1334 685512
52 11:18:26 2214 685513
53 11:32:46 1727 685512
54 11:33:08 1870 685512
55 11:54:45 1261 685515
56 12:07:31 2133 685611
58 12:07:43 500 685611
57 12:07:43 500 685611
59 12:11:27 1350 685615
60 12:12:07 8 686990
61 12:17:35 1621 685999
62 12:24:28 100 686500
63 12:24:40 1825 685621
64 12:25:09 50 686500
65 12:29:27 6349 685630
66 12:29:49 2182 685630
70 12:29:51 1834 687000
69 12:29:51 2500 686997
68 12:29:51 710 686997
67 12:29:51 4956 686989
71 12:29:56 4166 687000