1 09:00:40 28 673385
2 09:02:21 8 673385
3 09:03:21 2028 673385
5 09:04:41 384 671119
4 09:04:41 500 672500
6 09:10:09 20 674500
7 09:13:47 902 673500
8 09:14:11 98 673500
9 09:15:20 3905 673300
10 09:16:09 870 671514
11 09:17:44 770 673500
12 09:28:40 10 673500
13 09:32:36 470 673500
14 09:40:34 192 674000
15 09:53:53 1000 673500
16 09:54:56 66 674000
17 10:01:58 6865 673500
18 10:02:02 500 673500
19 10:04:07 1747 673500
20 10:14:24 2615 673500
22 10:20:50 3113 673500
21 10:20:50 1023 673500
23 10:22:39 1080 673500
24 10:22:55 852 673500
25 10:24:12 1848 673500
26 10:25:41 8 673998
27 10:27:45 1000 673700
28 10:33:34 682 673500
29 10:38:55 25000 673510
30 10:39:21 25000 673510
31 10:39:49 25000 673520
32 10:40:07 2417 673500
33 10:48:57 871 673600
34 11:00:46 421 673600
35 11:10:09 16 673600
36 11:11:25 5231 673600
37 11:19:56 1486 673600
38 11:23:28 1000 673999
39 11:24:24 138 673600
40 11:44:00 300 673800
41 11:54:10 2318 673800
43 11:56:03 164 673600
42 11:56:03 117 673601
44 12:02:55 2628 673600
45 12:05:54 1000 673600
51 12:14:27 5008 673500
50 12:14:27 1501 673598
49 12:14:27 2001 673598
48 12:14:27 501 673598
47 12:14:27 8 673599
46 12:14:27 8270 673600
52 12:14:33 7711 673500
53 12:14:49 4820 673500
54 12:14:53 9 673499
55 12:14:58 21 673499
57 12:15:40 1850 673650
56 12:15:40 2528 673600
59 12:17:33 499 672001
58 12:17:33 501 672001
60 12:18:57 52 673650
62 12:19:18 6114 673650
61 12:19:18 2493 673650
65 12:29:23 9961 672800
64 12:29:23 501 672801
63 12:29:23 56 672900