1 09:33:26 647 676001
2 09:35:52 645 676286
3 09:37:44 2050 676286
4 09:38:07 150 676286
5 09:38:13 150 676285
6 09:38:14 7524 676286
7 09:38:24 150 676286
8 09:47:32 3372 676286
9 09:47:45 4905 676286
10 09:51:57 785 676286
11 09:57:55 3748 676286
12 09:57:58 10291 676286
13 10:07:14 100 676800
14 10:12:19 2046 676286
16 10:17:28 408 676286
15 10:17:28 3000 676300
18 10:21:32 7195 676286
17 10:21:32 3000 676300
19 10:48:13 2902 676700
20 10:59:53 1752 676700
21 11:01:56 50 676700
22 11:09:11 11 676700
23 11:10:10 11829 676700
24 11:10:13 1368 676700
25 11:11:40 570 676700
26 11:13:33 1000 676700
27 11:15:39 4047 676700
30 11:20:05 1840 676600
29 11:20:05 119 676700
28 11:20:05 1471 676700
31 11:20:08 11831 676600
32 11:20:14 6154 676600
33 11:22:03 2522 676600
35 11:38:23 6392 676500
34 11:38:23 2653 676600
36 11:38:48 4678 676500
37 11:39:05 936 676500
38 11:39:07 50 676500
39 11:46:06 50 676600
40 11:46:23 40 676600
41 11:47:35 42 676600
42 11:49:12 84 676600
43 11:49:17 11000 676800
44 11:50:26 84 676600
45 11:51:50 4915 676600
46 11:52:43 97 676600
47 11:52:52 1203 676600
48 11:54:15 1655 676600
49 12:03:05 1000 676600
50 12:06:00 3000 676600
51 12:23:56 1000 676600
52 12:24:31 2191 676600