1 09:04:44 240 678900
2 09:05:11 82 677670
3 09:05:15 1556 677670
5 09:10:49 2137 677700
4 09:10:49 501 677701
6 09:17:14 86 679002
7 09:17:17 86 679002
8 09:17:26 390 679002
12 09:20:03 1377 679003
11 09:20:03 3875 679004
10 09:20:03 200 679005
9 09:20:03 200 679006
13 09:28:02 2622 680000
15 09:30:56 569 680010
14 09:30:56 588 680021
16 09:31:14 8646 681490
17 09:37:14 20497 681490
18 09:39:21 3468 681690
19 09:42:58 299 681602
23 09:52:26 1259 681603
22 09:52:26 500 681605
21 09:52:26 1200 681606
20 09:52:26 929 681607
26 10:10:43 1160 681615
25 10:10:43 420 681616
24 10:10:43 50 681620
29 10:13:01 375 681609
28 10:13:01 840 681615
27 10:13:01 4000 681616
30 10:43:15 4000 681671
31 10:44:38 100 681670
32 10:47:52 488 681670
33 10:48:39 4000 681671
34 10:48:43 100 681671
35 10:49:03 3624 681671
36 11:03:03 1263 681900
37 11:10:23 5000 682000
38 11:11:37 1556 682001
39 11:15:40 800 682002
40 11:16:03 996 682001
41 11:18:49 39 682002
43 11:22:18 5538 682000
42 11:22:18 161 682002
44 11:25:20 2876 682001
45 11:31:32 12367 682002
46 11:35:20 82 682003
47 11:38:44 3600 682003
48 11:39:22 14 682800
50 11:40:19 7354 682800
49 11:40:19 4931 682800
53 11:48:30 1835 684000
52 11:48:30 1575 683800
51 11:48:30 4477 683790
55 11:51:59 500 682003
54 11:51:59 500 682004
56 11:56:59 2650 682010
57 12:15:40 5000 683000
58 12:15:44 5000 683000
59 14:43:21 1306 683800