1 09:09:48 3584 697518
2 09:13:50 8 707000
3 09:16:37 1493 700000
4 09:29:34 3316 699990
5 09:29:46 5473 700000
6 09:34:37 8 701000
7 09:38:12 3048 699360
8 09:44:11 942 699041
9 10:13:25 1163 700001
11 10:39:45 7000 701490
10 10:39:45 1000 701480
12 10:40:22 2869 701400
14 10:40:28 30 701500
13 10:40:28 5586 701500
16 10:48:13 4671 700001
15 10:48:13 43 700001
17 10:49:14 1282 700001
18 10:52:54 25000 701000
19 10:53:16 25000 701000
20 10:54:10 621 701000
21 11:03:35 3584 701000
22 11:09:53 20 700500
23 11:28:13 318 700510
24 11:32:37 684 701000
25 11:33:02 543 701000
26 11:33:15 9093 701900
36 11:34:21 1163 704000
35 11:34:21 424 704000
34 11:34:21 5180 704000
33 11:34:21 2503 704000
32 11:34:21 2495 703990
31 11:34:21 100 702290
30 11:34:21 300 702290
29 11:34:21 200 702280
28 11:34:21 4 701990
27 11:34:21 80 701990
39 11:34:31 1000 705000
38 11:34:31 2000 704500
37 11:34:31 5000 704490
40 11:34:51 2983 701000
41 11:44:08 1767 700520
42 11:55:35 850 701500
43 11:55:38 378 702000
44 11:57:14 697 700650
46 12:04:29 228 700670
45 12:04:29 1000 700670
47 12:07:33 1840 701000
48 12:12:37 138 701000
49 12:14:10 2000 702000
56 12:14:48 2000 705500
55 12:14:48 100 705500
54 12:14:48 765 705000
53 12:14:48 1000 704999
52 12:14:48 43 703999
51 12:14:48 1000 702000
50 12:14:48 71 702000
59 12:15:05 1000 705800
58 12:15:05 1393 705700
57 12:15:05 1789 705600
60 12:19:31 1645 701000
61 12:19:38 972 701000
66 12:23:49 1000 707000
65 12:23:49 3000 706900
64 12:23:49 1000 706800
63 12:23:49 500 706000
62 12:23:49 228 705999
67 12:29:47 2000 707000