3 09:08:21 1000 672510
2 09:08:21 2700 672519
1 09:08:21 2500 674000
4 09:12:52 450 673500
5 09:13:11 15000 672510
6 09:13:16 50 672510
7 09:13:31 202 672510
11 09:19:08 367 673200
10 09:19:08 60 673200
9 09:19:08 199 673201
8 09:19:08 1000 674200
13 09:52:22 490 673601
12 09:52:22 10 673700
16 10:07:55 983 673605
15 10:07:55 2007 673609
14 10:07:55 200 673610
18 10:20:30 238 676370
17 10:20:30 202 676370
21 10:22:51 20075 676400
20 10:22:51 2000 676380
19 10:22:51 2925 676370
22 10:22:52 4925 676400
24 10:36:17 1344 673609
23 10:36:17 98 673610
25 10:39:10 2700 673639
26 10:39:22 1060 673639
30 10:47:00 13677 673630
29 10:47:00 3000 673631
28 10:47:00 10 673631
27 10:47:00 97 673631
33 11:11:51 3000 675970
32 11:11:51 500 675900
31 11:11:51 1060 675890
34 11:51:23 500 674302
38 11:54:50 129 673676
37 11:54:50 10 673678
36 11:54:50 2000 673678
35 11:54:50 500 674302
39 12:08:55 500 673677
40 12:13:12 2850 675888
41 12:26:12 469 673680