1 09:56:46 6966 674000
2 09:59:42 155 675000
5 10:10:05 597 674020
4 10:10:05 200 674021
3 10:10:05 100 674500
7 10:11:55 920 674020
6 10:11:55 800 674030
8 10:17:35 87 674021
9 10:18:04 200 674021
10 10:18:17 100 674021
11 10:18:29 50 674021
12 10:19:31 100 674021
13 10:22:30 729 674021
16 10:38:36 434 674020
15 10:38:36 128 674021
14 10:38:36 8 674022
18 10:58:04 990 674023
17 10:58:04 10 674100
21 11:07:11 890 674023
20 11:07:11 500 674100
19 11:07:11 10 674100
25 11:07:13 3500 674000
24 11:07:13 331 674000
23 11:07:13 3049 674020
22 11:07:13 120 674023
27 11:07:54 7000 674000
26 11:07:54 3000 674001
29 11:07:59 2797 674000
28 11:07:59 7203 674000
30 11:08:07 10000 674000
32 11:08:23 9900 674000
31 11:08:23 100 674001
36 11:42:21 9238 673900
35 11:42:21 2303 674000
34 11:42:21 200 674001
33 11:42:21 10 674010
37 11:57:18 40 674100
38 12:03:15 941 674100
39 12:06:04 800 674100
40 12:07:30 8219 674100
41 12:12:14 87 674100
42 12:15:07 13 674100
43 12:16:46 1000 674000
44 12:17:15 10 674000
46 12:19:52 226 674000
45 12:19:52 477 674000
47 12:21:45 350 674000
48 12:22:11 1659 674000
52 12:22:50 692 673909
51 12:22:50 200 673910
50 12:22:50 100 673930
49 12:22:50 8 673931
53 12:23:56 1000 673909
56 12:24:07 1000 674999
55 12:24:07 311 674000
54 12:24:07 1000 674000
58 12:25:54 1000 675740
57 12:25:54 1000 675740
60 12:28:16 3180 673900
59 12:28:16 320 673909