1 09:24:58 2000 704025
2 09:25:08 2000 704025
3 09:25:13 346 704025
4 09:30:16 86 704031
5 09:36:06 50 704036
6 09:39:44 391 704111
7 09:46:28 200 704112
10 10:03:27 280 704802
9 10:03:27 82 704803
8 10:03:27 29 704803
12 10:12:50 80 704500
11 10:12:50 20 704802
13 10:16:11 100 704500
14 10:16:38 105 704500
15 10:25:13 63 705900
17 10:35:52 1287 705000
16 10:35:52 23 705000
18 10:41:38 1609 705000
19 10:45:54 1061 705000
20 10:46:36 1472 705000
21 10:54:22 140 705890
22 10:54:52 3624 705890
23 10:58:16 891 705000
24 11:02:21 852 705000
25 11:04:00 570 705000
26 11:06:13 411 705000
27 11:12:52 1000 705000
28 11:14:30 15847 705000
29 11:18:23 215 704510
30 11:19:40 13 704510
32 11:34:29 1812 704200
31 11:34:29 990 704202
33 11:44:10 688 704200
34 11:44:22 2000 704200
35 11:44:25 1705 704200
38 12:00:55 2467 704120
37 12:00:55 141 704121
36 12:00:55 295 704200
40 12:08:03 1377 704070
39 12:08:03 33 704120
44 12:12:04 430 704039
43 12:12:04 2500 704055
42 12:12:04 1000 704070
41 12:12:04 1123 704070
45 12:12:05 670 704039
46 12:24:50 998 704045