1 09:35:26 100 674009
2 09:35:57 8 675000
3 09:38:35 2000 674009
4 09:38:45 8 674999
5 09:48:00 2644 674700
6 09:52:57 1374 674700
7 09:59:24 1000 675000
9 09:59:25 1500 675000
8 09:59:25 1500 675000
10 10:19:07 700 674090
12 10:22:23 79 674090
11 10:22:23 173 674090
13 10:22:26 3000 674090
14 10:26:28 2300 674511
16 10:41:38 4904 675000
15 10:41:38 1405 675000
17 10:50:09 4000 675000
18 10:53:15 20000 675000
19 11:15:36 300 675400
20 11:16:28 2448 675500
21 11:23:35 200 675000
22 11:24:16 100 675000
24 11:37:29 19300 675000
23 11:37:29 700 675000
25 11:38:23 253 675000
33 11:41:50 8839 676000
32 11:41:50 2181 676000
31 11:41:50 10000 676000
30 11:41:50 2414 675998
29 11:41:50 998 675997
28 11:41:50 8 675500
27 11:41:50 8 675500
26 11:41:50 552 675500
36 11:43:32 4359 676997
35 11:43:32 20 676000
34 11:43:32 5621 676000
44 11:45:18 11244 677000
43 11:45:18 2798 677000
42 11:45:18 22202 677000
41 11:45:18 800 677000
40 11:45:18 20 676998
39 11:45:18 400 676998
38 11:45:18 500 676998
37 11:45:18 1078 676900
45 12:15:14 836 675000
46 12:17:05 200 675000
49 12:21:31 1743 675000
48 12:21:31 4000 675000
47 12:21:31 4024 675000
50 12:23:48 4000 675000
51 12:27:01 744 675000
52 12:29:33 2126 675000