1 09:00:48 400 687000
2 09:01:27 100 687000
3 09:05:56 433 687047
4 09:07:59 300 688876
5 09:28:56 10 689900
6 09:31:42 2 687476
7 09:37:33 14565 688978
8 09:39:04 10435 688978
9 09:39:45 14861 687479
10 09:42:57 1000 689000
13 09:43:04 4270 688391
12 09:43:04 2 688413
11 09:43:04 139 688414
14 09:43:22 18348 689000
15 09:44:28 2708 687476
16 09:46:46 610 687478
17 09:47:08 1060 688600
18 09:55:07 2000 688999
19 09:56:20 2000 688999
20 09:58:25 21000 688999
21 09:59:06 4232 688392
22 09:59:52 2874 688402
24 10:03:29 114 689400
23 10:03:29 2 689400
25 10:05:16 25000 689000
26 10:05:40 25000 689000
27 10:06:01 20000 689000
28 10:06:23 2 689400
29 10:08:00 2552 689000
30 10:22:09 20892 688648
34 10:22:59 4700 689000
33 10:22:59 1914 689000
32 10:22:59 1745 689000
31 10:22:59 1709 689000
35 10:27:03 3104 689000
36 10:39:11 4418 689000
37 10:43:39 10 689460
38 11:04:19 1500 688701
39 11:07:28 876 688700
40 11:19:58 690 688670
41 11:38:57 2020 688670
42 11:42:29 943 688670
43 11:42:51 5471 688670
44 11:51:19 725 688670
45 11:51:56 275 688670
47 11:53:05 567 688649
46 11:53:05 10 688661
48 11:57:23 4780 688649
49 12:00:27 724 688649
50 12:02:23 4585 688670
52 12:17:58 3744 688649
51 12:17:58 1000 688650
53 12:24:14 538 688649
54 12:24:58 1000 688649
56 12:28:39 21705 689000
55 12:28:39 1680 688701