1 09:08:47 776 675001
2 09:18:00 666 675003
3 09:18:06 106 675003
4 09:28:50 519 676000
5 09:40:10 39 678999
6 09:44:36 13212 676010
7 09:55:15 1000 676100
10 10:23:33 2509 676100
9 10:23:33 1000 676100
8 10:23:33 3000 676100
11 10:47:48 1142 676110
12 10:52:36 1386 676110
13 10:54:13 20 676111
14 11:38:05 917 676400
15 11:40:42 12082 676400
16 11:48:57 2576 676410
17 11:51:24 573 676410
18 11:56:29 858 676410
19 11:56:48 1721 676410
20 12:11:28 43 676410
21 12:19:13 32 676410
27 12:20:21 9356 676400
26 12:20:21 12001 676400
25 12:20:21 88 676401
24 12:20:21 10 676410
23 12:20:21 88 676410
22 12:20:21 3457 676410
28 12:20:26 15644 676400
30 12:22:58 5000 676400
29 12:22:58 9356 676400
31 12:25:28 1476 676400
32 12:25:54 5 676400
33 12:27:01 516 676400
34 12:28:29 1000 676400
35 12:28:30 20000 677479