1 09:09:27 1565 696501
2 09:10:59 2000 696501
6 09:15:57 21435 699299
5 09:15:57 3565 699299
4 09:15:57 21435 699299
3 09:15:57 3565 699298
7 09:15:58 3565 699299
8 09:32:27 155 697501
9 09:37:27 31 697920
10 09:53:25 1397 698100
11 10:00:46 423 698101
12 10:04:31 1000 699000
13 10:18:59 5000 698103
14 10:19:20 429 698103
15 10:20:06 1037 698102
16 10:26:34 3852 698102
17 10:28:04 1745 698500
26 10:36:21 3056 700000
25 10:36:21 2670 700000
24 10:36:21 433 699500
23 10:36:21 9567 699500
22 10:36:21 478 699011
21 10:36:21 10000 699000
20 10:36:21 3700 699000
19 10:36:21 522 699000
18 10:36:21 733 698900
29 10:36:45 6007 701000
28 10:36:45 3000 700000
27 10:36:45 993 700000
30 10:40:26 10000 701000
31 10:45:52 5241 698122
32 11:02:39 411 698507
33 11:03:04 584 698507
34 11:15:34 1535 698513
35 11:41:27 334 699289
37 11:41:28 2720 698754
36 11:41:28 2000 698760
38 11:44:07 13 698755
39 11:44:52 1471 699000
40 11:46:57 1154 698761
42 12:10:08 999 698781
41 12:10:08 1 698782
43 12:11:47 10000 698781
44 12:18:14 659 698781
45 12:20:26 6419 698781
50 12:24:29 4000 705000
49 12:24:29 6674 701000
48 12:24:29 2618 700000
47 12:24:29 600 699500
46 12:24:29 14 699150
51 12:27:17 100 698791