1 09:03:58 1074 691000
2 09:06:13 400 691000
3 09:08:22 602 691000
4 09:10:57 943 691007
5 09:15:37 200 691009
6 09:15:37 1192 691008
7 09:27:50 10000 691044
8 09:27:50 999 691043
9 09:27:50 813 691039
10 09:29:57 10 692998
11 09:29:57 290 692999
12 09:30:16 300 691044
13 09:30:29 300 691044
14 09:30:36 100 691044
15 09:37:13 7643 691203
16 09:40:13 2357 691205
17 09:40:13 8808 691204
18 09:40:13 2900 691202
19 09:40:56 1125 691090
20 09:40:56 23875 691080
21 09:41:41 1125 691080
22 09:41:41 23875 691070
23 09:51:21 13200 691201
24 10:02:41 1000 692150
25 10:05:43 5000 692140
26 10:05:43 5462 692140
27 10:05:43 8462 692150
28 10:05:43 6076 692150
29 10:05:44 18924 692150
30 10:05:44 2000 692987
31 10:05:44 4076 692987
32 10:05:44 1741 692987
33 10:05:44 10935 692989
34 10:05:44 8 692989
35 10:14:46 1000 692990
36 10:14:46 200 693000
37 10:14:46 200 693000
38 10:14:46 200 693000
39 10:14:46 300 693970
40 10:14:46 10000 693980
41 10:14:46 4900 694000
42 10:14:46 2043 694000
43 10:20:37 1500 694000
44 10:22:11 500 693990
45 10:22:11 186 694000
46 10:22:11 1500 694990
47 10:22:11 20 695000
48 10:22:11 3378 696000
49 10:22:11 2843 696000
50 10:22:23 25000 696999
51 10:22:34 6110 696999
52 10:31:27 500 692100
53 10:31:27 1380 692011
54 10:31:51 500 694000
55 10:31:51 1500 696500
56 10:31:51 999 696999
57 10:31:51 22001 696999
58 10:31:52 2999 696999
59 10:31:52 22001 697573
60 10:31:52 2999 697573
61 10:31:52 200 697573
62 10:54:46 2900 696000
63 10:54:46 200 696900
64 10:54:46 13671 696960
65 10:54:46 4000 696970
66 10:54:46 4166 697000
67 10:54:46 63 697000
68 10:54:47 1054 697000
69 11:04:49 10 694000
70 11:19:55 400 693000
71 11:19:55 11 692010
72 11:19:55 1000 692010
73 11:19:55 1589 692001
74 11:23:54 1945 692001
75 11:30:02 629 693790
76 11:30:02 19000 693800
77 11:30:16 452 693837
78 11:30:16 8432 693842
79 11:30:16 16116 693842
80 11:30:17 8884 693842
81 11:30:17 2140 694000
82 11:34:19 2000 692005
83 11:44:49 1500 694800
84 11:44:49 13864 694900
85 11:46:13 1000 692010
86 11:46:13 119 692006
87 11:53:37 815 692006
88 11:58:54 10 695000
89 11:58:54 1000 697000
90 11:58:54 10707 697000
91 11:58:54 500 697990
92 11:58:54 530 697990
93 11:58:54 523 698000
94 11:58:54 11730 698000
95 11:58:54 4997 698000
96 12:07:28 8222 692111
97 12:14:39 6739 693000
98 12:15:17 917 693000
99 12:16:15 9344 693000
100 12:16:31 3506 693000
101 12:19:41 1834 692230
102 12:21:12 166 692230
103 12:21:12 2830 692221
104 12:29:44 100 692231
105 12:29:44 200 692230