1 09:00:05 70 702700
2 09:01:19 230 702700
3 09:09:54 1880 702200
3 09:09:54 1880 702200
4 09:19:58 8 705000
5 09:20:15 422 705000
8 09:20:36 5000 709999
7 09:20:36 860 709996
6 09:20:36 500 709995
9 09:21:30 720 705000
12 09:25:39 5000 710000
11 09:25:39 350 710000
10 09:25:39 9 705000
13 09:34:04 7 720000
13 09:34:04 7 720000
14 09:45:22 141 704999
15 09:46:14 1668 704999
16 09:47:44 140 710000
17 10:05:12 766 705000
17 10:05:12 766 705000
18 10:11:58 865 703683
19 10:12:04 7234 703683
20 10:12:15 2 703680
21 10:12:27 2 703680
22 10:12:38 3477 703680
23 10:12:49 1523 703683
24 10:13:01 4643 703683
25 10:13:21 3208 703683
28 10:21:12 2797 703700
27 10:21:12 5000 703700
26 10:21:12 2569 703701
30 10:29:25 334 703706
29 10:29:25 274 703706
31 10:39:43 430 703710
32 10:45:53 655 703731
37 10:56:59 7500 707989
36 10:56:59 869 707987
35 10:56:59 655 707986
34 10:56:59 574 706000
33 10:56:59 200 705000
38 10:57:08 7851 707990
38 10:57:08 7851 707990
42 10:57:35 3569 709995
41 10:57:35 9578 709994
40 10:57:35 9942 709993
39 10:57:35 1911 709000
43 10:57:36 1431 709995
44 10:58:55 1416 710000
45 11:05:11 181 704007
46 11:46:26 2817 704610
47 11:51:46 1223 704657
49 12:03:59 22000 709998
48 12:03:59 3000 709000
53 12:04:00 293 719000
52 12:04:00 5430 710900
51 12:04:00 1404 710000
50 12:04:00 3000 709998
54 12:12:43 3703 705120
56 12:17:33 880 705183
55 12:17:33 200 705186
57 12:17:41 2720 705183