1 09:19:45 1 688701
3 09:29:33 450 688701
2 09:29:33 83 688701
4 09:30:14 2479 684500
5 09:33:16 1000 687000
6 09:37:44 44 688701
7 09:54:20 36 688701
11 09:55:40 8004 685716
10 09:55:40 15000 685717
9 09:55:40 37 685718
8 09:55:40 171 687014
12 10:04:01 245 686201
13 10:07:20 37 688700
14 10:09:10 3794 688700
15 10:10:51 60 690000
16 10:12:00 1300 688700
17 10:16:28 4938 688000
19 10:22:18 1762 688700
18 10:22:18 2 688700
20 10:23:16 593 688700
21 10:35:10 1000 688700
25 10:41:59 1000 689999
24 10:41:59 1748 689500
23 10:41:59 115 689499
22 10:41:59 558 689499
26 10:42:05 882 689999
27 10:42:47 2000 689999
28 10:45:13 500 690000
31 10:46:54 11865 690000
30 10:46:54 2695 690000
29 10:46:54 440 690000
32 10:47:10 135 690000
33 10:47:24 845 691999
34 10:55:03 1000 691999
35 10:55:17 1000 692000
36 10:55:22 159 692000
38 11:04:31 877 692000
37 11:04:31 300 690000
39 11:04:45 139 692000
41 11:05:09 1832 692000
40 11:05:09 2400 692000
42 11:08:52 400 694300
43 11:09:04 1000 694489
44 11:10:03 44 692000
45 11:10:22 1000 694400
46 11:10:32 1298 694400
48 11:13:16 4276 692000
47 11:13:16 5724 692000
49 11:14:19 724 692000
51 11:19:09 2479 688950
50 11:19:09 1000 688951
52 11:21:13 500 688951
53 11:22:56 4351 691617
55 11:23:19 500 693997
54 11:23:19 968 692000
56 11:23:32 1000 693997
57 11:24:32 1883 693997
58 11:32:52 16258 694200
59 11:33:39 9942 694480
60 11:37:01 593 694200
62 11:40:26 215 694200
61 11:40:26 8149 694200
63 11:41:03 785 694200
64 12:01:47 1500 691619
65 12:01:59 37 691619
66 12:15:03 500 691618