1 09:03:15 873 683001
2 09:18:22 240 686499
4 09:18:28 1000 686500
3 09:18:28 240 686500
5 09:21:10 1000 686900
6 09:21:26 1000 686900
7 09:21:34 1000 686900
8 09:21:51 1000 686900
9 09:25:38 5000 685002
10 09:27:26 5000 685004
11 09:46:47 1132 686069
12 09:49:42 8 688949
13 10:09:54 468 686069
14 10:13:21 980 686071
15 10:21:20 1527 686071
20 10:31:51 2500 688940
19 10:31:51 500 688910
18 10:31:51 1000 688900
17 10:31:51 500 688900
16 10:31:51 500 688899
25 10:44:55 2928 688940
24 10:44:55 20000 688940
23 10:44:55 50 688940
22 10:44:55 56 688940
21 10:44:55 72 688939
26 10:58:46 4573 688900
32 10:59:23 5929 689900
31 10:59:23 9 689900
30 10:59:23 500 689800
29 10:59:23 50 688949
28 10:59:23 40 688940
27 10:59:23 72 688940
35 11:16:29 2248 689900
34 11:16:29 73 689900
33 11:16:29 73 689899
38 11:40:15 7706 689000
37 11:40:15 1491 689000
36 11:40:15 6000 688900
41 12:01:46 288 689995
40 12:01:46 60 689995
39 12:01:46 52 689995
42 12:15:55 7000 689000
44 12:16:51 8000 690001
43 12:16:51 312 689995
45 12:28:11 500 689000