1 09:32:14 2212 658000
3 09:34:10 2212 658000
2 09:34:10 22788 658000
4 09:34:14 3942 658000
6 09:37:14 21058 658000
5 09:37:14 1760 658001
7 09:38:09 2182 658000
8 09:39:59 25000 660000
9 09:42:54 15182 660000
10 10:09:23 300 659901
11 10:10:09 2590 659901
12 10:10:59 110 659901
14 10:11:12 14035 659901
13 10:11:12 465 659900
15 10:14:06 2113 659901
16 10:31:56 10 660980
17 10:32:07 10 660980
18 10:32:12 10 660980
19 10:37:52 2300 660000
20 10:37:54 100 660990
21 10:39:40 100 660990
22 10:42:09 100 660990
24 10:43:51 6 660990
23 10:43:51 700 660990
25 10:44:44 2248 661000
26 10:46:41 800 661500
30 10:48:09 7517 660010
29 10:48:09 100 660100
28 10:48:09 85 660101
27 10:48:09 100 660900
30 10:48:09 7517 660010
29 10:48:09 100 660100
28 10:48:09 85 660101
27 10:48:09 100 660900
31 10:49:07 470 661758
32 10:51:25 5000 661759
33 11:12:18 50 662000
34 11:20:51 691 660200
35 11:32:26 11 660020
37 11:35:51 19989 660020
36 11:35:51 790 660021
38 11:41:56 10 662000
39 12:05:25 137 660010
41 12:05:52 1444 660010
40 12:05:52 46 660010
42 12:20:59 10 661450