1 09:00:04 59 667887
2 09:26:13 100 665000
3 09:27:04 200 665000
4 09:40:05 200 665000
5 09:50:04 150 665000
6 09:59:00 200 663600
7 10:00:42 650 663600
8 10:07:40 4000 665000
9 10:17:43 4000 665000
10 10:28:55 4348 664000
13 10:30:58 1831 662000
12 10:30:58 1000 662000
11 10:30:58 2000 663000
14 10:42:05 100 664500
15 10:43:45 20 664500
16 10:49:00 200 664500
18 10:50:22 620 664500
17 10:50:22 680 664500
19 10:56:12 5474 664500
20 10:56:54 1831 664640
21 11:00:02 1790 665000
22 11:25:40 100 663601
23 11:25:43 740 663500
26 11:37:54 42 663112
25 11:37:54 260 663500
24 11:37:54 191 663501
27 11:38:28 453 663112
29 11:38:52 10 663111
28 11:38:52 502 663112
30 11:39:01 346 663011
31 11:53:56 1976 663011