2 09:00:04 100 668500
1 09:00:04 400 668500
3 09:21:16 69 669500
4 09:23:29 1064 670000
5 09:26:22 320 670000
6 09:26:41 1065 670000
8 09:28:07 266 670000
7 09:28:07 800 670001
12 09:38:09 1547 677777
11 09:38:09 200 677759
10 09:38:09 1254 677758
9 09:38:09 149 677755
13 09:56:33 170 670001
14 09:56:59 149 670000
15 09:58:31 129 670000
16 09:59:39 100 670000
20 10:40:33 127 670000
19 10:40:33 10 670000
18 10:40:33 71 670000
17 10:40:33 1547 670010
21 10:43:20 3745 670000
23 10:55:14 485 670000
22 10:55:14 89 670000
24 10:56:37 20 670000
25 10:57:08 20 670000
26 11:00:07 386 670000
27 11:01:08 6449 668925
28 11:01:29 6803 668925
29 11:03:10 103 671000
32 11:11:06 4827 671000
31 11:11:06 1488 670999
30 11:11:06 1461 670998
33 12:02:14 2179 668250
34 12:03:26 50 671830
35 12:03:49 71 671840
36 12:04:16 838 668250
37 12:12:46 17383 670300
40 12:22:55 5922 670500
39 12:22:55 446 670500
38 12:22:55 3017 670400
41 12:24:43 892 670899
42 12:26:37 1980 668400
43 12:28:07 7459 669006
44 12:28:09 473 669006
45 12:28:11 997 669006