1 09:35:29 10 675030
2 09:36:58 446 675030
6 09:47:09 846 675020
5 09:47:09 10 675030
4 09:47:09 544 675030
3 09:47:09 100 675031
7 10:00:47 20 675040
9 10:12:06 327 675030
8 10:12:06 1134 675040
10 10:20:33 1086 675030
12 10:27:42 400 676000
11 10:27:42 8 676000
19 10:31:18 1829 676500
18 10:31:18 446 676500
17 10:31:18 500 676400
16 10:31:18 374 676400
15 10:31:18 20 676400
14 10:31:18 8 676400
13 10:31:18 11 676400
20 10:32:01 4229 676500
21 10:59:41 2071 676000
22 11:00:01 1763 676000
23 11:02:20 1500 676000
24 11:02:30 10097 676000
25 11:03:38 4161 676000
26 11:03:52 495 675030
27 11:03:59 3494 675030
29 11:05:03 1155 675030
28 11:05:03 257 675031
31 11:08:43 6473 675200
30 11:08:43 2050 675201
35 11:54:58 478 675200
34 11:54:58 200 675201
33 11:54:58 10 675225
32 11:54:58 1000 675225
36 12:05:48 60 675200
37 12:14:58 500 675200
38 12:20:13 2859 675891
39 12:24:06 953 675200
40 12:27:20 279 675200