1 09:00:39 1343 695000
2 09:03:36 204 695000
3 09:13:34 1876 694000
6 09:16:19 91 698000
5 09:16:19 2000 698000
4 09:16:19 2629 698000
7 09:18:03 709 698000
8 09:19:40 478 697001
9 09:48:23 9068 697003
10 09:51:07 5502 697010
16 09:59:33 366 697003
15 09:59:33 17 697004
14 09:59:33 25 697004
13 09:59:33 19 697004
12 09:59:33 36 697004
11 09:59:33 51 697004
18 10:25:07 2302 697750
17 10:25:07 1500 697750
19 10:47:28 1308 697030
21 10:48:17 241 697030
20 10:48:17 890 697030
22 10:59:05 791 697030
23 11:00:19 776 697030
24 11:03:37 21493 697889
25 11:17:22 2176 697890
26 11:18:13 1792 697352
27 11:19:47 600 697373
30 11:30:57 7200 699993
29 11:30:57 4720 699992
28 11:30:57 3041 699992
39 11:39:25 5429 701000
38 11:39:25 300 700999
37 11:39:25 2000 700000
36 11:39:25 33 700000
35 11:39:25 19 699999
34 11:39:25 25 699999
33 11:39:25 51 699999
32 11:39:25 36 699999
31 11:39:25 17 699999
40 11:50:04 165 698006
41 11:57:35 2530 698023
42 12:11:54 4368 698102
44 12:16:16 21255 699000
43 12:16:16 235 698500
47 12:19:50 23185 700000
46 12:19:50 1015 700000
45 12:19:50 800 699999
47 12:19:50 23185 700000
46 12:19:50 1015 700000
45 12:19:50 800 699999
51 12:19:51 23185 700000
50 12:19:51 1815 700000
49 12:19:51 23185 700000
48 12:19:51 1815 700000
51 12:19:51 23185 700000
50 12:19:51 1815 700000
49 12:19:51 23185 700000
48 12:19:51 1815 700000
54 12:19:52 1815 700000
53 12:19:52 23185 700000
52 12:19:52 1815 700000
54 12:19:52 1815 700000
53 12:19:52 23185 700000
52 12:19:52 1815 700000
55 12:24:24 1103 698121