1 09:12:31 100 674168
2 09:17:45 550 674168
3 09:20:02 1000 674168
8 09:39:27 1172 674169
7 09:39:27 25 674169
6 09:39:27 10 674199
5 09:39:27 60 674199
4 09:39:27 60 674199
12 09:56:23 7481 674168
11 09:56:23 10 674169
10 09:56:23 1828 674169
9 09:56:23 1800 674171
13 10:07:16 568 674168
14 10:15:19 1070 675700
15 10:15:37 12 675700
17 10:32:26 865 674168
16 10:32:26 444 674169
18 10:36:19 667 674168
19 10:36:34 572 675600
21 10:40:22 1657 675000
20 10:40:22 454 675000
23 10:43:10 2124 675000
22 10:43:10 146 675001
24 10:43:21 4801 675000
25 10:45:53 10714 675001
26 10:51:34 300 675000
27 10:53:57 3000 675000
28 11:05:21 350 675000
29 11:07:21 876 675000
30 11:12:10 3918 675000
31 11:12:19 1411 675000
32 11:14:05 2357 675000
34 11:16:07 1213 675000
33 11:16:07 460 675001
36 11:18:36 861 675000
35 11:18:36 2539 675000
37 11:20:05 17800 675000
38 11:26:21 200 675000
39 11:40:06 162 675000
43 11:41:11 15997 675800
42 11:41:11 2000 675682
41 11:41:11 1189 675600
40 11:41:11 10 675600
44 11:48:52 135 675001
45 11:49:38 416 675000
46 11:51:49 65 675000
48 12:13:10 2815 675000
47 12:13:10 8 675001
53 12:15:35 12500 676500
52 12:15:35 698 676499
51 12:15:35 200 676000
50 12:15:35 1500 676000
49 12:15:35 10 676000
54 12:15:56 100 675000