1 09:38:02 148 692600
2 09:39:47 414 694000
3 09:41:33 1005 695000
5 09:45:02 2366 692600
4 09:45:02 634 692700
6 10:02:48 3812 692600
9 10:21:32 17000 698000
8 10:21:32 1200 697900
7 10:21:32 1125 696000
11 10:21:50 10699 698900
10 10:21:50 25000 698900
21 10:28:36 480 700000
20 10:28:36 200 700000
19 10:28:36 7826 700000
18 10:28:36 13758 700000
17 10:28:36 7770 700000
16 10:28:36 1000 699690
15 10:28:36 300 699690
14 10:28:36 1000 698900
13 10:28:36 1000 698889
12 10:28:36 172 698889
23 11:10:19 1445 692713
22 11:10:19 755 692713
24 11:30:03 400 692800
25 11:30:35 6090 692800
27 11:30:45 1555 692750
26 11:30:45 10 692800
28 11:31:01 392 692702
29 11:40:47 500 692710
30 11:42:36 3500 692703
31 11:44:14 357 692703
32 11:51:58 2000 692705
33 11:53:49 2100 692706
34 11:55:32 730 692707
36 11:58:44 5000 692708
35 11:58:44 2462 692708
38 11:58:45 5000 692708
37 11:58:45 5000 692708
39 12:02:43 2000 692709
41 12:03:00 97 692709
40 12:03:00 903 692709
43 12:04:21 1462 692708
42 12:04:21 538 692708
44 12:13:00 5000 693000
45 12:13:50 8000 693000
47 12:14:01 1350 693500
46 12:14:01 650 693000
48 12:16:22 2911 693300
49 12:16:46 5000 693300
50 12:19:35 400 692715
56 12:20:00 2628 692710
55 12:20:00 1538 692712
54 12:20:00 8 692713
53 12:20:00 1250 692715
52 12:20:00 623 692716
51 12:20:00 1743 692716
58 12:20:01 2670 692710
57 12:20:01 2197 692710
59 12:21:48 200 693000
61 12:22:24 7800 692710
60 12:22:24 200 692711
62 12:22:47 800 692710
63 12:23:32 2558 692710
65 12:24:00 4119 693000
64 12:24:00 1450 693000
66 12:29:09 200 693999
67 12:29:37 200 693999