1 09:19:04 5650 654000
2 09:20:59 9870 655000
10 09:38:07 4561 645599
9 09:38:07 4100 645600
8 09:38:07 90 645600
7 09:38:07 20 650500
6 09:38:07 200 650500
5 09:38:07 8 653137
4 09:38:07 950 653137
3 09:38:07 71 653138
11 09:38:19 8 655999
12 09:40:20 9029 655000
14 09:46:24 29 655000
13 09:46:24 971 655000
15 09:46:27 1000 655000
16 09:46:29 1000 655000
17 09:46:31 1000 655000
18 09:46:33 1000 655000
19 09:46:35 1000 655000
20 09:46:36 1000 655000
21 09:46:44 3000 655000
22 09:46:50 720 655000
23 09:46:51 251 655000
24 09:47:03 497 653066
25 09:47:22 3502 653065
26 09:47:40 1 653065
27 09:47:56 991 653065
30 10:11:19 4321 653155
29 10:11:19 1750 653155
28 10:11:19 497 653156
33 10:44:12 302 656000
32 10:44:12 498 655999
31 10:44:12 200 655990
34 10:44:42 250 656000
35 10:48:19 70 654000
36 10:50:42 10 654000
37 10:51:56 3000 654000
38 10:52:26 1000 654000
39 10:53:02 70 654000
40 10:53:20 30 654000
41 10:53:37 100 654000
42 10:53:53 100 654000
43 10:54:16 2200 654000
44 10:54:50 50 654000
45 10:55:33 30 653226
46 10:55:56 18 653226
47 11:00:30 458 653226
48 11:02:04 3300 653226
49 11:02:33 70 653226
50 11:02:41 981 653226
52 11:02:56 328 653226
51 11:02:56 291 653226
53 11:03:07 1681 654000
54 11:08:43 1000 656000
55 11:44:15 500 655100
57 12:05:03 2600 654201
56 12:05:03 160 654201
58 12:05:50 800 655500
59 12:09:03 5000 655000
60 12:09:50 5000 655000
64 12:21:18 8008 654000
63 12:21:18 1998 654001
62 12:21:18 45 654003
61 12:21:18 45 654003
65 12:21:37 5000 655000