1 09:02:10 1000 666500
2 09:08:09 500 666600
3 09:10:07 300 666702
4 09:11:12 200 667001
5 09:19:22 5000 668000
6 09:20:56 1000 668000
7 09:22:38 3000 668000
10 09:25:27 420 666502
9 09:25:27 30 667002
8 09:25:27 50 667002
11 09:25:53 500 666502
12 09:28:37 1000 668000
13 09:30:34 600 666502
15 09:32:24 483 668000
14 09:32:24 1017 668000
16 09:53:24 300 668000
17 10:21:09 2430 666600
19 10:30:01 4217 668000
18 10:30:01 525 667998
20 10:32:43 149 668000
21 10:41:28 744 666530
22 11:02:46 31 668000
23 11:04:30 55 668000
24 11:09:00 270 667999
28 11:13:25 582 668000
27 11:13:25 1239 668000
26 11:13:25 9765 668000
25 11:13:25 281 667999
32 11:27:41 10000 670000
31 11:27:41 1100 670000
30 11:27:41 2430 670000
29 11:27:41 1000 669996
34 11:42:20 10000 670000
33 11:42:20 10 669000
35 11:51:37 15000 670000
36 12:06:09 8 686981