5 09:00:06 172 710000
4 09:00:06 262 710000
3 09:00:06 759 710000
2 09:00:06 2000 710000
1 09:00:06 6250 710000
6 09:00:55 3000 710000
7 09:01:20 100 710000
8 09:01:22 100 710000
9 09:01:23 100 710000
10 09:01:24 100 710000
11 09:01:25 100 710000
12 09:01:26 100 710000
14 09:01:28 100 710000
13 09:01:28 100 710000
17 09:01:29 100 710000
16 09:01:29 100 710000
15 09:01:29 1052 710000
18 09:01:30 100 710000
19 09:01:31 100 710000
20 09:01:32 100 710000
21 09:01:33 100 710000
23 09:01:34 100 710000
22 09:01:34 100 710000
24 09:01:35 100 710000
25 09:01:38 100 710000
27 09:01:39 100 710000
26 09:01:39 100 710000
28 09:01:40 100 710000
29 09:01:41 100 710000
31 09:01:42 100 710000
30 09:01:42 100 710000
34 09:01:43 100 710000
33 09:01:43 100 710000
32 09:01:43 100 710000
36 09:01:44 100 710000
35 09:01:44 100 710000
39 09:01:45 100 710000
38 09:01:45 100 710000
37 09:01:45 100 710000
40 09:01:46 100 710000
41 09:01:47 100 710000
42 09:01:48 100 710000
44 09:01:49 100 710000
43 09:01:49 100 710000
47 09:01:50 100 710000
46 09:01:50 100 710000
45 09:01:50 100 710000
49 09:01:51 100 710000
48 09:01:51 100 710000
50 09:02:10 69 710000
52 09:03:19 4343 710000
51 09:03:19 505 710000
53 09:03:27 2000 710000
54 09:05:33 388 710000
55 09:20:59 400 688316
56 09:21:59 10000 688217
57 09:23:33 2000 688221
58 09:24:20 1000 688222
59 09:24:49 396 688220
60 09:34:49 604 688250
61 10:03:46 1100 689900
65 10:09:36 753 688502
64 10:09:36 1000 688511
63 10:09:36 115 688511
62 10:09:36 591 688511
67 10:18:43 6168 688541
66 10:18:43 900 688550
69 10:26:23 79 688221
68 10:26:23 10 688332
70 10:27:01 590 688221
71 10:27:05 156 688221
73 10:31:05 916 688217
72 10:31:05 844 688221
74 10:55:43 2000 688219
75 10:58:22 4618 688222
76 11:15:33 722 688850
79 11:15:43 2008 689450
78 11:15:43 4974 689450
77 11:15:43 2119 689450
83 11:15:51 210 690000
82 11:15:51 22930 690000
81 11:15:51 2070 690000
80 11:15:51 25000 690000
84 11:24:56 254 688300
85 11:40:09 52 688401
89 11:42:03 17004 688305
88 11:42:03 2 688400
87 11:42:03 7746 688400
86 11:42:03 248 688401
90 11:42:07 5000 688305
92 11:48:53 237 690000
91 11:48:53 500 690000
93 11:57:40 577 688500
94 12:07:43 1000 688501
95 12:13:03 967 688502
96 12:18:53 2746 688505
99 12:19:25 515 688406
98 12:19:25 523 688500
97 12:19:25 2000 688504
102 12:20:19 16307 687603
101 12:20:19 4000 688217
100 12:20:19 2481 688406
103 12:21:47 1307 687603
105 12:25:40 2251 687603
104 12:25:40 1431 687603
106 12:28:03 2479 687603
107 12:29:12 8 689450
108 12:29:56 340 687603