1 09:14:55 2700 670219
2 09:15:01 2503 670219
3 09:15:10 8 677870
4 09:24:03 485 674000
5 09:25:48 1528 674000
6 09:40:52 1000 675000
7 09:47:04 1500 675000
8 09:49:23 6279 675000
9 10:21:28 10000 675000
11 10:21:50 18779 675000
10 10:21:50 6221 675000
12 10:21:56 6221 675000
17 10:28:46 353 677840
16 10:28:46 1800 677839
15 10:28:46 15 677839
14 10:28:46 42 677838
13 10:28:46 1000 677838
18 10:45:55 600 674112
19 10:46:17 140 674112
20 10:46:29 260 674112
23 11:09:14 22000 675000
22 11:09:14 2000 675001
21 11:09:14 1000 675001
24 11:09:17 3000 675000
25 11:10:58 24000 675000
28 11:22:19 22000 675100
27 11:22:19 2000 675111
26 11:22:19 1000 675111
30 11:22:30 1500 675100
29 11:22:30 3000 675100
31 11:27:56 1399 675101
33 11:29:04 2572 675100
32 11:29:04 601 675101
35 11:34:59 2232 675100
34 11:34:59 10 675111
37 11:44:17 950 675100
36 11:44:17 50 675110
38 11:44:42 150 675100
41 11:51:20 475 676800
40 11:51:20 9385 676799
39 11:51:20 140 676798
42 11:51:25 417 676800
43 11:51:54 140 675213
44 11:52:21 650 675213
45 11:52:43 200 675213
46 11:55:07 3429 675213
49 12:07:13 832 675100
48 12:07:13 50 675110
47 12:07:13 500 675110
51 12:16:56 600 675100
50 12:16:56 50 675110
52 12:21:49 2000 675900
53 12:29:53 111 675111