1 09:19:12 140 696890
2 09:27:14 31 696890
3 09:28:39 100 694700
4 09:28:39 300 694501
5 09:28:39 3000 694430
6 09:28:39 38 694422
7 09:36:43 10000 694500
8 09:40:18 85 694551
9 09:41:38 1200 696000
10 09:41:38 8800 696890
11 09:45:47 10337 696890
12 09:45:47 662 696900
13 09:45:47 3685 696950
14 09:45:47 10000 699989
15 09:45:47 316 699990
16 09:45:48 2684 699990
18 10:12:27 147 699989
17 10:12:27 123 699989
19 10:33:00 1766 698900
20 10:33:00 2853 698990
21 10:33:00 11279 699000
22 11:02:10 1241 695608
23 11:04:27 1472 695894
24 11:04:43 2033 696000
24 11:04:43 2033 696000
25 11:20:27 6226 695627
25 11:20:27 6226 695627
25 11:20:27 6226 695627
26 11:20:37 1368 695627
26 11:20:37 1368 695627
26 11:20:37 1368 695627
30 11:55:41 5684 699444
31 11:55:41 1000 699900
27 11:55:41 182 699000
28 11:55:41 715 699300
29 11:55:41 1472 699443
32 11:55:48 9500 699999
33 11:55:48 1368 699999
34 12:20:38 1016 695750