2 09:28:36 216 703873
1 09:28:36 890 703873
3 09:29:03 199 703873
4 09:48:27 1 704932
5 09:48:31 1 704930
8 09:54:55 3225 704083
7 09:54:55 2 704092
6 09:54:55 1 704532
10 09:59:59 2464 704193
9 09:59:59 749 704195
14 10:17:07 147 704299
13 10:17:07 802 704300
12 10:17:07 142 704500
11 10:17:07 2 704595
16 10:20:37 2042 704299
15 10:20:37 1600 704301
17 10:24:55 99 704361
18 10:32:35 7 704500
19 10:53:28 1800 704413
20 10:53:37 1923 704413
21 10:53:42 10000 704413
22 10:53:57 1197 704413
23 10:54:15 4800 704413
24 10:54:16 20 704413
25 10:54:50 195 704413
26 10:55:53 141 704411
28 10:57:44 50 704350
27 10:57:44 700 704350
30 10:57:51 1939 704292
29 10:57:51 950 704350
31 10:59:37 4357 704292
36 11:04:38 10118 704413
35 11:04:38 14882 704413
34 11:04:38 5065 704413
33 11:04:38 271 704412
32 11:04:38 4782 704411
37 11:25:49 18704 704292
38 11:25:57 6296 704292
39 11:32:07 11089 705000
42 11:44:18 8888 705998
41 11:44:18 218 705998
40 11:44:18 894 705998
43 11:44:27 2000 705998
44 11:45:00 1000 705998
45 11:58:01 599 704070
47 12:05:40 460 704070
46 12:05:40 710 704100
48 12:06:59 373 704070
50 12:07:39 3337 704066
49 12:07:39 1068 704070
51 12:07:56 3014 705000
59 12:11:16 6761 705979
58 12:11:16 2696 705900
57 12:11:16 1653 705900
56 12:11:16 1800 705899
55 12:11:16 2612 705799
54 12:11:16 6676 705799
53 12:11:16 802 705799
52 12:11:16 2000 705700
60 12:11:17 3239 705979
63 12:11:33 60 706000
62 12:11:33 10000 706000
61 12:11:33 2115 705980
67 12:15:32 8305 707596
66 12:15:32 14995 707595
65 12:15:32 1000 707590
64 12:15:32 700 707590
70 12:15:33 16695 707596
69 12:15:33 8305 707596
68 12:15:33 16695 707596
71 12:16:43 2000 704071
72 12:17:01 2000 704071
73 12:26:52 1769 704500
75 12:29:05 60 704500
74 12:29:05 231 704500