2 09:10:11 48 690000
1 09:10:11 952 689999
3 09:14:03 1000 690000
4 09:22:12 1000 688100
5 09:22:51 220 688000
6 09:26:42 13446 689000
7 09:28:38 200 690000
8 09:30:08 100 690000
9 09:31:29 200 690000
10 09:32:48 39 688000
11 09:54:21 3243 688406
12 10:03:48 2000 688203
13 10:22:02 253 688501
14 10:27:13 357 688501
15 10:30:01 514 688898
16 10:30:20 813 688501
17 10:33:38 500 689000
18 10:33:49 500 689000
19 10:33:57 500 689000
20 10:34:03 500 689000
21 10:34:11 500 689000
22 10:34:23 500 689000
23 10:34:32 500 689000
24 10:34:43 500 689000
25 10:34:54 500 689000
26 10:35:04 500 689000
27 10:35:12 500 689000
28 10:36:42 500 689000
29 10:36:54 500 689000
30 10:36:59 500 689000
31 10:37:09 500 689000
32 10:37:15 500 689000
33 10:37:24 516 689000
40 11:05:08 2892 690000
39 11:05:08 1307 690000
38 11:05:08 879 690000
37 11:05:08 16202 690000
36 11:05:08 61 689990
35 11:05:08 444 689500
34 11:05:08 315 689500
42 11:12:02 1404 690000
41 11:12:02 219 690000
43 11:43:22 1000 690004
44 11:44:05 30 690004
46 11:56:29 300 690003
45 11:56:29 347 690004
47 12:05:07 1334 689000
48 12:13:31 8698 690000