1 09:09:29 11149 683501
2 09:12:38 1340 683501
4 09:15:37 277 683600
3 09:15:37 2511 683601
7 09:16:02 1367 683000
6 09:16:02 2000 683500
5 09:16:02 1723 683600
9 09:32:21 200 683000
8 09:32:21 633 683000
10 09:32:46 482 683000
11 09:43:57 6111 685301
12 09:58:54 17588 685500
13 09:59:08 25000 685500
14 09:59:25 25000 685500
16 10:02:01 5329 685301
15 10:02:01 1000 685302
17 10:08:37 537 685301
18 10:18:34 2000 685350
19 10:18:46 620 685310
20 10:21:08 800 685350
23 10:31:55 1238 685301
22 10:31:55 2380 685310
21 10:31:55 1200 685350
24 10:32:40 533 685301
27 11:01:28 5000 685301
26 11:01:28 3000 685310
25 11:01:28 2000 685350
28 11:01:36 4000 685301
29 11:06:27 1000 685301
30 11:09:18 2000 685300
31 11:13:33 3000 685300
33 11:18:55 3778 685300
32 11:18:55 8039 685300
34 11:32:14 260 683110
35 11:34:05 540 683110
36 11:34:55 635 683100
38 11:36:17 3494 685000
37 11:36:17 1033 685000
41 11:48:59 2110 683100
40 11:48:59 500 683110
39 11:48:59 10 683110
42 11:54:04 4 683120
47 11:55:15 239 683100
46 11:55:15 255 683100
45 11:55:15 5000 683110
44 11:55:15 10 683110
43 11:55:15 496 683120
49 12:11:08 10 683110
48 12:11:08 500 683110
50 12:11:58 10 683110
51 12:14:44 10 683110
52 12:15:38 10 683110
53 12:18:59 10 683110
54 12:19:47 20 683110
56 12:20:24 1249 683100
55 12:20:24 1000 683101
57 12:20:30 2604 683100
58 12:21:09 430 683110
60 12:29:07 98 683120
59 12:29:07 2470 683130