1 09:04:00 2486 665500
2 09:04:09 1900 665500
3 09:28:02 501 661009
4 09:28:29 501 661009
5 09:28:54 4400 661008
6 09:29:02 10 661008
7 09:29:10 3000 661008
8 09:29:14 151 661008
9 09:29:15 2626 661008
14 09:38:27 510 661008
13 09:38:27 100 661100
12 09:38:27 1000 661111
11 09:38:27 800 661121
10 09:38:27 590 661122
16 09:51:17 429 665500
15 09:51:17 1000 665499
17 09:51:41 700 665500
18 09:52:07 200 665500
20 09:52:20 100 665554
19 09:52:20 100 665500
22 09:52:31 140 665554
21 09:52:31 60 665554
23 09:59:24 11 665553
24 10:00:57 2200 665500
25 10:02:48 140 665499
26 10:04:47 5000 665498
27 10:06:36 5000 665490
28 10:08:18 6910 665499
30 10:13:22 3704 666000
29 10:13:22 312 666000
31 10:15:55 10 666400
31 10:15:55 10 666400
32 10:20:20 50 667795
35 10:35:44 1654 662600
34 10:35:44 1000 662601
33 10:35:44 900 663000
36 10:37:06 366 667887
37 10:38:04 122 667887
38 10:44:17 900 663000
39 10:45:12 900 663000
39 10:45:12 900 663000
40 10:45:17 552 663000
40 10:45:17 552 663000
44 10:52:53 4501 663999
43 10:52:53 3001 663999
42 10:52:53 1501 663999
41 10:52:53 266 663998
46 10:58:54 6351 663000
45 10:58:54 592 663001
48 11:01:05 3300 663000
47 11:01:05 3300 663000
49 11:16:46 100 664999
50 11:21:18 100 664998
51 11:40:11 136 663383
52 11:42:39 8804 663383
53 11:49:48 22 664375
54 11:51:09 131 664997
56 11:53:48 11256 665000
55 11:53:48 3169 664997
57 11:55:48 150 666000
58 11:55:59 2096 666000
60 11:56:26 24920 666999
59 11:56:26 71 666900
61 11:57:14 185 667882
62 12:02:12 2339 664400
64 12:02:17 4383 664377
63 12:02:17 2661 664400
65 12:02:22 1579 666000
66 12:06:56 19 666001
71 12:14:28 1260 668560
70 12:14:28 1501 668481
69 12:14:28 800 667888
68 12:14:28 50 667887
67 12:14:28 15 667886
73 12:14:47 19980 668950
72 12:14:47 2100 668899
74 12:17:26 3090 666001
75 12:21:02 10 668999
77 12:22:56 8 666001
76 12:22:56 2 668999