1 09:00:26 800 693000
2 09:02:04 500 693100
3 09:02:42 200 693100
4 09:03:03 16 693100
6 09:12:14 8 693100
5 09:12:14 1302 693092
7 09:16:12 500 693001
9 09:43:47 810 693003
8 09:43:47 190 693005
11 09:49:39 2030 693001
10 09:49:39 1690 693003
12 09:57:23 1690 693004
13 10:02:13 403 693003
14 10:21:10 718 693005
15 10:24:32 1282 693005
16 10:24:46 119 693003
18 10:30:10 11022 693001
17 10:30:10 1478 693003
19 10:31:11 312 693001
20 10:31:54 391 693001
21 10:36:33 300 693003
22 10:49:11 2000 693700
23 10:53:23 990 693003
24 11:11:13 704 693005
26 11:15:55 1725 693057
25 11:15:55 100 693057
28 11:18:42 581 693005
27 11:18:42 2000 693007
29 11:23:14 588 693007
30 11:28:44 100 693051
31 11:29:55 100 693051
32 11:38:05 8 693111
33 11:40:50 100 693111
34 11:41:19 764 693111
35 11:48:14 2000 693055
36 11:48:51 911 693222
37 11:53:37 100 693230
38 11:53:48 100 693230
39 11:53:59 200 693230
41 12:03:07 2954 693230
40 12:03:07 327 693231
42 12:05:27 501 693230
43 12:16:44 1000 693230
44 12:18:33 3584 693230
45 12:19:06 1561 693230
47 12:25:18 423 693008
46 12:25:18 2000 693010
48 12:26:37 6161 693008