1 09:23:03 8 684000
2 09:26:40 2880 684000
4 09:31:07 300 685000
3 09:31:07 247 685000
5 09:31:41 470 685490
6 09:44:09 1000 685385
7 09:45:50 877 685433
8 09:47:27 800 685480
9 09:47:47 3018 685490
10 09:48:07 3044 685500
11 10:09:33 20596 685490
12 10:09:47 1837 685499
13 10:11:10 15068 685200
14 10:11:36 3575 685200
15 10:15:00 1000 685500
16 10:15:14 200 685500
17 10:22:02 1358 685307
18 10:22:36 1874 685307
19 10:24:52 1284 685307
20 10:32:47 10000 685401
21 10:33:37 3122 685401
22 10:37:02 5000 685145
23 10:39:38 514 685145
25 10:44:11 3381 685144
24 10:44:11 9486 685145
27 10:47:09 14712 685146
26 10:47:09 10000 685147
28 10:49:07 1190 685159
29 10:51:11 9000 685184
30 10:54:32 6000 685211
31 10:54:44 3098 685211
37 10:55:14 4772 685407
36 10:55:14 6651 685407
35 10:55:14 2000 685407
34 10:55:14 10000 685400
33 10:55:14 3849 685400
32 10:55:14 2500 685350
38 10:58:30 8556 685145
39 11:13:06 11532 685149
41 11:14:53 992 685160
40 11:14:53 468 685161
42 11:16:37 40 685145
43 11:23:52 2404 685261
44 11:23:58 511 685261
45 11:25:04 1400 685270
46 11:25:35 1700 685300
47 11:27:26 1500 685300
48 11:28:53 1300 685400
49 11:39:41 100 685650
50 11:44:59 6057 685264
51 11:49:16 1000 685660
54 11:51:22 1000 685800
53 11:51:22 1341 685800
52 11:51:22 3176 685800
55 11:51:52 6517 686000
56 11:57:10 3830 685301
57 12:09:17 3479 685306
58 12:23:43 300 685311