1 09:11:16 200 760059
2 09:14:17 329 760069
3 09:16:26 1671 760069
4 09:16:31 10 760069
5 09:17:06 10000 760060
6 09:17:18 2783 760060
7 09:17:28 100 760069
8 09:18:09 2000 760069
9 09:18:50 3000 760060
10 09:19:39 20000 760069
11 09:19:55 1219 760069
12 09:20:18 1104 760069
13 09:20:36 100 760069
14 09:20:45 77 760069
15 09:22:27 2000 760069
16 09:22:47 1230 760060
17 09:24:41 1000 760069
18 09:25:38 241 760069
19 09:27:10 410 760069
20 09:32:34 563 760080
21 09:39:35 20 760084
22 09:42:24 29 761000
23 09:43:11 471 761000
24 09:44:15 50 760090
25 09:45:33 35 760090
26 09:47:26 1 760094
27 09:47:39 118 761000
28 09:48:03 182 761000
29 09:48:35 3 760094
30 09:49:24 3 760100
31 09:50:41 2 760100
33 09:53:56 1 760200
32 09:53:56 100 760300
34 09:54:44 100 761000
40 09:58:07 707 761500
39 09:58:07 500 761500
38 09:58:07 7 761000
37 09:58:07 150 761000
36 09:58:07 530 761000
35 09:58:07 41 761000
41 10:00:44 7 761500
43 10:01:18 1243 760200
42 10:01:18 100 760300
44 10:08:08 1569 760203
46 10:09:05 1172 760200
45 10:09:05 431 760203
47 10:30:39 1624 760184
48 10:31:59 1857 760184
49 10:32:50 2 760200
51 10:36:51 7 760500
50 10:36:51 2 760500
52 10:37:46 20 760200
53 10:40:29 1029 760200
54 10:42:50 500 760200
56 10:49:13 240 760200
55 10:49:13 949 760200
57 10:56:40 100 760201
58 10:59:44 604 760201
59 11:00:17 694 760201
60 11:03:58 100 760201
63 11:05:35 64 760200
62 11:05:35 1500 760201
61 11:05:35 2 760201
64 11:07:43 520 760201
65 11:13:26 100 760201
66 11:16:33 435 760201
67 11:28:04 100 760201
68 11:36:26 350 760201
72 11:42:05 4567 760200
71 11:42:05 1500 760201
70 11:42:05 10 760201
69 11:42:05 495 760201
73 11:46:42 1968 760171
74 11:52:31 879 760184
75 11:56:58 1461 760191
76 12:05:41 30 760194
80 12:07:19 25000 760200
79 12:07:19 25000 760200
78 12:07:19 25000 760200
77 12:07:19 25000 760200
81 12:07:53 100 760194
82 12:13:55 500 760197
83 12:14:04 150 760295
84 12:14:11 360 760197
85 12:14:50 392 760200
86 12:18:04 7 760300
93 12:28:03 4743 760180
92 12:28:03 2000 760183
91 12:28:03 1000 760190
90 12:28:03 2000 760193
89 12:28:03 2000 760196
88 12:28:03 7257 760200
87 12:28:03 1000 760200
94 12:28:44 100 760180