1 09:04:17 140 770001
3 09:07:38 332 770001
2 09:07:38 200 771000
4 09:12:00 237 770001
5 09:17:04 1 770001
6 09:19:13 4122 770001
7 09:24:30 100 770900
9 09:29:53 103 770041
8 09:29:53 168 770042
10 09:30:47 419 770041
11 09:32:52 110 770000
12 09:35:55 286 770000
13 09:35:56 122 770000
16 09:48:27 1260 769050
15 09:48:27 10 769050
14 09:48:27 30 769050
17 09:51:37 1657 770000
18 09:59:47 1000 771500
19 10:03:55 1348 771000
21 10:09:11 650 770060
20 10:09:11 150 770100
24 10:15:10 1000 773000
23 10:15:10 2000 773000
22 10:15:10 1000 772000
25 10:15:15 9 770060
26 10:16:38 50 770060
28 10:28:21 50 770110
27 10:28:21 291 770110
29 10:31:02 112 770110
30 10:31:17 415 770110
34 10:46:42 341 770100
33 10:46:42 120 770120
32 10:46:42 200 770200
31 10:46:42 200 770300
35 10:50:42 900 770200
36 10:52:28 30 770200
37 11:06:49 1066 770200
38 11:15:55 555 770222
39 11:25:27 7 773480
40 11:37:34 2868 772998
42 11:47:06 1000 772998
41 11:47:06 415 772998
43 11:49:07 250 770211
44 11:49:25 422 772500
47 11:51:52 80 770211
46 11:51:52 10 770211
45 11:51:52 800 770211
49 11:52:14 210 770200
48 11:52:14 150 770210
50 11:52:24 50 770211
51 11:53:06 30 770211
52 11:53:25 10 770211
53 11:53:38 120 770211
56 12:09:43 280 770200
55 12:09:43 50 770210
54 12:09:43 70 770210
57 12:14:06 34 770500
58 12:21:45 403 771900