1 09:10:08 444 755010
2 09:13:50 815 755021
3 09:30:32 92 756001
4 09:31:03 333 756001
5 09:34:41 91 756001
6 09:38:07 60 756010
7 09:39:58 1440 756010
8 09:40:52 825 756010
9 09:41:41 80 757000
12 09:47:04 329 756002
11 09:47:04 2040 756003
10 09:47:04 1500 756010
14 09:48:22 312 756000
13 09:48:22 1171 756002
16 09:58:05 494 757263
15 09:58:05 30 757000
17 10:02:14 119 756101
20 10:18:56 679 758000
19 10:18:56 2313 758000
18 10:18:56 2008 757000
21 10:25:24 453 756201
22 10:37:01 1800 756401
23 10:54:43 368 757001
24 11:02:27 100 757200
25 11:05:36 3000 757010
26 11:07:31 432 757002
27 11:08:06 1 757002
28 11:08:28 550 757002
31 11:21:43 247 757100
30 11:21:43 9753 757100
29 11:21:43 20 757100
33 11:22:11 468 757002
32 11:22:11 200 757010
34 11:23:49 4633 757100
35 11:28:05 1000 757110
37 11:28:26 150 757150
36 11:28:26 840 757110
42 11:31:12 916 757001
41 11:31:12 1000 757002
40 11:31:12 49 757002
39 11:31:12 120 757010
38 11:31:12 20 757010
45 11:37:04 4480 757001
44 11:37:04 1500 757002
43 11:37:04 20 757010
46 11:41:52 400 757011
47 11:49:37 77 757500
48 11:54:43 2900 757690
49 11:54:44 16 757500
50 11:57:39 527 757500
51 12:01:46 344 757500
52 12:08:20 778 757103
53 12:15:00 1000 758000
54 12:20:42 2 757103
55 12:24:12 10 759920
56 12:29:03 36 757103