1 09:00:05 2048 759100
2 09:05:02 100 759001
3 09:07:03 100 759101
4 09:08:54 200 759101
5 09:08:56 405 759101
6 09:09:13 3344 759101
7 09:10:13 106 760500
8 09:14:52 357 759104
9 09:21:13 100 759242
14 09:28:01 155 760500
13 09:28:01 4 760500
12 09:28:01 200 760500
11 09:28:01 10 760500
10 09:28:01 1000 760490
15 09:35:52 1000 760010
16 09:37:08 2173 760016
17 09:40:42 7 760051
18 09:43:02 1228 760051
19 09:47:31 28 760101
23 09:55:02 2870 760860
22 09:55:02 4798 760775
21 09:55:02 540 760775
20 09:55:02 221 760700
27 09:55:49 18503 762000
26 09:55:49 2048 761999
25 09:55:49 1000 761500
24 09:55:49 20 761000
29 09:56:20 18503 762000
28 09:56:20 6497 762000
30 10:01:53 5000 762000
32 10:03:59 3503 762000
31 10:03:59 1497 762000
33 10:04:08 102 760810
35 10:06:09 20000 760810
34 10:06:09 3000 760813
36 10:08:12 96 760818
37 10:11:25 9 760821
38 10:11:59 14 761320
41 10:12:06 17707 760815
40 10:12:06 2500 760820
39 10:12:06 4793 760821
42 10:12:22 7293 760815
43 10:13:52 7319 761000
44 10:18:57 10380 760905
48 10:20:53 630 762000
47 10:20:53 379 762000
46 10:20:53 8982 762000
45 10:20:53 9 761999
52 10:21:09 17636 762000
51 10:21:09 3926 762000
50 10:21:09 15 762000
49 10:21:09 3423 762000
54 10:21:20 17636 762000
53 10:21:20 7364 762000
56 10:21:35 7364 762000
55 10:21:35 39 761999
57 10:33:05 25000 762000
58 10:33:08 25000 762000
59 10:48:20 10000 762000
60 10:48:24 10000 762000
64 10:50:26 25000 761510
63 10:50:26 25000 761510
62 10:50:26 25000 761510
61 10:50:26 25000 761510
65 10:51:16 587 761501
67 10:52:32 20000 762000
66 10:52:32 5000 762000
69 10:52:37 16 762000
68 10:52:37 5000 762000
70 11:03:32 85 761519
71 11:12:40 70 761541
72 11:17:37 25000 762000
73 11:17:48 10000 762000
74 11:19:23 26 761600
75 11:19:33 3 761600
76 11:22:09 10000 762000
77 11:23:47 10000 762000
78 11:23:54 500 762000
79 11:25:57 3170 762000
80 11:28:38 1455 762000
81 11:31:52 10000 762000
82 11:33:44 970 761800
83 11:34:41 217 761800
84 11:38:43 653 761800
85 11:40:20 259 761801
86 11:45:25 576 761810
87 11:47:14 577 761810
88 11:50:30 397 761810
89 11:50:33 5 761810
90 11:53:05 5000 762000
91 11:54:25 5000 762000
92 11:59:54 71 761811
93 12:08:33 149 761812
94 12:08:58 1000 761812
95 12:10:30 790 761812
96 12:10:38 1500 761812
97 12:16:28 70 761812
98 12:16:30 40 761812
99 12:17:06 790 761813
100 12:17:15 599 761998
101 12:18:49 10 761816
102 12:19:02 10000 762000
103 12:19:07 1000 761817
104 12:28:02 1135 761820