1 09:14:09 172 741000
3 09:29:42 4424 742100
2 09:29:42 300 742101
4 09:44:52 12 742100
5 09:56:23 557 742100
6 09:57:37 1016 742200
7 09:58:23 1484 742200
8 09:59:40 2500 742200
9 10:00:01 2500 742200
10 10:00:18 2500 742200
11 10:01:21 160 743000
12 10:03:02 500 742101
13 10:07:50 20 742200
15 10:08:11 1802 742200
14 10:08:11 698 742190
17 10:10:27 322 742200
16 10:10:27 678 742200
18 10:11:23 200 742200
19 10:15:09 1978 742200
20 10:18:12 2500 742201
21 10:18:24 17000 742201
26 10:18:37 600 742200
25 10:18:37 1000 742200
24 10:18:37 100 742200
23 10:18:37 7 742200
22 10:18:37 150 742201
28 10:21:27 31 742200
27 10:21:27 3143 742200
30 10:24:57 57 743900
29 10:24:57 10 743900
31 10:26:17 2225 743500
32 10:26:26 2775 743500
33 10:27:51 831 743011
34 10:27:57 1000 743011
35 10:28:25 1372 743011
36 10:31:52 102 743011
37 10:31:56 244 743011
38 10:33:22 5000 743011
39 10:40:37 1503 743050
40 10:44:18 10 743050
41 10:50:52 15 743050
42 10:56:04 4000 743050
43 10:57:15 56 743050
45 10:59:16 1000 743890
44 10:59:16 798 743890
46 10:59:26 1943 743900
51 10:59:33 1000 744500
50 10:59:33 5000 744500
49 10:59:33 4064 744000
48 10:59:33 1000 744000
47 10:59:33 4200 743999
52 11:00:27 185 745200
53 11:02:32 1089 745200
54 11:15:32 25000 748000
55 11:15:42 25000 748000
57 11:15:44 5756 748000
56 11:15:44 19244 748000
59 11:15:45 5756 748000
58 11:15:45 19244 748000
60 11:15:57 2000 748000
61 11:17:02 706 748000
70 11:20:05 9 745300
69 11:20:05 24991 745300
68 11:20:05 9 745300
67 11:20:05 43 745300
66 11:20:05 15 745300
65 11:20:05 17 745300
64 11:20:05 10 745300
63 11:20:05 58 745300
62 11:20:05 59 745300
71 11:20:19 24991 745300
73 11:20:32 517 745300
72 11:20:32 9 745300
74 11:20:46 12500 745201
77 11:23:14 11983 745200
76 11:23:14 10 745190
75 11:23:14 435 745190
78 11:23:35 5500 745300
79 11:23:46 815 745300
80 11:23:50 10 745300
81 11:24:01 10 745300
82 11:25:37 1087 745300
83 11:43:56 269 745600
84 11:44:53 10 745601
85 11:46:19 17999 745601
86 11:49:39 1000 746000
87 11:50:46 1000 746000
88 11:55:12 402 746601
89 11:55:57 150 746601
95 12:00:42 508 746601
95 12:00:42 508 746601
96 12:04:12 7 746750
97 12:09:55 2000 746701
98 12:12:25 4027 746701
99 12:13:04 1000 746701
100 12:17:50 243 746701
101 12:18:27 804 746701
103 12:20:31 550 747000
102 12:20:31 1000 747000
105 12:23:15 364 747000
104 12:23:15 1136 747001
106 12:23:28 1136 747000
107 12:23:56 1000 747001
108 12:26:06 1003 747002
109 12:29:53 425 747101
110 12:29:59 2837 747700