9 09:00:04 300 736512
8 09:00:04 321 736512
7 09:00:04 441 736512
6 09:00:04 2142 736512
5 09:00:04 2417 736512
4 09:00:04 4000 736512
3 09:00:04 5692 736512
2 09:00:04 6000 736512
1 09:00:04 7500 736512
11 09:04:24 279 736667
10 09:04:24 300 736667
12 09:06:50 1260 736667
13 09:09:20 153 736669
14 09:32:29 1315 737000
15 09:36:01 200 737001
16 09:36:25 940 737001
19 09:36:48 8 737000
18 09:36:48 2685 737000
17 09:36:48 860 737001
21 09:43:55 41 736721
20 09:43:55 10 736721
22 09:46:34 2000 737000
23 09:46:50 100 736701
24 09:46:51 200 737000
25 09:53:00 20 737000
26 10:04:38 26 736700
27 10:08:40 1974 736700
28 10:11:54 500 736000
29 10:39:05 238 736000
30 10:39:45 1262 736000
32 10:41:37 7 735222
31 10:41:37 488 735222
34 10:43:21 336 735009
33 10:43:21 200 735111
35 10:43:31 26 735009
36 10:44:41 1100 735009
37 10:46:30 200 735010
38 10:48:42 300 735010
39 10:55:15 480 735010
40 10:57:46 5000 735900
41 11:10:57 4000 735970
42 11:11:24 500 735970
44 11:12:45 114 735010
43 11:12:45 20 735010
47 11:14:10 340 736000
46 11:14:10 60 735982
45 11:14:10 500 735970
49 11:18:45 700 735100
48 11:18:45 10 735100
51 11:20:03 500 735013
50 11:20:03 737 735100
54 11:20:18 391 735012
53 11:20:18 1327 735013
52 11:20:18 914 735013
55 11:22:42 9 735100
56 11:23:06 283 735100
57 11:23:37 23 735012
58 11:24:57 500 735012
59 11:25:48 300 735012
60 11:32:24 175 735100
61 11:32:55 4000 735100
62 11:32:56 800 735100
63 11:33:38 140 735500
66 11:44:10 824 735100
65 11:44:10 2260 735110
64 11:44:10 40 735200
67 11:45:54 500 735100
69 11:47:12 24345 735500
68 11:47:12 655 735400
70 11:47:15 655 735500
71 11:56:30 2201 735100
72 11:56:57 10 735100
73 11:58:59 116 735012
77 11:59:22 8 735009
76 11:59:22 81 735009
75 11:59:22 738 735009
74 11:59:22 115 735009
79 11:59:31 145 735007
78 11:59:31 1000 735007
80 12:00:13 782 735007
86 12:01:35 1000 735000
85 12:01:35 68 735000
84 12:01:35 300 735005
83 12:01:35 7 735007
82 12:01:35 1352 735007
81 12:01:35 86 735007
87 12:03:33 680 734482
88 12:03:34 4000 735000
89 12:06:47 7187 735000
90 12:07:39 1000 735000
91 12:07:49 1176 735100
94 12:22:59 3915 734482
93 12:22:59 781 734482
92 12:22:59 1139 734482
95 12:27:28 10 734500