2 09:05:30 793 762015
1 09:05:30 91 762016
3 09:22:17 793 769700
4 09:22:55 25 766021
9 09:30:19 5815 766100
8 09:30:19 50 766140
7 09:30:19 1486 766142
6 09:30:19 1500 766160
5 09:30:19 4182 766161
10 09:34:46 34 769999
11 09:38:21 1000 766116
12 09:38:32 99 766116
13 09:39:02 300 766115
15 09:48:07 3998 766100
14 09:48:07 1000 766102
16 09:49:07 1000 768500
17 09:52:39 1000 768500
18 09:56:25 969 768400
20 09:57:23 533 768399
19 09:57:23 106 768399
21 09:58:10 309 768000
22 09:58:41 300 768000
23 09:59:08 371 768000
25 10:00:07 985 768398
24 10:00:07 467 768397
26 10:00:45 467 768398
27 10:02:10 584 768400
28 10:03:23 584 768400
29 10:03:44 3871 766100
30 10:05:05 11740 768400
32 10:09:13 2064 766120
31 10:09:13 480 766122
33 10:10:16 398 766120
34 10:23:02 14 768000
37 10:24:57 504 768000
36 10:24:57 191 768000
35 10:24:57 500 767000
38 10:26:09 830 766151
39 10:30:04 480 767999
41 10:30:28 5000 768000
40 10:30:28 500 768000
45 10:31:38 534 766120
44 10:31:38 400 766151
43 10:31:38 570 766151
42 10:31:38 480 766152
47 10:33:31 920 768399
46 10:33:31 480 768390
48 10:34:30 480 768380
50 10:34:55 480 768399
49 10:34:55 20 768380
51 10:41:54 30 766134
52 10:43:09 300 768598
53 10:43:16 8679 768600
54 10:43:24 600 768980
55 10:43:31 130 769977
56 10:43:37 25000 769997
57 10:43:46 12000 770000
58 11:17:37 900 767136
59 11:32:06 1161 767138
60 11:39:33 50 767138
61 11:49:39 136 767138
62 11:50:18 1 767138
63 11:50:37 82 767500
64 12:10:46 1 767137
65 12:22:04 30 768254
66 12:27:12 1115 768254