1 09:00:06 630 758450
2 09:04:21 869 757050
3 09:05:42 274 757059
4 09:10:42 100 757261
5 09:19:23 70 758200
6 09:19:26 639 758200
7 09:20:07 10 758203
8 09:32:26 1188 758210
9 09:39:16 8 758210
10 09:45:51 40 758210
12 09:46:23 1236 758210
11 09:46:23 764 758210
13 09:53:16 168 758210
15 10:03:13 503 758210
14 10:03:13 96 758210
16 10:27:58 7 758210
17 10:31:48 7 758210
18 10:33:32 7 758210
20 10:45:46 1500 758210
19 10:45:46 976 758210
21 10:46:26 5000 758210
22 10:46:42 5724 758210
23 10:49:17 7 758206
26 10:49:23 199 758203
25 10:49:23 1317 758204
24 10:49:23 1493 758206
27 10:50:45 10 758203
28 11:13:26 381 758203
29 11:20:00 12 758203
33 11:20:38 470 758200
32 11:20:38 1500 758203
31 11:20:38 1500 758203
30 11:20:38 888 758203
35 11:30:15 1881 758200
34 11:30:15 2500 758202
36 11:33:08 1620 758202
39 11:33:09 1982 758200
38 11:33:09 619 758200
37 11:33:09 380 758202
40 11:38:40 690 758200
43 11:42:10 1190 758200
42 11:42:10 1310 758200
41 11:42:10 1500 758202
44 11:55:28 1086 758200
45 12:04:19 6 758200
47 12:06:08 1979 758200
46 12:06:08 908 758200
48 12:14:01 6 758194
49 12:14:05 12 758194
50 12:24:26 20 758200