1 09:31:20 530 778629
2 09:31:45 601 778629
3 09:47:52 10 781500
4 10:02:37 1900 781000
5 10:03:59 500 780000
6 10:04:54 600 779000
8 10:10:47 262 779022
7 10:10:47 400 779023
13 10:12:35 1804 781500
12 10:12:35 10 781500
11 10:12:35 90 781500
10 10:12:35 1000 781200
9 10:12:35 6422 781000
14 10:14:23 572 779111
15 10:41:20 44 779210
16 10:50:57 500 779215
18 11:01:19 388 779230
17 11:01:19 1350 779232
19 11:08:11 5000 780168
21 11:09:01 5000 780168
20 11:09:01 20000 780168
25 11:09:02 5000 780168
24 11:09:02 20000 780168
23 11:09:02 5000 780168
22 11:09:02 20000 780168
26 11:09:03 10003 780168
27 11:11:45 237 779233
28 11:18:45 95 779238
33 11:23:36 572 782000
32 11:23:36 2424 781999
31 11:23:36 600 781999
30 11:23:36 10 781339
29 11:23:36 352 781339
34 11:33:05 799 779261
35 11:37:36 799 781000
36 11:47:51 601 781200
37 11:56:52 200 781200
38 11:59:11 3050 781030
39 12:00:08 13 782398
40 12:05:20 240 781300
41 12:06:35 782 782000
42 12:06:45 20000 782000
43 12:09:43 1060 782000
45 12:12:35 4534 782000
44 12:12:35 2770 782000
46 12:13:24 200 782000
51 12:18:53 3197 782400
50 12:18:53 500 782400
49 12:18:53 10 782400
48 12:18:53 2853 782399
47 12:18:53 7 782398
52 12:26:51 200 782000
53 12:28:13 20 782000