1 09:12:24 335 758200
2 09:12:24 1000 758200
3 09:12:32 93 758100
4 09:16:18 1400 758110
5 09:31:40 2004 758231
7 09:38:11 47 758300
6 09:38:11 2500 758300
8 09:40:39 1025 758271
10 10:25:38 1186 762500
9 10:25:38 413 760000
11 10:31:27 60 758300
13 10:33:53 7 762800
12 10:33:53 2248 758300
14 10:40:37 1280 758721
15 10:52:55 78 758771
17 10:57:48 1990 759000
16 10:57:48 10 759500
19 11:07:00 1605 760000
18 11:07:00 8 760000
20 11:08:55 3 759100
21 11:21:37 7 759100
22 11:22:43 2500 759007
23 11:23:02 563 759007
24 11:28:03 294 760999
26 11:31:22 10 759100
25 11:31:22 10 759100
27 11:32:04 40 759100
28 11:32:06 40 759100
29 11:38:42 24 760990
30 11:41:28 20 760979
32 11:46:43 2 760970
31 11:46:43 26 760970
33 11:47:48 200 759013
34 11:49:48 14 760969
35 11:59:48 611 759060
36 12:00:02 252 760966
38 12:00:09 188 759041
37 12:00:09 1389 759060
39 12:01:19 290 760965
41 12:02:15 337 759060
40 12:02:15 1000 759061
42 12:03:31 183 760963
43 12:03:55 300 759070
44 12:05:52 609 759100
45 12:09:24 3746 759101
46 12:13:00 613 759103
47 12:15:04 664 759998
48 12:22:09 50 759105
49 12:22:46 100 759105
50 12:23:23 1286 759107
54 12:26:46 42 760000
53 12:26:46 1800 759998
52 12:26:46 3537 759990
51 12:26:46 1990 759111