1 09:09:53 130 773000
2 09:10:40 50 772000
3 09:10:46 142 772000
4 09:11:18 29 771005
5 09:16:25 301 771041
6 09:16:39 235 771041
7 09:19:31 165 772000
9 09:19:34 535 771041
8 09:19:34 72 771100
10 09:19:37 274 772000
11 09:28:23 73 771900
12 09:32:09 390 772003
14 09:36:39 193 773000
13 09:36:39 870 773000
16 09:50:45 1005 772006
15 09:50:45 728 772100
17 09:54:02 3300 773000
18 09:54:45 3726 773000
19 09:55:38 550 773000
20 09:55:59 46 773000
21 09:56:08 1000 773000
22 09:56:11 1000 773000
23 09:56:13 1000 773000
24 09:56:23 100 773000
25 09:56:24 100 773000
26 09:56:26 100 773000
27 09:56:27 100 773000
28 09:56:28 100 773000
30 09:56:30 100 773000
29 09:56:30 100 773000
31 09:56:32 100 773000
32 09:56:59 32 773000
33 09:57:00 10 773000
34 09:57:02 10 773000
35 09:57:03 10 773000
36 10:03:25 22 772990
37 10:07:52 379 772990
38 10:08:06 12248 773000
39 10:08:19 200 774000
40 10:08:25 153 774000
41 10:09:16 9128 775000
44 10:12:13 32 775000
43 10:12:13 22 775000
42 10:12:13 46 775000
45 10:19:27 500 775017
47 10:22:17 943 775000
46 10:22:17 406 775017
48 10:39:25 200 773501
49 10:43:21 1607 773601
50 10:43:22 42 773601
51 10:43:50 119 773600
52 10:43:59 423 773601
62 10:48:54 8136 775017
61 10:48:54 10000 775017
60 10:48:54 1362 775017
59 10:48:54 1000 775000
58 10:48:54 1365 775000
57 10:48:54 27 775000
56 10:48:54 2076 774990
55 10:48:54 423 774989
54 10:48:54 1 774500
53 10:48:54 610 774500
64 10:48:55 5358 775017
63 10:48:55 1864 775017
66 11:05:39 500 775000
65 11:05:39 500 775000
67 11:18:01 343 775001
68 11:22:45 100 775001
70 11:23:09 4827 775000
69 11:23:09 397 775001
71 11:26:31 650 775000
72 11:27:28 217 775000
73 11:32:42 18306 775000
74 11:50:19 300 775000
75 11:58:37 650 775000
76 11:59:04 1641 775000
81 12:00:04 500 778000
80 12:00:04 100 778000
79 12:00:04 5000 776000
78 12:00:04 72 776000
77 12:00:04 728 775700
82 12:06:31 3830 778000
83 12:08:38 4830 776500
84 12:13:00 9 775000
85 12:22:02 5000 777000
86 12:27:11 5000 777000