1 09:00:05 50 766200
2 09:23:16 50 768000
3 09:32:10 298 769711
4 09:41:51 310 769711
5 09:56:55 3000 769711
6 10:03:15 1392 769711
7 10:03:37 2919 769710
8 10:07:57 20 769710
9 10:10:36 337 769716
10 10:11:03 50 769716
13 10:15:05 50 770000
12 10:15:05 400 770000
11 10:15:05 50 770000
14 10:36:27 300 769800
15 10:42:41 1000 769800
16 10:46:43 200 769800
17 10:47:12 41 769800
18 10:58:26 6338 769900
19 11:02:04 22 769900
20 11:08:29 6047 769902
21 11:12:11 382 769910
22 11:12:40 952 769910
23 11:13:24 360 769912
24 11:13:58 2000 769912
25 11:14:13 60 769912
26 11:30:55 500 769950
27 11:38:49 444 769920
28 11:43:17 650 770000
29 11:43:30 24350 770000
30 11:43:39 650 770000
32 11:43:46 650 770000
31 11:43:46 24350 770000
34 11:43:59 650 770000
33 11:43:59 24350 770000
36 11:44:14 11406 770000
35 11:44:14 13594 770001
37 11:57:01 25000 770001
38 11:58:14 41 770000
39 12:00:08 388 770001
40 12:12:30 519 770001
41 12:25:41 688 770001
42 12:28:46 2 770001
43 12:29:14 293 770001
44 12:29:30 100 770001