2 09:00:05 200 760000
1 09:00:05 3577 760000
3 09:06:29 334 760000
4 09:10:51 63 760000
5 09:12:28 987 760000
6 09:14:24 1800 760001
7 09:14:37 349 760001
8 09:16:32 4 760500
9 09:19:10 260 760102
10 09:19:52 200 760102
15 09:20:49 2139 760000
14 09:20:49 1500 760003
13 09:20:49 100 760100
12 09:20:49 8851 760100
11 09:20:49 1040 760102
16 09:21:16 10000 759002
17 09:22:42 4000 760000
18 09:23:37 100 759100
19 09:34:11 3000 760000
20 09:34:16 100 759350
22 09:38:15 166 760000
21 09:38:15 4370 760000
23 09:38:18 2727 759351
24 09:38:41 8 760948
25 09:47:16 216 760000
26 09:50:32 5000 760000
27 09:57:30 4000 760000
28 09:58:41 5000 760000
29 09:58:46 3195 760000
30 10:08:34 603 760100
31 10:15:02 25000 760200
32 10:15:21 25000 760200
33 10:15:41 4000 760200
35 10:28:41 2000 760500
34 10:28:41 1000 760499
36 10:36:12 50 760202
37 10:39:20 600 760202
38 10:45:57 1534 760219
39 10:47:55 541 760219
40 10:48:47 577 760219
41 10:55:53 1693 760230
44 10:58:07 2376 760230
43 10:58:07 1000 760233
42 10:58:07 6315 760500
45 10:58:30 500 760230
46 10:59:02 700 760500
47 11:02:07 8440 760500
48 11:10:43 860 760500
49 11:31:52 320 760236
50 11:35:19 1279 760236
51 11:35:37 879 760236
52 11:43:28 100 760236
53 11:48:38 2000 760236
55 11:52:56 701 760231
54 11:52:56 201 760236
56 11:57:41 15000 760220
57 12:13:23 300 760216
59 12:17:05 15000 760300
58 12:17:05 25000 760300
61 12:17:56 373 760216
60 12:17:56 10 760400
62 12:18:56 300 760216
63 12:19:07 1000 760500
64 12:19:09 3150 760216
65 12:19:25 20 760216
66 12:20:38 1613 760588
70 12:22:21 383 760160
69 12:22:21 350 760202
68 12:22:21 10 760215
67 12:22:21 857 760216
71 12:26:55 64 760260