1 09:19:09 7 760000
2 09:23:29 269 754013
6 09:40:25 25 754000
5 09:40:25 15 754013
4 09:40:25 100 754013
3 09:40:25 10 754100
8 09:55:14 339 754000
7 09:55:14 10 754100
9 10:00:11 5000 754000
10 10:12:45 94 754000
11 10:20:02 911 754000
12 10:22:31 40 754010
13 10:23:28 20 754010
14 10:23:54 5534 754000
15 10:24:40 980 754000
16 10:25:05 407 754000
17 10:25:34 620 754000
18 10:26:31 886 754000
19 10:26:44 1562 754000
20 10:26:55 1334 754000
22 10:27:55 1980 754000
21 10:27:55 20 754010
23 10:28:19 20 754000
24 10:28:27 24 754000
25 10:29:18 5284 754000
26 10:33:37 6501 754000
27 10:38:27 40 755000
29 10:40:13 10 755555
28 10:40:13 50 755555
30 10:40:24 20 755555
31 10:40:35 40 755555
32 10:40:45 40 755555
33 10:44:39 200 754500
34 10:58:16 500 754100
35 11:00:51 3 754100
38 11:10:11 184 756000
37 11:10:11 1500 756000
36 11:10:11 10 755555
39 11:22:16 875 755000
40 11:23:49 100 755000
41 11:45:43 538 755001
42 11:47:54 663 755001
43 12:05:07 98 755020
44 12:12:08 2000 756000
46 12:14:31 23000 756000
45 12:14:31 26 756009
47 12:16:09 200 755001
49 12:18:35 15000 756000
48 12:18:35 1974 756000
50 12:19:58 1000 755002
52 12:23:34 355 756000
51 12:23:34 23902 756000
53 12:23:53 2682 755002
54 12:24:44 716 755002
56 12:29:30 88 755010
55 12:29:30 10 755010