1 09:08:34 60 757001
2 09:19:26 225 757700
3 09:23:56 926 758000
4 09:28:26 574 758000
5 09:34:20 200 757940
7 09:35:50 160 757900
6 09:35:50 50 757925
8 09:43:54 280 757900
9 09:45:33 273 757900
10 09:47:51 1324 757901
12 10:11:32 4 757901
11 10:11:32 176 757901
13 10:29:17 7 758000
16 10:29:21 1000 759000
15 10:29:21 1000 759000
14 10:29:21 670 758000
17 10:42:23 5369 757950
18 10:42:28 2600 757950
19 10:45:43 616 758800
20 10:49:34 1402 757950
21 10:49:49 200 757950
22 10:50:30 158 757950
23 10:50:57 27 758950
24 10:51:19 925 757950
25 10:53:23 7 758950
26 10:54:30 96 758000
27 10:55:08 9 757950
28 10:58:28 680 759300
29 10:59:57 11 759000
30 11:16:24 9 757960
31 11:20:16 30 758000
32 11:23:13 1226 758000
33 11:25:11 3710 758000
34 11:26:42 1891 758000
35 11:37:08 500 758000
36 11:37:56 1316 758808
37 11:47:24 300 758000
38 11:47:40 1760 758000
39 11:49:19 800 758000
41 11:54:33 1980 758000
40 11:54:33 10 758010
43 11:59:46 1722 758000
42 11:59:46 10 758010
44 12:03:23 30 758001
45 12:03:49 3 758000
46 12:04:54 50 758000
47 12:05:34 300 758000
48 12:05:42 404 758001
49 12:06:51 100 758000
50 12:12:15 9374 758000
51 12:13:06 60 758000
52 12:16:31 290 758000
52 12:16:31 290 758000
54 12:16:49 1773 758000
53 12:16:49 2160 758000
55 12:16:51 20 758000
56 12:18:38 159 758000
57 12:21:11 7 758290
58 12:23:00 4917 758000
60 12:28:40 1880 758000
59 12:28:40 10 758010