1 09:00:03 215 755000
2 09:00:06 35 755000
3 09:00:29 1444 750000
5 09:07:08 2393 750000
4 09:07:08 215 750013
7 09:13:05 134 750000
6 09:13:05 202 750000
8 09:15:08 150 755000
9 09:19:37 845 750000
10 09:38:22 150 750113
12 09:42:07 79 750113
11 09:42:07 21 750113
13 09:54:04 752 752000
14 10:04:16 4695 750105
15 10:09:29 213 750105
16 10:13:59 1000 750105
17 10:19:27 1693 750106
18 10:19:40 190 750106
19 10:29:48 201 750108
20 10:35:57 1800 750155
21 10:37:01 313 750155
22 10:38:31 600 750155
23 10:41:33 60 750157
27 10:41:49 8000 755000
26 10:41:49 500 755000
25 10:41:49 831 754999
24 10:41:49 270 753000
28 10:42:21 6 750157
29 10:48:47 997 750501
30 11:15:18 10 752000
32 11:17:17 1068 750505
31 11:17:17 100 751100
33 11:23:34 25000 754000
34 11:23:37 10678 754000
35 11:23:43 1308 755000
36 11:27:48 5307 753000
38 11:30:07 559 753000
37 11:30:07 10 753013
40 11:30:50 1027 753000
39 11:30:50 150 753005
41 11:36:55 1934 755000
42 11:39:12 10 753013
43 11:39:50 1364 753001
43 11:39:50 1364 753001
45 11:41:12 100 755000
44 11:41:12 500 755000
46 11:43:14 500 755000
47 11:46:00 500 755000
49 11:50:53 100 755000
48 11:50:53 10 755013
50 11:51:16 100 755000
51 11:53:51 10 754999
52 11:56:00 290 755000
53 11:56:28 4000 755000
54 11:57:14 228 755000
55 12:02:25 2700 753013
56 12:23:24 696 752814
57 12:23:50 19 752814
58 12:27:21 29 750701
59 12:27:50 10 755500