1 09:09:24 2289 778012
1 09:09:24 2289 778012
2 09:09:25 3206 778012
2 09:09:25 3206 778012
3 09:24:21 57 780010
4 10:01:05 3 780033
7 10:07:57 2515 780033
6 10:07:57 7 780033
5 10:07:57 2030 780034
9 10:14:55 245 780032
8 10:14:55 7 780050
10 10:22:29 438 780040
12 10:44:02 435 780003
11 10:44:02 7 780010
14 10:46:13 161 780001
13 10:46:13 839 780003
15 10:53:54 2019 780002
16 10:53:55 331 780002
17 11:03:09 900 780002
19 11:10:32 513 780005
18 11:10:32 1287 780006
20 11:12:13 500 781000
22 11:28:39 6677 781000
21 11:28:39 1645 780999
24 11:53:06 7 780950
23 11:53:06 1000 780950
25 11:54:16 706 780989
28 11:55:28 18323 781000
27 11:55:28 6677 781000
26 11:55:28 18323 781000
29 11:56:09 260 781440
30 11:56:14 100 781500
32 11:56:55 753 782000
31 11:56:55 500 782000
33 12:08:40 263 781502
34 12:12:48 1013 781999
35 12:13:05 1000 781502
36 12:14:55 1000 782000
38 12:26:14 6152 781501
37 12:26:14 736 781502
39 12:26:15 18112 781501
40 12:26:35 1458 781500
41 12:26:55 464 780635