1 09:19:36 500 779500
2 09:26:43 141 779500
3 09:39:46 1281 779500
4 10:20:21 100 776000
5 10:24:10 25000 776900
6 10:29:57 677 776000
7 10:36:04 250 777000
9 10:40:28 735 777000
8 10:40:28 165 777000
10 10:45:54 2259 776900
13 10:53:55 20909 777000
12 10:53:55 4000 776990
11 10:53:55 91 776990
14 10:53:57 3356 777000
15 11:29:21 8500 777100
16 11:29:54 3500 777100
17 11:32:16 25000 778000
18 11:32:17 3030 778500
19 11:32:36 1500 777100
20 11:43:46 5000 778500
23 11:49:32 700 779000
22 11:49:32 5000 779000
21 11:49:32 450 779000
24 11:51:33 45 778001
25 11:53:15 867 778001
26 11:53:35 5000 779000
27 11:55:18 118 778001
28 11:56:42 103 778001
29 12:04:23 24 778001
30 12:09:14 40 786000
31 12:19:12 242 778001
32 12:22:40 5000 779500
34 12:27:00 4241 778001
33 12:27:00 10 778010
36 12:28:27 10 780000
35 12:28:27 4112 780000