2 09:19:59 690 745684
1 09:19:59 300 746000
3 09:21:12 168 745684
4 09:22:58 13252 745684
5 09:25:11 621 745685
6 09:29:07 1230 745685
7 09:31:15 474 746500
8 09:36:40 841 748900
11 09:36:53 1000 750000
10 09:36:53 373 750000
9 09:36:53 40 750000
12 09:39:44 4787 750000
13 09:40:44 3374 750000
14 09:41:41 4792 750001
15 09:42:22 1460 750001
16 09:45:53 3190 750001
17 09:46:41 877 750001
18 09:46:48 36 750001
19 09:58:11 500 750001
20 09:58:54 539 750001
21 10:01:26 120 750001
22 10:01:48 1000 750001
23 10:06:21 586 750001
24 10:15:02 100 750001
25 10:22:02 500 750001
26 10:25:50 1228 750001
27 10:26:10 2241 750001
28 10:33:51 516 750001
29 10:37:41 1779 750001
30 10:38:04 200 750001
31 10:39:04 2820 750001
32 10:39:21 250 750001
33 10:39:31 500 750001
34 10:40:38 320 750001
38 10:42:43 1000 751500
37 10:42:43 1000 751500
36 10:42:43 1000 751500
35 10:42:43 100 750287
39 10:48:32 3100 750001
40 10:56:46 1443 750001
41 11:05:46 793 750001
42 11:07:41 160 750001
43 11:07:54 33 750001
44 11:11:32 882 750001
46 11:20:16 19610 750000
45 11:20:16 5390 750001
47 11:20:29 5390 750000
49 11:22:30 500 750000
48 11:22:30 425 750000
50 11:22:54 2500 750000
51 11:23:01 53 750000
52 11:24:34 397 750000
57 11:27:25 1000 752000
56 11:27:25 500 752000
55 11:27:25 550 751000
54 11:27:25 1416 751000
53 11:27:25 1500 750890
58 11:27:57 1809 750000
59 11:32:15 1350 750000
60 11:33:35 29 750000
61 11:34:50 7084 750000
62 11:42:43 300 750000
63 11:54:19 521 750000
64 11:55:15 27 750000
65 12:01:54 346 750000
67 12:04:42 2538 750000
66 12:04:42 407 750010
68 12:06:41 314 750000
69 12:09:09 510 750000
70 12:09:37 63 750000
71 12:12:37 50 750000
72 12:20:39 172 750000