1 09:05:27 1 735255
3 09:05:40 1319 735000
2 09:05:40 199 735255
4 09:08:24 300 735000
5 09:14:02 481 735000
7 09:15:35 1134 735000
6 09:15:35 10 735010
9 09:18:01 149 735000
8 09:18:01 10 735010
11 09:25:03 530 735000
10 09:25:03 10 735010
12 09:25:27 787 735000
13 09:26:00 1000 735000
14 09:28:27 1000 735000
15 09:35:45 1453 735000
16 09:35:51 650 735000
17 09:39:26 10 735000
18 09:41:13 10 735000
19 09:42:08 1 735000
20 09:43:29 240 735007
21 09:47:32 20 735000
22 09:48:41 10 735000
23 09:49:30 2167 735000
24 09:49:57 1000 735000
25 09:51:58 89 735000
26 09:53:03 10 735000
27 09:53:32 1000 735000
28 09:59:04 1000 735000
30 10:01:23 60 735000
29 10:01:23 880 735000
31 10:13:56 1604 734483
32 10:20:34 873 734483
33 10:21:23 2124 734483
34 10:23:22 2142 734483
35 10:23:57 60 734700
36 10:30:55 334 734483
44 10:36:04 1497 735007
43 10:36:04 220 735000
42 10:36:04 2367 735000
41 10:36:04 306 735000
40 10:36:04 500 735000
39 10:36:04 304 734900
38 10:36:04 300 734800
37 10:36:04 328 734700
45 10:38:11 1800 735500
46 10:39:20 29 736000
47 10:44:48 1378 735500
48 10:46:32 1400 735000
49 10:50:55 2993 735000
50 10:51:30 869 735000
51 10:52:12 1138 735000
52 10:52:48 793 735000
53 10:52:59 207 735000
54 10:53:23 53 734943
55 11:00:27 990 734482
56 11:08:15 140 735500
57 11:13:42 27 734990
58 11:22:41 1404 734482
59 11:25:39 5 734482
60 11:29:58 654 734482
61 11:32:56 53 734483
62 11:33:34 276 734482
63 11:34:18 200 734482
64 11:34:32 55 734482
65 11:35:57 1791 734482
74 11:36:06 1107 736000
73 11:36:06 2000 736000
72 11:36:06 130 736000
71 11:36:06 387 736000
70 11:36:06 500 735500
69 11:36:06 1629 735500
68 11:36:06 581 734980
67 11:36:06 307 734483
66 11:36:06 307 734483
75 11:36:36 2855 735000
76 11:36:50 1610 735000
77 11:37:29 2682 735000
78 11:43:20 38 735000
79 11:43:49 867 735000
81 11:46:23 493 734482
80 11:46:23 27 734482
82 11:46:25 1150 735000
83 11:50:46 909 735000
84 11:51:16 2000 735000
85 11:57:27 941 735000
86 11:59:01 19 735000
87 12:00:44 5692 734482
88 12:02:13 259 734500
89 12:03:45 243 734500
90 12:07:12 1920 734500
91 12:07:17 4000 734500
92 12:13:10 191 734500
93 12:15:14 104 734500
95 12:17:41 439 734500
94 12:17:41 100 734501
96 12:17:59 50 734800
97 12:22:24 1709 734500
98 12:24:23 1135 734500
100 12:25:19 10906 734500
99 12:25:19 25000 734500
101 12:26:10 6314 734482
102 12:26:24 7 734482