1 09:00:04 262 750021
2 09:16:34 28 750000
15 09:16:57 350 755000
14 09:16:57 262 754999
13 09:16:57 840 754000
12 09:16:57 840 753900
11 09:16:57 840 753800
10 09:16:57 840 753700
9 09:16:57 840 753600
8 09:16:57 840 753500
7 09:16:57 840 753400
6 09:16:57 840 753300
5 09:16:57 840 753200
4 09:16:57 840 753100
3 09:16:57 200 752900
17 09:17:34 1334 756000
16 09:17:34 141 755708
18 09:18:07 1240 756000
19 09:20:37 6942 756000
21 09:31:42 4990 756000
20 09:31:42 10 756010
23 09:34:04 778 756000
22 09:34:04 1141 756000
24 09:35:54 500 756000
25 09:41:44 500 756000
26 09:48:37 1000 756000
27 09:50:52 1261 756000
28 10:03:30 20 756010
29 10:03:55 845 756010
30 10:05:26 2779 756000
31 10:06:08 217 756000
32 10:11:00 229 757600
33 10:14:24 278 756000
34 10:22:52 220 756000
35 10:27:17 2650 756000
36 10:27:46 220 756000
37 10:31:17 1122 756003
38 10:32:58 1378 756003
39 10:35:37 622 756003
40 10:46:48 539 756002
43 10:50:12 1 758000
42 10:50:12 10 757999
41 10:50:12 400 757500
44 10:50:57 4890 758913
46 10:56:59 1920 759000
45 10:56:59 20 758999
48 10:57:31 190 756002
47 10:57:31 10 756010
49 11:12:51 10 758900
50 11:14:14 10 758900
51 11:32:40 202 756003
52 11:38:08 1062 756007
53 11:41:19 95 756003
54 11:42:20 6 756003
55 11:42:49 68 756003
56 11:46:16 7 756010
57 11:47:45 665 756003
61 11:48:09 1518 756000
60 11:48:09 1500 756002
59 11:48:09 1771 756002
58 11:48:09 464 756003
63 11:49:14 526 756003
62 11:49:14 10 756100
64 11:49:18 731 756003
65 11:49:25 406 756003
66 11:50:36 837 756003
67 11:50:53 1990 756003
69 11:51:30 30 756003
68 11:51:30 510 756003
70 11:53:01 222 756000
71 11:53:11 10489 756000
73 11:54:27 155 756000
72 11:54:27 1000 756001
75 11:55:02 2157 756000
74 11:55:02 2213 756000
76 11:56:35 3856 756000
77 11:58:10 684 756000
78 12:05:45 1000 756001
79 12:06:31 500 756001
80 12:07:23 1881 756000
81 12:23:46 200 756001
82 12:24:34 100 756001
83 12:25:24 350 756001
84 12:25:33 50 756001
87 12:25:41 1532 756000
86 12:25:41 1000 756001
85 12:25:41 300 756001
88 12:27:12 10 756001
89 12:29:19 458 756001