1 09:30:07 5000 755900
2 09:30:39 663 755900
3 09:33:16 2000 755900
4 09:33:58 746 755900
6 09:40:49 746 756001
5 09:40:49 1567 756000
7 09:45:12 6540 755900
8 09:46:45 1000 755900
11 10:11:01 88 755903
10 10:11:01 132 755910
9 10:11:01 40 755910
13 10:11:08 243 756000
12 10:11:08 57 756000
15 10:11:49 708 755900
14 10:11:49 2912 755903
17 10:14:01 877 755901
16 10:14:01 13 755910
18 10:22:10 200 755901
19 10:23:44 126 755901
21 10:30:25 605 756000
20 10:30:25 324 756000
24 10:35:59 993 755901
23 10:35:59 10 755901
22 10:35:59 797 755901
25 10:36:34 21 756351
28 10:39:57 674 755901
27 10:39:57 7 755901
26 10:39:57 20 755910
29 10:57:34 5 755910
30 10:57:44 5 755910
31 11:07:51 234 756500
32 11:16:56 2172 756500
33 11:24:53 343 756500
34 11:26:38 700 756500
35 11:27:48 742 756500
36 11:36:57 66 756500
37 11:38:15 1750 756500
38 11:41:10 1776 756500
39 11:44:12 185 756500
40 11:52:05 383 756500
41 11:55:12 1590 756500
42 11:56:12 500 756500
43 11:56:13 362 756500
44 11:59:21 50 756500
45 11:59:31 265 756500
46 12:01:17 171 756500
47 12:19:58 7 756900
48 12:23:54 7 756900
49 12:26:47 2986 756500
50 12:28:24 1330 756500