1 09:03:17 350 777051
2 09:08:20 199 777123
3 09:16:05 259 778399
6 09:30:11 1164 778100
5 09:30:11 1000 778111
4 09:30:11 741 778399
7 09:37:33 1363 778103
8 09:43:53 869 778113
9 09:58:45 800 778117
13 10:00:12 23684 780000
12 10:00:12 1000 779999
11 10:00:12 165 779888
10 10:00:12 151 779878
16 10:00:13 1316 781000
15 10:00:13 23684 781000
14 10:00:13 1316 780000
21 10:00:52 22064 783000
20 10:00:52 1936 783000
19 10:00:52 1000 782000
18 10:00:52 24000 782000
17 10:00:52 1000 781980
22 10:00:53 2936 783000
24 10:01:52 850 778209
23 10:01:52 1000 778211
25 10:22:32 51 781200
26 10:34:03 9 781155
28 10:36:08 65 779001
27 10:36:08 50 779001
29 10:50:04 200 779001
30 11:06:11 949 779100
32 11:23:15 155 779110
31 11:23:15 10 779110
33 11:26:06 50 779110
34 11:39:52 7 780000
38 11:44:02 2000 780900
37 11:44:02 3000 780900
36 11:44:02 10 780855
35 11:44:02 791 780855
43 11:50:13 1000 782000
42 11:50:13 2064 782000
41 11:50:13 4778 780990
40 11:50:13 10 780990
39 11:50:13 25 780990
44 12:02:18 20000 779500
47 12:14:19 109 779110
46 12:14:19 8 779131
45 12:14:19 23 779131
48 12:24:21 2600 779110
49 12:25:21 21 779110