3 09:03:52 175 731000
2 09:03:52 10 735000
1 09:03:52 40 735000
4 09:08:44 8 739000
6 09:14:30 76 731019
5 09:14:30 8 734195
7 09:14:37 8 738500
8 09:17:02 8 734922
9 09:17:03 1474 734922
10 09:17:10 8 738500
11 09:18:48 8 734741
12 09:18:50 310 734741
13 09:18:56 8 738500
14 09:33:41 100 736555
15 09:33:42 110 736555
16 09:35:06 1355 736000
17 09:38:22 205 736000
18 09:41:24 440 736000
19 09:41:25 240 736000
20 09:42:22 300 735349
21 09:42:33 8 738000
22 09:44:38 437 735349
23 09:44:51 8 738000
24 09:47:56 665 735349
25 09:47:59 330 735349
26 09:48:58 500 735349
27 09:49:11 1500 735349
30 09:54:55 234 735339
29 09:54:55 1602 735340
28 09:54:55 1130 735349
31 09:55:48 1595 735339
32 09:56:34 1215 735339
34 09:58:49 424 735000
33 09:58:49 1576 735339
36 10:01:33 223 735000
35 10:01:33 1500 735000
37 10:05:37 484 735000
39 10:16:05 1330 735113
38 10:16:05 100 735116
40 10:23:56 195 735113
41 10:37:25 21 735113
42 10:37:53 839 735113
43 10:44:33 4675 736113
45 10:47:26 2951 735113
44 10:47:26 100 735500
46 10:56:13 600 735113
47 10:58:47 240 735200
48 10:58:56 300 735200
49 10:59:43 700 735200
49 10:59:43 700 735200
50 11:11:59 7 736800
51 11:13:19 1659 735214
54 11:20:32 530 736990
53 11:20:32 441 736700
52 11:20:32 93 736680
55 11:29:05 50 736001
56 11:29:14 35 736001
57 11:31:09 543 736001
58 11:34:45 604 736001
63 11:35:47 23716 737000
62 11:35:47 629 737000
61 11:35:47 10 736990
60 11:35:47 440 736990
59 11:35:47 205 736800
65 11:35:48 23716 737000
64 11:35:48 1284 737000
67 11:35:52 18716 737000
66 11:35:52 1284 737000
68 11:37:03 1284 737000
69 11:41:00 615 737000
70 11:43:51 1150 737000
71 11:47:30 5000 737000
72 11:52:06 600 737000
73 11:52:35 500 737700
74 11:52:50 428 738000
75 11:52:59 56 738500
77 11:54:05 96 737000
76 11:54:05 4 737000
78 11:56:28 9 737000
79 12:10:17 2356 737000
81 12:16:41 274 738000
80 12:16:41 96 738000
82 12:17:46 343 737000
83 12:17:58 180 737000
84 12:24:25 4420 737000
85 12:24:51 1500 737000
86 12:26:42 4414 737000
87 12:27:30 187 737000
88 12:27:46 514 737000
89 12:29:33 115 737000