2 09:00:05 50 726555
1 09:00:05 550 726555
4 09:04:10 3014 735000
3 09:04:10 540 735000
5 09:04:15 1914 735200
6 09:05:25 420 735001
7 09:06:10 25 736500
9 09:08:36 304 735002
8 09:08:36 10 735555
10 09:16:11 477 735002
11 09:16:42 21 735002
12 09:20:21 160 735002
16 09:20:29 3302 735000
15 09:20:29 1914 735000
14 09:20:29 10 735002
13 09:20:29 774 735002
17 09:33:09 626 735000
20 09:33:58 40 735000
19 09:33:58 10 735000
18 09:33:58 1015 735000
21 09:33:59 1134 735000
22 09:34:41 1113 733500
23 09:36:14 5 734000
24 09:37:44 546 735000
25 09:40:15 200 735000
26 09:40:34 40 735000
29 09:52:00 676 734500
28 09:52:00 150 734500
27 09:52:00 15 734500
30 09:52:19 10 735537
33 09:55:06 558 733500
32 09:55:06 10 734000
31 09:55:06 10 734000
34 10:12:54 50 735000
35 10:15:36 100 735000
43 10:18:34 600 736500
42 10:18:34 140 736500
41 10:18:34 300 736000
40 10:18:34 100 736000
39 10:18:34 150 735995
38 10:18:34 25 735555
37 10:18:34 554 735537
36 10:18:34 221 735537
44 10:21:05 780 736000
50 10:25:33 100 737000
49 10:25:33 3690 737000
48 10:25:33 500 736999
47 10:25:33 60 736988
46 10:25:33 500 736900
45 10:25:33 250 736900
51 10:25:42 300 737000
52 10:25:52 1000 737799
53 10:25:59 10000 737800
54 10:26:07 4000 738069
55 10:26:13 141 739888
56 10:26:17 5100 739888
57 10:26:20 1000 739888
58 10:29:09 110 736002
59 10:30:53 30 737000
60 10:34:04 232 737001
61 10:34:39 2240 737001
62 10:37:09 20 737555
63 10:37:34 20 738000
64 10:37:53 10 738500
65 10:38:14 30 738800
66 10:38:23 272 738800
67 10:38:36 495 738800
68 10:41:54 7 737050
69 10:42:31 7 737010
70 10:43:29 7 737555
71 10:43:31 7 737800
73 10:46:13 2602 737700
72 10:46:13 5 737555
74 10:46:19 1784 736031
76 10:46:24 1785 737800
75 10:46:24 5 737700
77 10:46:50 20 737990
78 10:47:11 150 738999
79 10:47:19 4397 739958
80 10:48:12 7 739949
81 10:48:36 493 739949
82 10:48:41 500 739949
83 10:48:43 2000 739949
84 10:48:48 1800 739949
85 11:06:14 100 738000
87 11:06:22 16 738900
86 11:06:22 7 738900
88 11:06:28 123 739000
89 11:06:43 1749 739800
90 11:06:52 850 739950
91 11:06:57 100 739950
92 11:07:03 8 739950
93 11:09:35 12787 737101
94 11:12:31 845 737101
96 11:13:31 2003 737000
95 11:13:31 20 737100
97 11:15:23 1720 737101
98 11:21:12 211 737000
100 11:24:58 273 737000
99 11:24:58 7 737101
101 11:29:20 141 737000
102 11:30:44 25 737000
103 11:31:44 10563 737000
104 11:38:02 1720 737000
106 11:42:13 306 737000
105 11:42:13 100 737000
107 11:44:14 215 737000
108 11:47:24 738 736102
109 11:47:49 813 737000
110 11:51:34 1097 737800
111 11:51:53 2313 737000
113 11:52:40 3126 737000
112 11:52:40 21874 737000
114 11:56:18 1631 737900
115 11:57:38 25000 737000
116 11:57:40 9848 737000
117 11:58:51 331 736101
121 12:02:37 22549 736000
120 12:02:37 50 736100
119 12:02:37 24 736101
118 12:02:37 25000 737000
122 12:03:39 521 737400
123 12:06:12 25000 735169
124 12:12:08 664 736800
125 12:14:06 508 735170
126 12:14:49 2167 735169
128 12:15:28 2167 731000
127 12:15:28 22833 735169
129 12:15:35 2377 731000
130 12:16:57 616 735169
131 12:17:43 322 735169
132 12:18:41 100 736000
133 12:19:24 900 735169
134 12:20:28 1357 735172
135 12:21:44 43 735500
136 12:23:43 3156 735169
138 12:25:12 400 735169
137 12:25:12 198 735169
139 12:25:38 5800 735169
140 12:25:54 200 735169
141 12:26:01 10 735169
142 12:27:09 1877 735169
143 12:27:19 300 735177
145 12:27:24 300 735177
144 12:27:24 80 735177
146 12:28:06 5643 735200
147 12:28:09 200 735200
148 12:29:46 1225 735200