1 09:00:04 60 767155
2 09:00:49 5 766000
4 09:02:12 20 770000
3 09:02:12 350 770000
5 09:06:59 1138 767155
6 09:19:11 150 770005
7 09:31:17 290 770006
9 09:53:53 20 771990
8 09:53:53 2954 771990
10 10:19:15 99 771000
11 10:26:07 260 770505
12 10:39:23 1490 771031
13 10:39:28 322 771031
15 10:39:29 700 770506
14 10:39:29 50 770510
17 10:46:52 1525 770506
16 10:46:52 775 770507
18 10:54:43 70 770601
19 10:55:08 343 770601
21 11:03:33 7 770700
20 11:03:33 100 770700
22 11:04:06 1196 770601
23 11:04:13 1057 770601
24 11:13:21 395 770601
29 11:20:08 131 771900
28 11:20:08 892 771900
27 11:20:08 10 771500
26 11:20:08 100 771500
25 11:20:08 500 771390
30 11:25:09 2600 770601
31 11:33:28 60 770601
35 12:02:59 775 772977
34 12:02:59 3408 772977
33 12:02:59 10 772000
32 12:02:59 100 772000
37 12:13:14 9 770603
36 12:13:14 100 770603
38 12:18:26 33 770603
40 12:26:36 1932 770605
39 12:26:36 68 770610
41 12:27:03 5000 772700