1 09:00:04 50 768002
2 09:04:41 20 768505
3 09:05:14 50 769000
5 09:08:46 667 770000
4 09:08:46 50 770000
6 09:10:21 300 769000
7 09:17:23 20 769000
9 09:19:21 7 769000
8 09:19:21 2130 769000
12 09:27:29 3000 769000
11 09:27:29 130 769001
10 09:27:29 554 769001
13 09:28:51 51 769500
14 09:35:46 421 769000
15 09:45:20 2079 769000
16 09:45:39 51 769000
18 09:46:25 130 769000
17 09:46:25 2870 769000
19 09:46:48 370 769000
20 09:48:33 495 769000
21 10:01:25 635 769000
22 10:02:24 100 768550
23 10:02:30 435 768550
24 10:02:31 365 769000
25 10:31:43 3 768550
30 10:32:53 56 770000
29 10:32:53 9333 770000
28 10:32:53 20 769790
27 10:32:53 50 769700
26 10:32:53 140 769500
33 10:48:03 927 770000
32 10:48:03 66 770001
31 10:48:03 7 770010
34 11:04:27 370 770000
35 11:08:42 130 770001
36 11:11:26 1 770002
37 11:11:46 1 770002
38 11:13:03 966 771000
39 11:14:00 650 771000
40 11:14:13 1 771000
42 11:14:58 8381 771000
41 11:14:58 7 771001
43 11:19:28 100 771000
44 11:21:55 20 771000
45 11:29:06 10 771000
46 11:30:16 90 771000
47 11:32:41 75 771000
48 11:48:04 365 771000
49 11:49:06 150 771000
50 11:51:58 13 771000
51 11:52:59 600 771000
52 11:59:49 100 771000
53 12:00:31 100 771000
54 12:08:19 300 771000
55 12:09:13 1 771000
56 12:09:45 1173 771000
57 12:18:16 100 771000
60 12:19:41 16 771000
59 12:19:41 3109 771000
58 12:19:41 9932 771000
61 12:20:05 769 771000
63 12:23:10 4939 771000
62 12:23:10 174 771000
64 12:27:06 887 771000
65 12:27:15 300 771000
66 12:27:43 1000 771000
69 12:27:49 50 772000
68 12:27:49 20 771990
67 12:27:49 9000 771990
70 12:28:53 5000 772000