1 09:03:11 132 765000
2 09:14:08 145 765000
6 09:36:10 870 770011
5 09:36:10 154 770011
4 09:36:10 3 770000
3 09:36:10 24 770000
7 09:41:26 764 766100
8 09:43:45 763 771875
9 09:45:30 10 771875
10 09:47:16 3900 771875
11 09:49:16 2700 771875
12 09:49:43 7627 771875
16 10:58:29 771 772000
15 10:58:29 143 772000
14 10:58:29 412 772000
13 10:58:29 10 771990
17 11:04:30 1679 772000
18 11:14:24 500 773000
19 11:14:54 24500 773000
21 11:16:34 500 773000
20 11:16:34 10 772990
22 11:17:42 55 773000
23 11:21:31 3000 773000
24 11:36:26 840 773000
25 11:37:05 1396 773000
26 12:03:11 7 773000
27 12:25:51 555 773005
28 12:29:51 210 773000