1 09:08:42 157 770670
8 09:09:18 8329 757246
7 09:09:18 20 760000
6 09:09:18 2500 765000
5 09:09:18 648 769727
4 09:09:18 500 769728
3 09:09:18 1000 769730
2 09:09:18 1000 769740
9 09:12:46 200 770285
10 09:13:53 767 765000
11 09:16:05 2000 766003
12 09:16:18 8 766003
15 09:24:07 607 762329
14 09:24:07 130 766005
13 09:24:07 100 766006
18 09:27:50 33 763335
17 09:27:50 600 763339
16 09:27:50 80 765329
19 09:29:02 350 763353
20 09:42:09 7 767001
21 09:43:04 113 767001
22 09:48:40 779 766007
24 10:03:00 294 766130
23 10:03:00 208 766130
25 10:03:37 72 766131
26 10:12:18 96 769490
27 10:18:39 510 769480
28 10:18:53 150 766161
29 10:19:47 50 766162
33 10:38:01 1182 766190
32 10:38:01 1500 766200
31 10:38:01 4997 766201
30 10:38:01 650 766205
34 10:40:51 172 766210
35 10:44:04 27 766210
36 10:49:00 841 767000
37 10:50:55 7 768888
38 10:52:23 18 768887
40 11:01:19 598 767002
39 11:01:19 119 767010
41 11:03:09 482 767002
42 11:09:59 200 767400
43 11:13:18 242 767002
44 11:13:27 241 767002
46 11:14:12 617 767002
45 11:14:12 10 767002
47 11:14:45 500 767002
48 11:15:53 500 767002
49 11:17:15 856 767500
49 11:17:15 856 767500
51 11:57:42 2513 768000
50 11:57:42 987 767999
52 11:59:45 5077 768000
53 12:00:35 1 768000
55 12:09:59 283 767221
54 12:09:59 7 767225
56 12:11:03 568 767221
57 12:11:56 3292 767221
58 12:11:57 1643 767221
60 12:18:45 800 767999
59 12:18:45 851 767999
61 12:22:35 48 767450
62 12:26:00 1000 767221
64 12:26:57 384 767221
63 12:26:57 7 767229
65 12:28:32 1345 767221
67 12:29:24 103 769000
66 12:29:24 1603 768998