1 09:37:23 300 777800
2 09:38:17 67 777800
5 09:40:14 166 776777
4 09:40:14 200 777000
3 09:40:14 70 777800
6 09:45:29 10000 777001
7 09:57:06 268 777100
9 10:02:12 815 777100
8 10:02:12 566 777100
10 10:11:22 200 777001
11 10:13:24 382 777001
12 10:21:43 303 777006
18 10:23:43 5000 778999
17 10:23:43 10 778998
16 10:23:43 2386 777691
15 10:23:43 997 777690
14 10:23:43 138 777500
13 10:23:43 163 777500
19 10:39:37 28 778000
23 10:40:01 8003 778933
22 10:40:01 1000 778930
21 10:40:01 15000 778929
20 10:40:01 997 778929
28 10:40:02 1645 779000
27 10:40:02 558 778995
26 10:40:02 10000 778934
25 10:40:02 1619 778934
24 10:40:02 1997 778933
29 10:48:40 500 778000
30 11:08:12 61 778000
31 11:12:38 526 778000
32 11:24:21 10 778998
35 11:36:12 989 778000
34 11:36:12 210 778001
33 11:36:12 240 778001
40 11:40:52 265 779000
39 11:40:52 2126 778999
38 11:40:52 1000 778998
37 11:40:52 2676 778900
36 11:40:52 987 778899
41 11:42:37 729 779000
42 11:42:59 1000 779000
43 11:45:53 100 779000
44 11:59:57 500 779000
49 12:03:35 5000 780000
48 12:03:35 1000 780000
47 12:03:35 1000 779500
46 12:03:35 10 779499
45 12:03:35 997 779499
50 12:04:11 10 784000
53 12:09:07 9944 778000
52 12:09:07 50 779000
51 12:09:07 6 779000
55 12:12:36 2850 778000
54 12:12:36 30 778010
59 12:19:47 5000 780000
58 12:19:47 5000 780000
57 12:19:47 997 779999
56 12:19:47 25 779998
60 12:26:23 5000 780000