2 09:01:05 542 765100
1 09:01:05 3500 765101
3 09:29:28 80 767700
4 09:32:21 1956 767700
5 09:33:20 3223 767791
6 09:34:42 8679 768000
7 09:54:05 227 767906
8 09:57:17 14130 767906
9 10:00:57 4000 767907
10 10:03:41 53 767907
11 10:04:06 20947 767907
12 10:08:07 188 768000
13 10:24:39 176 768001
14 10:29:04 5000 769000
15 10:32:53 20000 769000
16 10:34:51 1000 769000
17 10:49:04 750 768104
18 10:49:20 9100 769000
19 10:50:51 15 768111
20 10:52:04 1000 770000
21 10:56:42 211 768011
22 11:00:21 420 768011
23 11:07:45 60 769000
25 11:09:46 3298 769000
24 11:09:46 50 769000
28 11:17:15 10868 770000
27 11:17:15 334 769999
26 11:17:15 184 769800
31 11:27:02 5000 770002
30 11:27:02 10000 770002
29 11:27:02 15000 770002
33 11:35:58 1268 771000
32 11:35:58 10 771000
34 11:46:20 453 770000
35 11:46:59 1000 770000
36 11:55:39 5000 771000
37 11:55:54 126 771000
38 12:02:36 10 770777
39 12:02:37 10 770777
41 12:03:01 4874 771000
40 12:03:01 2044 770777
42 12:04:46 15 771000
43 12:11:24 10 770000
44 12:14:47 1438 770000
45 12:16:26 1290 770000
47 12:29:48 464 769010
46 12:29:48 10 769100