1 09:10:38 10 734777
2 09:10:39 45 734777
3 09:12:36 3811 736000
4 09:12:49 8 735866
6 09:13:12 1990 734149
5 09:13:12 400 734555
7 09:13:20 500 734149
8 09:13:23 8 735866
9 09:13:56 408 734179
10 09:15:23 8 736960
11 09:15:24 503 734179
12 09:15:48 8 736960
13 09:20:50 459 734239
14 09:20:58 8 736960
15 09:28:03 600 734619
16 09:28:11 8 736950
17 09:28:25 510 736500
18 09:30:58 10 736949
19 09:51:55 2624 734721
20 09:52:02 8 736890
21 10:00:10 13 736000
22 10:00:49 1360 734349
23 10:00:56 8 736888
25 10:08:52 35 736500
24 10:08:52 110 736500
26 10:10:09 94 734899
27 10:10:40 8 736500
28 10:13:41 28 735099
31 10:17:12 2197 736500
30 10:17:12 44 736500
29 10:17:12 1984 736500
33 10:17:38 207 734879
32 10:17:38 20 735000
36 10:18:56 2500 736600
35 10:18:56 17000 736600
34 10:18:56 400 736590
39 10:19:02 1089 736948
38 10:19:02 2500 736900
37 10:19:02 992 736890
44 10:19:11 393 736960
43 10:19:11 21 736960
42 10:19:11 3750 736950
41 10:19:11 120 736950
40 10:19:11 167 736950
51 10:19:26 403 738000
50 10:19:26 1000 738000
49 10:19:26 1307 738000
48 10:19:26 1209 737500
47 10:19:26 4000 737490
46 10:19:26 2186 737000
45 10:19:26 3639 736961
52 10:23:58 282 737000
53 10:26:20 718 737000
54 10:30:07 186 737000
55 10:30:31 240 737000
57 10:32:55 4533 736960
56 10:32:55 356 737000
58 10:33:14 700 737000
59 10:33:30 8 738000
60 10:33:56 4750 738000
61 10:34:12 3029 738000
62 10:39:42 984 736960
65 10:44:54 457 736960
64 10:44:54 235 736962
63 10:44:54 8 736963
66 10:46:09 525 736960
67 10:46:50 5458 736960
68 10:46:54 3029 736960
69 10:47:40 300 736960
70 10:47:51 500 736960
72 10:49:33 600 737500
71 10:49:33 700 737500
73 10:50:53 8 737500
74 10:51:25 2 737500
75 10:53:02 896 737500
80 10:53:23 207 739986
79 10:53:23 500 739900
78 10:53:23 500 738500
77 10:53:23 7213 738000
76 10:53:23 4000 737999
83 11:08:34 190 737500
82 11:08:34 10 737501
81 11:08:34 135 737501
84 11:19:47 150 737500
86 11:20:31 1340 737500
85 11:20:31 660 737500
87 11:22:05 492 738000
88 11:23:04 2359 738000
89 11:23:34 1400 738000
90 11:23:55 958 738000
91 11:23:56 657 738000
92 11:26:58 7 737500
93 11:28:05 958 737500
95 11:29:06 20 737500
94 11:29:06 4285 737500
98 11:29:48 551 738000
97 11:29:48 1370 737500
96 11:29:48 757 737500
99 11:32:22 691 738000
100 11:35:27 428 738000
101 11:35:50 162 738000
102 11:39:11 500 738000
103 11:40:09 396 738000
104 11:41:05 184 738000
105 11:43:29 1482 738000
106 11:44:30 715 736960
107 11:49:41 2500 738000
108 11:54:20 60 738000
109 11:59:16 1047 738000
110 12:04:16 400 738000
111 12:06:17 335 738000
112 12:09:47 409 738000
113 12:10:46 3943 738000
114 12:11:16 1064 738000
115 12:24:38 50 738100
116 12:24:52 135 738000
117 12:25:03 80 738100
118 12:25:39 20 738100
119 12:25:49 312 738000
120 12:25:50 150 738000
121 12:27:33 1634 738000
126 12:28:09 269 736960
125 12:28:09 4194 737103
124 12:28:09 1469 737104
123 12:28:09 50 738000
122 12:28:09 2018 738000