1 09:00:14 1700 764403
2 09:04:52 54 764403
3 09:19:20 1000 764403
4 09:25:18 88 764403
5 09:30:25 10 764405
8 09:49:44 1239 767000
7 09:49:44 264 767000
6 09:49:44 586 767000
9 09:53:46 50 767000
10 09:54:53 1893 767000
11 09:55:35 1028 767000
12 10:02:33 500 767005
13 10:03:47 312 767000
14 10:13:29 87 767000
15 10:41:06 2000 767000
16 10:48:27 500 767690
17 10:50:09 450 767690
18 10:53:32 1327 767690
19 11:31:58 1353 767000
20 11:39:16 958 767000
21 11:39:45 500 767000
22 11:45:23 4000 767000
23 11:47:06 777 767000
24 11:51:05 1090 767000
25 12:03:36 548 767000
26 12:08:36 500 767000
27 12:20:52 500 767000