1 09:14:51 742 758100
2 09:26:26 796 758027
3 09:36:14 38 758100
4 09:37:16 1157 758101
5 09:38:18 240 758101
6 09:39:04 959 758102
7 09:42:54 20 758103
8 09:48:54 700 758103
9 09:51:11 1093 758103
10 09:52:34 270 758103
11 09:55:07 152 758103
11 09:55:07 152 758103
12 09:55:54 485 758105
13 09:58:12 1928 758105
14 10:15:48 825 758105
15 10:26:20 1309 758105
16 10:27:52 600 758105
17 10:28:29 1051 758105
18 10:29:36 80 758112
21 10:31:17 1000 759000
20 10:31:17 1000 759000
19 10:31:17 499 759000
22 10:50:11 5 758160
23 11:00:27 2737 758248
24 11:01:13 429 758248
25 11:02:55 260 758248
26 11:07:06 1540 758248
27 11:20:50 300 758248
28 11:25:16 400 758248
29 11:33:12 14 758248
30 11:35:39 11 758248
31 11:50:23 609 758251
31 11:50:23 609 758251
32 11:50:29 4095 758251
32 11:50:29 4095 758251
33 11:51:31 1600 758251
34 11:52:52 595 758250
35 11:59:59 40 758250
39 12:00:56 8630 758200
38 12:00:56 2000 758203
37 12:00:56 13005 758248
36 12:00:56 1365 758250
42 12:01:28 2000 758104
41 12:01:28 2000 758109
40 12:01:28 4496 758110
46 12:02:06 4204 758100
45 12:02:06 2962 758100
44 12:02:06 200 758101
43 12:02:06 40 758102
47 12:02:32 12013 758100
48 12:06:41 3 758104
49 12:07:40 434 758104
50 12:19:17 3218 758201
51 12:22:55 1307 758899
52 12:25:47 2606 758204
53 12:26:34 100 758999
54 12:29:28 294 759000