1 09:06:10 1500 770000
2 09:07:25 596 770000
3 09:09:03 204 770000
4 09:30:57 1644 770004
5 09:34:40 2030 770004
6 09:37:42 500 770004
7 09:40:40 1000 770104
9 09:42:24 494 770999
8 09:42:24 50 770998
10 09:45:16 25 770999
11 09:46:20 201 770999
12 09:52:25 67 771001
13 09:56:42 692 771001
14 10:01:07 1373 771001
14 10:01:07 1373 771001
15 10:06:17 1071 771002
16 10:09:21 540 771002
17 10:09:28 389 771002
18 10:10:03 1114 771002
19 10:12:39 1400 771001
20 10:13:04 1000 771200
21 10:25:46 50 771203
22 10:27:36 1513 771203
23 10:30:37 437 771203
24 10:32:02 5468 771201
25 10:32:23 10847 771200
27 10:35:22 8748 771011
26 10:35:22 1252 771200
28 10:35:28 250 771203
29 10:46:41 1209 771053
30 10:49:13 587 771054
36 10:49:15 3175 773000
35 10:49:15 390 773000
34 10:49:15 5013 772000
33 10:49:15 10 771999
32 10:49:15 200 771200
31 10:49:15 1300 771099
41 10:50:01 938 774500
40 10:50:01 15000 774499
39 10:50:01 50 774490
38 10:50:01 600 774444
37 10:50:01 6500 773500
44 10:50:38 394 775000
43 10:50:38 390 775000
42 10:50:38 40 773490
45 10:55:32 20 774500
46 10:55:47 300 771203
49 10:56:38 9520 774500
48 10:56:38 15000 774500
47 10:56:38 480 774500
52 10:56:57 4520 774500
51 10:56:57 15000 774500
50 10:56:57 5480 774500
53 10:57:06 480 774500
56 11:05:10 500 775000
55 11:05:10 5000 774000
54 11:05:10 353 772082
57 11:09:24 760 771305
59 11:14:15 4853 774500
58 11:14:15 4 774400
61 11:35:00 5000 774500
60 11:35:00 248 774490
62 11:40:11 25000 771312
63 11:40:38 23842 771312
64 11:46:25 11575 771500
65 11:50:10 121 771500
66 11:50:40 9160 771501
67 11:51:51 5147 774500
68 11:54:56 633 771501
69 11:55:41 307 771501
70 12:12:31 1646 771504
71 12:12:52 38 771504
72 12:15:07 195 771504
75 12:19:14 256 771504
74 12:19:14 10 771600
73 12:19:14 35 771600
76 12:24:05 1298 771504