1 09:00:05 1000 758100
2 09:10:44 25 758151
4 09:25:06 209 761000
3 09:25:06 130 761000
5 09:41:41 1250 760200
7 09:45:03 375 760200
6 09:45:03 25 760201
8 09:47:50 172 761000
9 09:49:56 87 760200
10 09:54:04 1862 760500
11 10:27:50 20000 762000
12 10:36:51 254 761000
13 10:44:12 781 762000
15 10:45:59 676 762000
14 10:45:59 218 762000
16 10:50:15 596 761000
17 11:03:06 393 762000
19 11:15:25 453 761000
18 11:15:25 20 761010
21 11:18:57 2303 761000
20 11:18:57 2697 761000
22 11:32:25 10 761010
24 11:33:02 835 761000
23 11:33:02 697 761000
25 11:33:29 40 761010
26 11:33:33 9950 761010
27 11:33:57 50 761010
28 11:34:23 9940 761010
29 11:51:03 60 761010
30 11:51:15 116 761000
31 11:55:54 500 761000
33 12:02:38 7 761000
32 12:02:38 1549 761000
36 12:03:00 1502 760200
35 12:03:00 288 760200
34 12:03:00 1138 760500
38 12:03:32 127 760200
37 12:03:32 10 760500
39 12:04:17 851 761000
40 12:06:12 302 761000
41 12:07:18 302 761000
45 12:08:03 98 761000
44 12:08:03 62 760150
43 12:08:03 10 760200
42 12:08:03 371 760200
46 12:10:21 98 761000
47 12:11:31 349 761000
49 12:15:23 645 760150
48 12:15:23 13 761000