1 09:47:10 983 771025
2 10:01:54 51 771050
4 10:22:26 1333 771025
3 10:22:26 49 771026
7 10:45:26 1947 772000
6 10:45:26 51 771900
5 10:45:26 1179 771800
12 11:06:42 20000 776500
11 11:06:42 40 776000
10 11:06:42 697 775800
9 11:06:42 1721 775000
8 11:06:42 264 773000
13 11:24:27 5000 776500
14 11:30:09 17722 776500
15 11:51:54 87 772300
16 11:52:16 66 772300
17 11:52:46 30 772300
18 11:52:58 153 772300
19 11:53:05 218 772300
21 12:23:20 61 772350
20 12:23:20 199 772400
22 12:24:59 25000 775000
23 12:27:09 505 774998
24 12:27:16 5000 774998