1 09:00:06 7 805000
2 09:01:33 235 769000
3 09:10:27 298 762703
4 09:24:28 216 764320
5 09:30:28 1000 764539
6 09:44:33 410 764989
8 10:06:00 24898 767500
7 10:06:00 102 767499
10 10:06:02 24898 767500
9 10:06:02 102 767500
11 10:06:09 102 767500
12 10:10:04 25000 767500
13 10:10:08 25000 767500
14 10:15:14 30 767000
15 10:36:01 6550 767000
16 10:46:02 51 767100
17 10:51:54 1000 767100
17 10:51:54 1000 767100
18 11:03:30 1148 767101
19 11:06:31 60 767446
20 11:07:08 542 767446
21 11:08:03 90 767450
22 11:09:19 170 767450
24 11:09:46 496 767202
23 11:09:46 447 767450
25 11:18:19 620 767412
26 11:27:41 36 767202
27 11:30:41 519 767203
29 11:31:34 2200 767203
28 11:31:34 1000 767204
31 11:51:49 1021 767204
30 11:51:49 10 767210
33 11:58:47 288 767850
32 11:58:47 298 767605
34 12:16:08 1099 767850
35 12:18:26 178 767214
36 12:20:57 80 767221
37 12:24:22 2000 767221
38 12:26:04 2054 767444