1 09:00:04 96 734001
2 09:03:05 27 737000
4 09:06:37 714 735013
3 09:06:37 3400 735019
5 09:08:21 330 736000
7 09:13:05 480 735019
6 09:13:05 280 736000
8 09:13:16 8 738000
9 09:23:49 133 736009
10 09:24:09 8 737999
11 09:25:00 624 736009
12 09:25:09 8 737900
13 09:33:20 1000 736009
14 09:33:26 8 737899
15 09:33:41 288 736009
16 09:33:49 8 737899
17 09:38:31 30 736014
18 09:38:39 8 737899
24 09:47:23 5785 738000
23 09:47:23 765 738000
22 09:47:23 222 737900
21 09:47:23 646 737898
20 09:47:23 834 737701
19 09:47:23 366 737700
26 09:48:29 892 739499
25 09:48:29 1000 739499
27 09:48:37 3 739499
28 09:48:40 1402 739985
29 09:48:50 96 739986
30 09:49:00 6000 739989
31 09:49:04 662 739989
32 09:49:08 20 739989
36 09:49:35 300 740000
35 09:49:35 10000 740000
34 09:49:35 500 740000
33 09:49:35 664 740000
38 09:49:51 8 740000
37 09:49:51 3461 740000
40 10:19:09 10 739850
39 10:19:09 300 739850
42 10:19:21 25 739987
41 10:19:21 1000 739987
45 10:19:31 19772 740000
44 10:19:31 417 740000
43 10:19:31 3476 740000
46 10:19:32 8 739999
47 10:21:41 69 738000
50 10:26:02 11212 738113
49 10:26:02 707 738113
48 10:26:02 900 738113
52 10:27:19 632 739000
51 10:27:19 200 739900
53 10:27:22 907 738223
55 10:28:15 3049 739000
54 10:28:15 10 739000
56 10:30:56 370 739000
57 10:31:00 663 739000
58 10:32:32 958 739000
59 10:32:37 1454 739000
61 10:33:27 782 739000
60 10:33:27 767 739000
62 10:33:42 279 739000
63 10:55:55 300 739000
64 10:57:03 1647 739000
65 10:57:38 178 739000
67 10:58:48 2260 739000
66 10:58:48 2875 739000
68 11:00:36 97 739000
70 11:03:07 88 739000
69 11:03:07 10 739011
71 11:06:53 544 739010
72 11:08:07 2152 739700
73 11:09:20 1000 739010
74 11:12:02 499 739010
75 11:17:02 5033 739512
76 11:17:04 1067 739700
79 11:17:21 10 739800
78 11:17:21 12 739800
77 11:17:21 3625 739800
80 11:18:03 1320 739900
81 11:18:12 10 739899
85 11:18:36 1346 740000
84 11:18:36 292 740000
83 11:18:36 3638 739900
82 11:18:36 40 739800
86 11:20:20 712 740000
87 11:26:03 2037 740400
88 11:27:06 693 740000
89 11:27:09 26 740000
90 11:28:33 50 740000
91 11:28:38 1069 740000
92 11:30:38 2500 740000
93 11:33:33 5662 740000
96 11:47:28 20 740000
95 11:47:28 9 740000
94 11:47:28 50 740000
97 11:48:37 700 740000
98 11:49:32 50 740000
99 11:49:36 863 740000
100 11:51:01 443 740000
102 11:52:13 5465 740000
101 11:52:13 1000 740001
103 11:53:05 1350 740000
104 11:55:43 271 740000
105 11:55:55 5 739010
106 11:57:18 917 739012
107 12:00:05 628 739997
110 12:02:57 1000 740000
109 12:02:57 1000 740000
108 12:02:57 35 739996
111 12:06:28 664 740200
114 12:08:30 2993 739010
113 12:08:30 5000 739010
112 12:08:30 2952 739010
124 12:12:53 60 742000
123 12:12:53 5000 741999
122 12:12:53 500 741500
121 12:12:53 200 741000
120 12:12:53 1000 741000
119 12:12:53 20 740590
118 12:12:53 20 740590
117 12:12:53 100 740590
116 12:12:53 500 740000
115 12:12:53 1400 739500
125 12:13:06 5259 739011
126 12:13:43 100 742000
127 12:13:48 100 742000
128 12:13:52 100 742000
129 12:13:58 100 742000
130 12:13:59 100 742000
131 12:14:05 10 742000
132 12:14:11 1 742000
133 12:14:14 1 742000
134 12:15:04 433 739501
135 12:21:25 1429 739603
136 12:24:06 10 739999
137 12:25:26 10 739999
138 12:26:35 1479 739605