2 09:00:04 10 732500
1 09:00:04 190 732500
3 09:00:29 500 734000
4 09:00:32 96 734000
5 09:07:10 210 735000
8 09:11:34 902 734003
7 09:11:34 300 734004
6 09:11:34 500 734555
9 09:16:48 170 735000
10 09:16:49 300 735500
11 09:16:58 1055 735000
12 09:18:05 1000 735700
14 09:19:16 837 735700
13 09:19:16 163 735700
15 09:19:42 1361 735000
16 09:21:03 901 735700
17 09:24:50 45 735000
18 09:31:55 100 735000
19 09:39:45 3662 735000
20 09:40:01 125 736000
32 09:40:06 139 740000
31 09:40:06 92 740000
30 09:40:06 1151 739958
29 09:40:06 650 739958
28 09:40:06 899 739958
27 09:40:06 1410 739957
26 09:40:06 900 739957
25 09:40:06 577 739800
24 09:40:06 1000 739800
23 09:40:06 190 738450
22 09:40:06 1496 736824
21 09:40:06 2037 736819
33 09:49:42 500 736555
34 09:50:12 1000 736001
35 09:50:25 321 736001
36 10:02:14 2859 736000
37 10:02:21 60 736000
38 10:05:25 406 736000
39 10:09:46 3121 736000
40 10:12:53 4000 736500
41 10:15:15 26 736001
42 10:36:13 3900 736101
43 10:43:05 172 736105
44 10:47:45 162 737000
54 10:50:43 970 739000
53 10:50:43 200 739000
52 10:50:43 272 739000
51 10:50:43 1 738999
50 10:50:43 335 738899
49 10:50:43 740 738880
48 10:50:43 1000 738880
47 10:50:43 54 738000
46 10:50:43 798 738000
45 10:50:43 2555 738000
55 10:54:57 513 737001
56 10:56:05 25 737001
56 10:56:05 25 737001
57 11:00:25 520 737001
57 11:00:25 520 737001
58 11:03:03 10 738900
59 11:03:39 413 738801
60 11:11:43 422 737001
61 11:16:58 2704 738898
61 11:16:58 2704 738898
63 11:17:08 50 738900
62 11:17:08 263 738900
63 11:17:08 50 738900
62 11:17:08 263 738900
64 11:17:16 100 738990
65 11:17:25 60 739000
66 11:17:33 500 739400
67 11:17:41 573 739899
68 11:17:55 357 739994
69 11:18:16 655 739995
70 11:18:26 500 739996
71 11:18:33 3017 739996
72 11:19:08 10 737001
73 11:20:29 164 737001
74 11:21:27 4282 737123
75 11:27:11 450 737140
76 11:30:08 100 737500
77 11:30:15 30 739111
78 11:30:25 1000 739997
79 11:30:31 1000 739998
80 11:30:41 100 739998
81 11:33:34 50 738000
81 11:33:34 50 738000
82 11:34:25 500 737151
83 11:35:46 609 737152
84 11:36:46 50 739996
85 11:37:35 537 737152
86 11:41:35 100 739900
86 11:41:35 100 739900
87 11:41:54 126 739997
87 11:41:54 126 739997
88 11:46:13 70 740000
89 11:46:50 70 740000
90 11:55:02 1249 739001
92 11:58:33 14100 740000
91 11:58:33 100 739900
93 11:59:04 665 739001
94 12:01:37 3201 739001
95 12:01:53 125 739001
96 12:03:05 12 739001
97 12:06:36 100 739500
98 12:07:58 3415 739001
99 12:09:54 3385 739000
100 12:10:37 1111 739000
101 12:11:09 1000 739000
102 12:13:41 500 739000
103 12:15:13 500 739000
104 12:19:59 470 739000
105 12:22:16 100 739000
106 12:23:03 10 739000
107 12:26:18 10 739000
108 12:27:55 459 739000