1 09:00:03 95 736080
2 09:00:12 493 734482
3 09:02:44 200 735000
4 09:07:48 7 734999
6 09:08:38 3300 730000
5 09:08:38 13507 734482
7 09:08:46 1518 730000
8 09:09:17 702 734482
9 09:09:23 641 734482
10 09:09:29 14 734989
11 09:09:51 1504 734482
12 09:11:27 3300 734482
13 09:14:30 1710 734482
14 09:15:55 2243 734482
15 09:16:42 2172 734482
16 09:16:52 193 734999
17 09:17:21 350 734500
19 09:17:31 1724 734500
18 09:17:31 2000 735000
20 09:18:06 300 735000
22 09:19:08 144 735000
21 09:19:08 20 735010
25 09:28:23 100 735000
24 09:28:23 81 735000
23 09:28:23 724 735000
26 09:35:59 843 734600
28 09:46:24 877 734482
27 09:46:24 157 734600
30 09:51:21 541 734482
29 09:51:21 8 734500
32 09:56:30 1043 735000
31 09:56:30 5000 735000
35 09:57:02 604 735900
34 09:57:02 3473 735900
33 09:57:02 259 735900
36 09:57:10 10553 736000
37 09:58:15 869 734700
38 10:06:06 258 734700
39 10:08:48 500 734700
40 10:15:55 336 734701
41 10:18:35 30 735400
43 10:29:06 124 734720
42 10:29:06 500 734720
44 10:29:41 376 734720
45 10:30:22 237 734720
46 10:30:26 287 734720
48 10:31:49 1865 735400
47 10:31:49 135 735400
49 10:32:37 400 735400
51 10:32:52 88 734700
50 10:32:52 1373 734700
52 10:37:23 12 734700
53 10:39:05 15 734591
54 10:39:37 9474 734591
55 10:40:22 1654 734591
56 10:41:04 1000 734591
57 10:41:12 143 734591
58 10:42:26 3935 734583
59 10:44:55 2152 734591
60 10:45:32 3000 734591
61 10:45:54 1195 734600
62 10:46:28 113 734700
63 10:53:08 191 734612
64 11:07:08 40 734616
66 11:08:33 2353 734615
65 11:08:33 223 734616
68 11:09:19 456 734700
67 11:09:19 875 734700
69 11:11:06 500 734700
70 11:13:49 919 734616
71 11:15:03 169 734700
72 11:16:21 161 734616
73 11:16:34 839 734616
74 11:18:19 61 734616
75 11:23:42 1478 734602
76 11:23:50 1739 734602
77 11:23:56 1000 734602
79 11:24:24 653 734601
78 11:24:24 783 734602
80 11:28:25 381 734603
81 11:29:45 14 734690
82 11:30:20 27 734690
83 11:37:09 1000 734660
86 11:40:51 1349 734604
85 11:40:51 1000 734605
84 11:40:51 619 734606
87 11:41:38 500 734607
88 11:42:09 1000 734605
89 11:42:21 4788 734605
91 11:44:27 20506 734604
90 11:44:27 1000 734605
92 11:49:01 155 734604
93 11:53:41 875 734604
94 11:54:44 2743 734611
95 11:54:58 622 734660
96 11:55:20 18 734660
97 11:59:06 499 734604
98 12:03:26 156 734604
99 12:04:41 807 734604
100 12:05:10 1620 734604
101 12:05:27 7944 734604
102 12:05:47 11 734650
103 12:07:16 1591 734650
104 12:07:28 11 734650
105 12:09:10 1059 734650
106 12:09:23 7 734650
107 12:09:59 435 734601
108 12:10:51 20 734601
109 12:12:12 1024 734601
110 12:14:17 863 734650
111 12:14:39 566 734650
112 12:19:33 50 734650
113 12:19:53 1227 734650
114 12:20:35 13 735000
115 12:21:06 342 734482
116 12:22:09 2000 734482
117 12:23:14 2261 734482
118 12:23:20 10707 734482
119 12:25:40 813 734482
120 12:25:45 2012 734482
121 12:26:38 5925 734482
122 12:28:18 110 734482