1 09:10:50 40 766000
2 09:28:07 765 768000
5 09:41:20 6782 768950
4 09:41:20 923 768950
3 09:41:20 38 768920
7 10:15:18 600 769000
6 10:15:18 100 768990
8 10:33:25 287 769000
9 10:37:24 1014 769000
10 10:46:21 273 769000
11 10:48:59 500 770000
12 10:49:03 20 769000
13 10:51:25 300 770000
14 10:57:43 4100 769000
15 11:00:43 730 769000
16 11:13:50 90 770000
18 11:17:21 866 769001
17 11:17:21 10 769010
19 11:20:49 7 769010
20 11:21:34 40 770000
22 11:22:20 1000 770000
21 11:22:20 2430 770000
23 11:30:07 1000 770000
25 11:50:55 15 771000
24 11:50:55 632 771000
27 11:51:28 100 770000
26 11:51:28 25 770000
28 11:53:20 227 770000
29 11:53:54 270 771000
33 12:00:31 10889 769010
32 12:00:31 20 769010
31 12:00:31 3 769010
30 12:00:31 433 769011
34 12:10:57 5500 769010
35 12:12:31 193 769010
36 12:14:10 511 769010