1 09:05:09 240 766001
3 09:30:40 300 770000
2 09:30:40 130 769158
4 09:31:16 10 773000
5 09:31:47 913 773000
6 09:34:46 2598 773000
7 09:36:17 269 773000
8 09:42:40 10 773000
11 09:49:25 10 775000
10 09:49:25 500 775000
9 09:49:25 950 775000
12 09:51:59 2250 773000
13 09:58:17 53 773000
14 10:00:48 400 773000
15 10:09:00 222 773000
16 10:14:15 1033 773000
17 10:16:32 10 773000
18 10:21:11 25000 773001
19 10:22:05 18599 773001
20 10:25:40 124 773000
21 10:28:47 5396 773000
22 10:33:36 736 773000
23 10:34:01 400 773000
24 10:46:04 10 773000
25 10:50:49 1000 773000
26 10:53:21 2777 773000
27 10:57:19 6359 773000
28 11:02:48 500 772999
29 11:09:22 500 769000
31 11:38:18 290 770000
30 11:38:18 10 770010
32 11:39:34 1128 770000
34 11:57:22 4540 770100
33 11:57:22 10 770100
35 12:01:14 3000 772000
37 12:09:52 294 770100
36 12:09:52 20 770100
38 12:12:10 1302 770011
39 12:13:16 8864 770011
40 12:14:27 429 770011
41 12:15:35 9571 770011
42 12:17:02 1299 770010
43 12:17:11 9571 770010
49 12:20:54 682 773000
48 12:20:54 5 773000
47 12:20:54 159 773000
46 12:20:54 2560 773000
45 12:20:54 16076 773000
44 12:20:54 300 772700
50 12:21:23 218 773000
51 12:22:19 302 770011
52 12:23:07 1705 770011
53 12:26:08 5000 770011
54 12:27:27 10000 770011