2 09:00:04 250 734834
1 09:00:04 8946 734834
3 09:02:38 192 734834
5 09:08:07 473 734834
4 09:08:07 1000 734900
6 09:08:21 7563 734834
7 09:08:56 7300 734834
8 09:09:18 20 734834
9 09:10:16 871 734834
10 09:12:32 1451 734834
11 09:14:23 1692 734834
12 09:14:29 1000 734834
13 09:14:45 132 734834
14 09:15:07 496 734834
15 09:15:15 843 734834
16 09:15:25 1000 734834
17 09:16:49 868 734834
18 09:17:54 15 734834
19 09:20:58 60 734900
26 09:21:26 40 734990
25 09:21:26 40 734990
24 09:21:26 40 734990
23 09:21:26 40 734990
22 09:21:26 40 734990
21 09:21:26 40 734990
20 09:21:26 1000 734990
27 09:21:52 2159 734834
28 09:23:52 4764 734834
29 09:24:45 10 734990
31 09:25:21 1376 734834
30 09:25:21 20 734850
32 09:28:35 995 734834
34 09:29:27 410 734834
33 09:29:27 4650 734834
35 09:37:57 430 734834
36 09:38:23 220 734834
37 09:38:52 40 734834
38 09:40:09 366 734834
39 09:44:22 2629 734834
40 09:50:25 500 734834
41 10:00:10 481 734834
42 10:04:40 2852 734834
43 10:11:18 25 734834
44 10:16:53 1350 734834
54 10:23:40 3435 735490
53 10:23:40 1342 735490
52 10:23:40 300 735490
51 10:23:40 600 735490
50 10:23:40 308 735490
49 10:23:40 2604 735400
48 10:23:40 761 735000
47 10:23:40 100 735000
46 10:23:40 101 734950
45 10:23:40 445 734940
59 10:26:19 169 737000
58 10:26:19 7 737000
57 10:26:19 69 737000
56 10:26:19 1000 737000
55 10:26:19 869 736000
60 10:27:44 3697 734835
61 10:31:21 954 734835
62 10:32:50 2114 735000
63 10:35:07 2000 734835
64 10:40:23 1484 734835
65 10:41:03 1000 734835
66 10:42:36 1500 734835
67 10:46:06 10 734835
68 10:47:21 7 735000
70 10:48:49 458 735000
69 10:48:49 8 735000
73 10:53:29 805 736000
72 10:53:29 22195 736000
71 10:53:29 2000 735000
74 10:53:45 9195 736000
75 10:54:07 10 735000
76 10:56:22 1000 735000
77 10:56:44 967 735000
78 11:01:31 3000 735000
79 11:10:28 3179 735000
80 11:18:05 1430 735000
81 11:20:50 593 735000
82 11:21:47 50 735000
83 11:22:19 3712 735000
84 11:32:08 172 735000
85 11:32:26 72 735000
86 11:32:27 55 735000
87 11:32:49 1261 735000
88 11:35:44 470 735000
89 11:37:07 1878 735000
90 11:37:39 250 735000
91 11:41:59 300 735000
92 11:44:44 1750 735000
93 11:45:13 643 735000
94 11:47:09 3260 735000
95 11:49:26 30 735000
96 11:52:36 367 735000
98 11:56:41 520 735000
97 11:56:41 551 735000
99 11:58:35 500 735000
100 12:02:19 1844 735000
101 12:03:39 864 735000
102 12:08:20 2300 735000
103 12:10:30 500 735000
104 12:10:38 4867 735000
107 12:17:05 490 734004
106 12:17:05 50 734100
105 12:17:05 20 734110
108 12:21:38 272 734004
110 12:29:01 970 734010
109 12:29:01 30 734010