1 09:09:59 500 780000
2 09:11:21 140 780000
4 09:13:52 562 775000
3 09:13:52 38 775000
5 09:17:17 47 775000
6 09:18:17 81 775000
7 09:25:22 2000 775010
8 09:27:56 500 775010
9 09:43:48 255 775151
11 09:48:08 17549 775010
10 09:48:08 745 775151
12 09:49:55 783 775151
13 09:55:32 20000 777704
14 10:01:46 1726 776502
16 10:12:20 1783 779990
15 10:12:20 360 779900
17 10:17:20 5000 780000
20 10:37:29 18998 780000
19 10:37:29 5000 779900
18 10:37:29 1002 779800
24 10:37:30 18998 780000
23 10:37:30 6002 780000
22 10:37:30 18998 780000
21 10:37:30 6002 780000
26 10:37:31 18998 780000
25 10:37:31 6002 780000
27 10:37:32 6002 780000
29 10:53:14 5000 781000
28 10:53:14 500 777704
30 10:59:04 5000 781000
33 11:02:44 963 777001
32 11:02:44 7 777010
31 11:02:44 980 777010
35 11:06:55 5000 781000
34 11:06:55 980 780999
37 11:14:10 24993 779500
36 11:14:10 7 779400
39 11:14:11 24993 779500
38 11:14:11 7 779500
40 11:14:12 7 779500
42 11:14:38 25000 780000
41 11:14:38 25000 780000
45 11:23:55 5000 781000
44 11:23:55 87 780000
43 11:23:55 100 779900
46 11:35:16 5000 781000
47 11:53:29 894 777020
48 12:14:25 420 777001
50 12:24:30 47 777004
49 12:24:30 690 777100
52 12:29:38 717 777004
51 12:29:38 177 777100