2 09:00:04 3 765005
1 09:00:04 425 765005
3 09:13:08 810 766007
4 09:22:12 135 769100
5 09:22:18 3 769100
7 09:22:41 10 769100
6 09:22:41 24862 769100
8 09:28:09 2205 765823
9 09:30:50 190 769001
10 09:31:30 128 769100
12 09:32:27 30 769100
11 09:32:27 10 769911
13 09:46:31 786 769101
14 09:49:45 5928 769120
15 09:51:27 25000 771000
18 09:51:28 500 771000
17 09:51:28 1500 771000
16 09:51:28 15000 771000
19 10:00:35 655 769126
20 10:40:05 25000 770500
21 10:40:06 1790 770500
22 10:40:54 13 770500
23 10:40:59 1031 770500
24 10:42:33 1500 770500
25 10:52:56 956 771500
27 10:53:10 10 771998
26 10:53:10 553 771998
28 10:53:35 1000 772997
29 10:53:44 1000 772997
30 10:54:08 1000 772997
31 10:57:35 5802 769950
32 11:02:48 1160 769950
33 11:06:16 1000 772997
34 11:06:32 1000 772997
35 11:07:08 1000 772997
36 11:07:58 1000 772997
37 11:09:10 150 769950
38 11:12:51 100 769993
39 11:33:08 1500 770002
40 11:53:33 26 770101
41 11:57:39 1672 770101
42 12:07:02 40 770101
43 12:16:39 344 770201