2 09:00:05 2060 734834
1 09:00:05 2450 734834
4 09:05:02 1700 734999
3 09:05:02 300 734900
5 09:05:13 1000 734999
7 09:07:58 1040 734834
6 09:07:58 40 734900
8 09:11:11 493 734834
9 09:12:30 439 734834
10 09:15:07 191 734834
11 09:16:12 100 734834
12 09:17:45 1218 734834
13 09:23:02 1207 734834
14 09:26:27 5000 734834
15 09:27:23 47 734834
16 09:30:24 20 734834
17 09:34:25 370 734998
18 09:35:42 4968 734834
19 09:36:25 30 734834
20 09:39:24 10 734834
21 09:39:31 2000 734834
22 09:41:22 1500 734834
23 09:44:29 5934 734834
24 09:47:11 261 734834
25 09:48:53 2000 734834
26 09:52:35 611 734834
27 09:55:00 6731 734834
28 09:56:23 14 734998
29 09:58:30 615 734834
30 09:59:05 773 734834
31 09:59:09 435 734834
32 10:01:37 1 734834
37 10:03:11 1000 735000
36 10:03:11 5998 734999
35 10:03:11 100 734998
34 10:03:11 1737 734998
33 10:03:11 509 734998
38 10:03:13 2522 734834
39 10:03:36 470 734834
40 10:08:51 121 734834
41 10:28:34 418 734834
42 10:30:06 300 734834
43 10:30:49 40 734834
44 10:34:52 865 734834
45 10:38:58 27 734834
46 10:42:03 2714 734834
47 10:43:19 3000 734734
48 10:43:56 476 734734
49 10:48:08 313 734735
50 10:48:32 1000 734735
51 10:57:36 100 734858
52 11:05:37 35 734858
53 11:13:22 14 734735
55 11:16:46 1124 734735
54 11:16:46 376 734735
56 11:19:36 293 734735
57 11:32:55 120 734735
58 11:35:00 238 734735
59 11:35:04 1436 734735
60 11:37:32 650 734735
61 11:46:42 135 734851
62 11:46:54 1091 734735
63 11:49:58 20 734735
64 11:52:00 264 734735
66 11:53:06 969 734735
65 11:53:06 159 734735
67 11:55:55 1000 734734
68 11:59:53 13605 734734
69 12:06:22 680 734828
70 12:06:23 1389 734800
71 12:07:03 16308 734734
72 12:08:46 853 734834
73 12:09:06 16147 734834
74 12:09:07 853 734834
75 12:10:38 626 734834
76 12:13:19 103 734834
77 12:14:15 3250 734834
78 12:20:05 177 734834
79 12:22:14 500 734834
80 12:22:41 600 734834
81 12:24:13 258 734850
82 12:26:25 1807 734834