1 09:04:17 1000 769000
2 09:06:04 50 769000
3 09:06:53 890 769001
4 09:10:35 3910 769016
6 09:13:40 326 769300
5 09:13:40 200 769301
7 09:16:12 1599 769301
8 09:21:42 3 769760
9 09:28:53 4010 769911
10 09:41:14 98 770002
11 09:42:08 191 770111
15 09:57:34 1820 770014
14 09:57:34 2000 770020
13 09:57:34 2000 770023
12 09:57:34 180 770111
16 10:07:19 2000 770063
17 10:16:02 293 770104
18 10:30:03 1839 770130
19 10:34:57 23 770130
20 10:36:03 70 770130
21 10:43:04 100 771000
22 10:45:32 15 771000
23 10:47:19 333 771000
24 10:49:17 406 771000
25 10:51:37 100 771000
26 10:56:02 130 771000
27 11:00:46 375 771001
28 11:02:46 66 771001
29 11:03:04 100 771001
30 11:08:46 1415 771001
31 11:11:59 300 772000
32 11:12:11 100 772000
33 11:20:41 421 772596
37 11:20:45 200 772597
36 11:20:45 500 772597
35 11:20:45 100 772597
34 11:20:45 500 772597
38 11:41:27 71 772000
39 11:46:48 40 773000
40 12:00:35 202 772000
41 12:13:21 4000 772000
42 12:13:31 19243 772000
43 12:14:01 88 771001
44 12:15:33 71 771001
45 12:16:06 7885 771001
46 12:17:49 203 771000
48 12:18:40 111 770945
47 12:18:40 11445 771000
49 12:19:03 25000 770150
50 12:19:28 25000 770150
51 12:19:55 112 770150
52 12:20:07 500 770150
53 12:22:21 92 770200
54 12:22:24 1500 770151
55 12:23:26 100 770200
56 12:24:43 500 770150
57 12:26:06 100 770200
58 12:26:35 300 770150
60 12:28:11 412 770150
59 12:28:11 88 770150
61 12:29:19 500 770153
63 12:29:26 9724 771000
62 12:29:26 500 771000