1 09:13:41 2618 768003
2 09:17:40 1020 768100
3 09:34:31 50 768101
8 09:36:16 500 773000
7 09:36:16 5000 770000
6 09:36:16 721 770000
5 09:36:16 410 769000
4 09:36:16 50 769000
9 09:48:06 22 768502
10 09:48:48 960 768502
11 09:49:11 598 768502
12 09:49:17 165 768502
13 09:49:36 800 773000
17 09:50:13 5000 773000
16 09:50:13 100 773000
15 09:50:13 960 772990
14 09:50:13 598 772980
20 09:53:08 5000 773000
19 09:53:08 10 773000
18 09:53:08 12 773000
21 09:56:41 600 768138
22 09:58:12 900 768138
23 09:58:17 2 768138
24 09:58:22 1000 768138
25 09:58:38 50 768138
26 09:58:52 500 768138
27 09:58:55 2266 768138
28 10:54:34 100 769000
33 11:01:50 17431 772979
32 11:01:50 5000 772699
31 11:01:50 1950 772699
30 11:01:50 17 772699
29 11:01:50 602 772699
34 11:01:51 569 772979
35 11:24:46 353 769200
38 11:25:14 131 769103
37 11:25:14 7 769200
36 11:25:14 362 769200
39 11:33:31 588 769106
40 11:41:15 3633 769106
42 11:59:36 400 771000
41 11:59:36 400 771000
44 12:15:10 25000 770000
43 12:15:10 25000 770000
45 12:15:11 2700 770000
50 12:24:51 5000 773000
49 12:24:51 7 771999
48 12:24:51 555 771997
47 12:24:51 715 771996
46 12:24:51 13 771000