1 09:08:07 125 753110
2 09:09:35 700 753112
3 09:18:14 100 758004
4 09:21:24 147 758100
5 09:21:48 7029 758501
6 09:26:22 10 758200
7 09:27:25 133 758200
8 09:28:45 5000 758500
9 09:31:43 79 758500
10 09:39:48 100 758200
11 09:43:18 437 758200
14 09:43:43 79 758500
13 09:43:43 400 758500
12 09:43:43 14921 758500
15 09:43:50 241 758500
16 09:59:26 819 758350
17 09:59:28 125 758350
18 10:00:42 100 758350
19 10:01:56 1721 758350
20 10:02:39 180 758350
22 10:02:53 11328 758339
21 10:02:53 55 758350
23 10:06:58 423 758350
24 10:12:55 681 758350
25 10:20:02 2639 758800
28 10:21:26 3504 758339
27 10:21:26 1100 758350
26 10:21:26 1896 758350
29 10:27:20 2500 758500
31 10:27:54 4894 758351
30 10:27:54 2000 758360
32 10:27:56 68 758351
33 10:28:32 730 758351
34 10:30:20 30 758351
35 10:31:31 68 758351
36 10:33:54 639 758380
37 10:35:01 197 758380
38 10:43:02 100 758380
40 10:44:13 1127 758800
39 10:44:13 4750 758800
41 10:45:22 1265 758380
42 10:51:43 1500 758401
43 10:55:56 1917 758415
47 11:01:53 2440 758401
46 11:01:53 1500 758415
45 11:01:53 83 758415
44 11:01:53 100 758450
48 11:27:28 661 758470
49 11:29:34 339 758470
50 11:41:50 65 758451
51 11:43:28 76 758451
52 11:46:29 500 758451
53 11:47:24 300 758451
54 11:52:50 7 758451
55 11:55:07 52 758451
59 11:55:18 1842 758404
58 11:55:18 438 758404
57 11:55:18 1500 758430
56 11:55:18 250 758450
60 11:57:00 1390 758407
61 11:57:26 131 758410
62 11:57:51 1000 758410
65 11:58:39 1520 758407
64 11:58:39 1000 758410
63 11:58:39 369 758410
67 11:59:27 2112 758407
66 11:59:27 1000 758410
70 11:59:50 1925 758407
69 11:59:50 1500 758410
68 11:59:50 118 758420
71 12:00:13 1307 758407
72 12:01:30 1000 758415
73 12:03:08 1000 758415
74 12:03:20 69 758415
75 12:03:22 400 758415
76 12:06:08 1316 758416
77 12:07:33 106 758420
78 12:10:15 1000 758421
79 12:10:17 16 758425
80 12:11:41 500 758425
81 12:15:48 1499 758498
82 12:16:18 105 758499
83 12:17:06 25 758425
84 12:17:27 190 758425
85 12:19:45 30 758425
86 12:20:40 226 758425
87 12:20:55 1013 758425
88 12:21:13 987 758425
89 12:21:44 6 758425
90 12:23:02 7 758425
91 12:25:10 500 758420
92 12:28:07 13 758450
93 12:29:28 1000 758450