1 09:00:05 926 758500
2 09:36:30 40 761000
3 09:41:46 29 761000
7 09:47:08 200 761000
6 09:47:08 7000 761000
5 09:47:08 2931 761000
4 09:47:08 7 761001
11 09:50:18 18730 760550
10 09:50:18 300 760800
9 09:50:18 3500 760900
8 09:50:18 500 760901
12 09:55:35 150 761000
13 09:56:51 888 761003
14 10:07:21 39 761003
15 10:07:29 301 761003
16 10:09:59 73 761003
19 10:15:46 794 761000
18 10:15:46 7 761003
17 10:15:46 1699 761003
20 10:20:15 29 761001
26 10:21:21 7973 760706
25 10:21:21 3000 760800
24 10:21:21 3500 760850
23 10:21:21 6056 761000
22 10:21:21 4000 761000
21 10:21:21 471 761001
35 10:21:22 5000 760000
34 10:21:22 4000 760200
33 10:21:22 3000 760520
32 10:21:22 3000 760570
31 10:21:22 3500 760600
30 10:21:22 1297 760685
29 10:21:22 4973 760685
28 10:21:22 3000 760700
27 10:21:22 17027 760706
38 10:21:45 5000 760000
37 10:21:45 19797 760000
36 10:21:45 5203 760000
39 10:21:49 134 760000
40 10:22:12 69 759131
41 10:24:50 134 761590
42 10:26:42 3305 761600
43 10:28:08 257 761660
45 10:32:53 872 761000
44 10:32:53 100 761000
47 10:41:41 906 761007
46 10:41:41 2000 761055
48 10:42:08 514 761007
50 10:44:19 260 761007
49 10:44:19 80 761007
51 10:54:18 40 761007
52 10:58:24 64 761200
53 11:00:29 2800 761200
54 11:03:40 3736 761200
57 11:19:14 6128 761000
56 11:19:14 3000 761003
55 11:19:14 2700 761007
58 11:20:10 7672 761000
60 11:33:19 7000 761000
59 11:33:19 5000 761000
61 11:33:55 13000 761000
63 11:34:32 2415 761000
62 11:34:32 457 761000
64 11:35:08 3 761000
65 11:37:00 1125 761000
66 11:37:31 10000 761000
67 11:37:47 13875 761000
68 11:37:57 1125 761000
69 11:38:34 9865 761000
70 11:39:31 135 761000
72 11:45:10 5000 761000
71 11:45:10 82 761000
73 11:45:11 400 761000
74 11:51:38 450 761000
75 11:55:42 11 761650
76 11:58:32 840 761020
78 12:06:39 32 761000
77 12:06:39 68 761000
79 12:07:36 178 761000
81 12:10:42 8206 760701
80 12:10:42 3000 760800
82 12:20:30 65 761550
83 12:21:02 55 761550
84 12:25:53 210 760351
86 12:29:15 7 761550
85 12:29:15 327 761550
87 12:29:55 113 762000