2 09:20:44 11000 778000
1 09:20:44 4000 778000
4 09:20:47 1000 778000
3 09:20:47 14000 778000
5 09:20:48 15000 778000
7 09:20:49 6000 778000
6 09:20:49 9000 778000
8 09:20:52 15000 778000
10 09:20:55 11000 778000
9 09:20:55 4000 778000
11 09:21:01 14000 778000
12 09:23:19 1500 778000
13 09:27:41 2605 778000
14 09:32:22 130 779000
15 09:36:24 45 779000
16 10:00:55 4735 778000
18 10:03:19 1257 778000
17 10:03:19 3930 778000
19 10:11:10 1000 778000
20 10:16:51 5000 778000
21 10:20:32 1000 778000
22 10:27:31 675 778000
24 10:34:17 11379 778000
23 10:34:17 621 777900
26 10:34:26 700 778000
25 10:34:26 621 778000
27 10:39:52 2648 776003
29 10:42:46 80 777000
28 10:42:46 1005 777000
30 10:44:58 325 778000
32 10:47:53 7562 777000
31 10:47:53 1915 777000
33 10:49:32 500 778000
34 10:52:53 1076 777000
35 10:53:31 747 777000
36 11:01:47 79 777200
37 11:02:38 555 777400
39 11:15:37 476 777000
38 11:15:37 521 777200
39 11:15:37 476 777000
38 11:15:37 521 777200
40 11:19:00 895 777880
40 11:19:00 895 777880
40 11:19:00 895 777880
43 11:44:41 3985 778499
42 11:44:41 500 778497
41 11:44:41 997 778496
44 12:02:33 10 777100
45 12:02:45 11990 777001
47 12:02:57 1997 777999
46 12:02:57 491 777998
51 12:06:53 500 779000
50 12:06:53 194 778992
49 12:06:53 50 778899
48 12:06:53 2580 778499
53 12:07:44 3999 779555
52 12:07:44 1997 778498
54 12:10:08 10 777999
55 12:11:00 10973 777999
56 12:17:41 1997 778589
58 12:24:12 3372 778589
57 12:24:12 119 778599
59 12:29:55 4580 779500