2 09:17:36 1305 778380
1 09:17:36 300 778390
3 09:19:37 919 778380
4 09:20:30 229 778380
5 09:24:09 1876 778380
6 09:40:23 400 779000
8 09:40:36 1138 778412
7 09:40:36 10 778412
9 09:48:11 38 784000
10 09:52:32 313 779500
13 09:57:02 1000 779222
12 09:57:02 47 779500
11 09:57:02 400 779550
14 09:57:44 1200 778510
15 09:57:58 50 778510
16 09:58:01 50 778510
17 09:58:03 50 778510
18 09:58:04 27 778510
19 10:05:53 400 778500
20 10:06:15 177 778450
21 10:23:19 1373 778670
23 10:25:03 58 778666
22 10:25:03 1127 778670
25 10:26:29 10 778666
24 10:26:29 742 778666
26 10:26:58 7 778666
27 10:27:21 10 778666
28 10:27:56 77 778666
29 10:29:03 1168 778666
30 10:53:42 300 778666
31 10:54:32 3100 778666
32 10:54:41 36 778666
36 10:56:23 7400 778579
35 10:56:23 200 778580
34 10:56:23 2000 778582
33 10:56:23 400 778613
37 10:56:32 4741 778579
38 10:56:51 2082 778579
39 10:59:51 100 778614
40 11:00:31 900 778614
48 11:04:25 93 782800
47 11:04:25 362 782800
46 11:04:25 150 782000
45 11:04:25 1483 782000
44 11:04:25 550 781890
43 11:04:25 10 781890
42 11:04:25 2000 781500
41 11:04:25 1800 781490
50 11:05:10 3136 782992
49 11:05:10 2356 782800
52 11:09:51 176 780511
51 11:09:51 200 780611
53 11:24:30 250 780615
54 11:24:55 3120 780615
55 11:25:10 291 780615
56 11:28:00 100 780615
57 11:30:17 7 780611
58 11:30:41 840 780500
66 11:38:41 3411 782998
65 11:38:41 1000 782699
64 11:38:41 1000 782500
63 11:38:41 2330 782500
62 11:38:41 2000 782485
61 11:38:41 1000 782470
60 11:38:41 30 782470
59 11:38:41 176 782470
67 11:44:58 230 780500
68 11:45:31 318 780501
69 11:48:41 120 780501
70 11:58:58 2059 780501
71 11:59:16 300 780501
74 12:01:59 1720 783500
73 12:01:59 800 783500
72 12:01:59 2797 782999
75 12:20:52 100 780511
76 12:27:28 100 780511