1 09:03:44 145 738000
8 09:03:59 246 735359
7 09:03:59 1501 735359
6 09:03:59 501 735359
5 09:03:59 3000 736382
4 09:03:59 2070 736413
3 09:03:59 500 737254
2 09:03:59 1494 738000
9 09:04:14 8 743999
11 09:04:51 600 735555
10 09:04:51 2100 735559
12 09:04:52 300 735550
15 09:05:00 761 743999
14 09:05:00 739 743999
13 09:05:00 500 743990
16 09:05:01 8 743999
17 09:15:30 200 739000
18 09:15:44 488 738254
26 09:15:47 234 735699
25 09:15:47 500 735888
24 09:15:47 100 736000
23 09:15:47 200 738000
22 09:15:47 10 738001
21 09:15:47 10 738002
20 09:15:47 10 738005
19 09:15:47 12 738254
27 09:15:54 8 739000
28 09:16:34 22 735699
29 09:16:44 8 742000
30 09:19:02 700 736022
31 09:19:11 8 739988
33 09:21:56 401 737254
32 09:21:56 100 737555
34 09:22:05 8 739886
35 09:23:12 99 737254
36 09:23:13 153 737254
37 09:23:32 8 739000
39 09:23:56 2000 739000
38 09:23:56 12 739000
40 09:25:58 228 739424
41 09:28:32 6590 739382
42 09:32:58 2000 739382
43 09:35:56 5979 739382
44 09:35:58 399 739382
46 09:40:20 16980 739382
45 09:40:20 8020 739382
48 09:40:50 16980 739382
47 09:40:50 8020 739382
49 09:41:16 3532 739382
51 09:41:32 20512 739382
50 09:41:32 4488 739382
52 09:42:11 8 739382
54 09:42:47 20520 739382
53 09:42:47 4480 739382
56 09:45:40 5520 739382
55 09:45:40 4480 739382
57 09:46:56 43 739382
62 09:47:51 885 739870
61 09:47:51 20 739870
60 09:47:51 12 739860
59 09:47:51 20 739800
58 09:47:51 20 739500
63 09:51:59 654 740000
64 09:57:17 326 739501
65 09:59:39 10 739600
65 09:59:39 10 739600
69 10:06:17 1840 740000
68 10:06:17 20 739999
67 10:06:17 20 739990
66 10:06:17 20 739980
70 10:07:44 20 739900
71 10:07:51 500 739500
74 10:09:29 679 735007
73 10:09:29 1000 735013
72 10:09:29 8 739381
75 10:09:51 8 739999
79 10:12:07 15 740000
78 10:12:07 1054 740000
77 10:12:07 500 739999
76 10:12:07 12 739999
80 10:13:29 3614 740000
81 10:16:05 9 741000
81 10:16:05 9 741000
82 10:16:50 1000 741000
83 10:17:27 10 741000
84 10:17:37 500 741000
85 10:19:12 100 741000
90 10:19:43 1000 742000
89 10:19:43 3000 741999
88 10:19:43 2000 741989
87 10:19:43 679 741937
86 10:19:43 3150 741930
91 10:20:28 45 742000
92 10:21:12 836 742000
93 10:22:40 8448 742000
94 10:23:03 286 742000
95 10:23:24 10 742000
96 10:26:41 1000 742950
97 10:28:52 2000 742000
98 10:35:19 67 742000
99 10:37:19 110 742001
100 10:39:55 2000 742000
102 10:40:57 3031 742000
101 10:40:57 1479 742000
103 10:46:19 400 742000
104 10:48:27 18000 742000
105 10:50:04 7 742000
106 10:52:05 202 742000
107 10:52:49 180 742000
108 10:54:44 371 742000
109 10:55:03 550 742000
110 10:57:22 13 742000
111 10:57:52 229 742000
112 10:59:45 840 742000
113 11:00:42 53 742000
114 11:02:35 50 742000
115 11:04:18 909 742000
116 11:04:26 100 742000
118 11:04:45 1372 742000
117 11:04:45 65 742000
119 11:06:26 13 742000
120 11:07:42 5394 742000
121 11:09:07 219 742000
123 11:14:03 12193 742000
122 11:14:03 12807 742000
124 11:18:51 1336 742000
125 11:21:22 20 742000
126 11:21:56 9 742000
127 11:22:59 7000 742000
128 11:25:02 218 742000
131 11:26:52 437 743000
130 11:26:52 50 742999
129 11:26:52 10 742998
132 11:32:10 1917 742000
133 11:34:50 15 742000
138 11:36:45 1500 743000
137 11:36:45 2774 743000
136 11:36:45 1000 743000
135 11:36:45 563 743000
134 11:36:45 10 742999
139 11:38:05 764 743000
140 11:38:24 10 743000
141 11:40:04 193 743000
142 11:41:39 93 743100
143 11:41:59 1920 743000
144 11:43:15 611 743000
145 11:44:22 1500 743000
146 11:44:50 93 743000
147 11:46:19 2621 743001
148 11:46:27 500 743000
149 11:46:35 416 743000
152 11:46:54 427 743500
151 11:46:54 500 743500
150 11:46:54 10 743499
153 11:47:43 29 743000
154 11:48:37 1050 743000
155 11:50:11 469 743002
156 11:50:25 55 743000
157 11:50:59 6000 743000
158 11:51:10 386 743000
159 11:52:29 386 743000
160 11:53:45 4791 743000
162 12:00:34 943 743000
161 12:00:34 449 743000
163 12:01:03 100 743000
164 12:07:14 600 743001
166 12:07:38 600 743000
165 12:07:38 1286 743001
167 12:10:41 350 743000
168 12:12:02 14569 743000
169 12:16:05 870 743000
170 12:16:14 13 743000
171 12:16:59 1431 743000
172 12:17:43 499 743000
173 12:19:56 498 743001
174 12:21:42 114 743001
175 12:25:52 1349 743002