1 09:04:14 75 760200
2 09:28:39 1630 763001
3 09:37:44 220 765000
4 09:38:01 100 766399
5 09:43:36 235 765000
6 09:44:43 700 765000
7 09:47:00 20 765999
8 09:54:54 480 765000
9 10:02:31 400 765000
10 10:05:44 577 765000
11 10:11:06 100 765000
12 10:21:32 500 765000
13 10:25:24 1949 765000
14 10:26:55 143 765000
15 10:42:06 100 765000
16 11:28:41 1000 765011
17 11:30:46 983 765016
19 11:36:57 23752 765970
18 11:36:57 1248 765960
21 11:36:59 23752 765970
20 11:36:59 1248 765970
22 11:37:01 1248 765970
23 11:37:42 23752 765970
25 11:39:05 23752 765970
24 11:39:05 1248 765970
26 11:39:08 1248 765970
27 11:39:17 392 765970
28 11:42:50 792 765970
29 11:52:43 3642 765970
30 12:02:07 1668 765970
31 12:04:31 500 765970
32 12:09:29 500 765970
33 12:16:32 80 765970
34 12:16:56 530 765970
35 12:22:46 644 765970
36 12:28:55 4345 765970