1 09:15:16 807 772000
2 09:19:19 540 772001
3 09:34:24 79 774000
4 09:34:55 600 773001
5 09:44:25 223 773010
6 09:48:05 962 773010
7 09:50:47 1736 773950
9 09:51:00 9 774000
8 09:51:00 222 774000
10 10:09:58 348 774000
11 10:12:09 2878 774000
12 10:47:32 200 774200
13 10:49:45 291 774200
14 10:52:30 412 774200
15 11:01:29 7 774000
16 11:06:28 361 774000
17 11:07:22 1625 774000
22 11:11:20 3558 773458
21 11:11:20 1845 773458
20 11:11:20 7 773999
19 11:11:20 40 774000
18 11:11:20 19550 774000
23 11:11:28 15000 773458
24 11:14:12 298 774000
26 11:22:08 1858 773459
25 11:22:08 7 774098
27 11:25:51 1290 774100
28 11:28:40 3365 774100
29 11:30:10 1805 774000
30 11:31:25 500 774000
31 11:33:41 3472 774100
32 11:43:44 1504 774000
33 11:43:50 5000 774000
34 11:44:19 500 774000
35 11:49:50 1526 774000
40 11:53:24 1460 775999
39 11:53:24 3569 775500
38 11:53:24 5000 775000
37 11:53:24 500 775000
36 11:53:24 30 774997
44 11:59:24 8094 775500
43 11:59:24 16906 775500
42 11:59:24 5000 775500
41 11:59:24 3094 775499
45 12:01:51 219 774000
46 12:03:19 234 774000
50 12:05:20 4918 776300
49 12:05:20 20082 776300
48 12:05:20 83 776300
47 12:05:20 4835 775500
53 12:11:14 20463 776300
52 12:11:14 14 776299
51 12:11:14 4523 776000
54 12:11:16 4537 776300
55 12:26:02 367 774000