5 09:49:22 10 771999
4 09:49:22 9000 771999
3 09:49:22 208 771990
2 09:49:22 1305 771970
1 09:49:22 50 771960
6 09:50:18 1238 771757
9 10:12:40 2591 770010
8 10:12:40 10 770010
7 10:12:40 50 770010
11 10:19:11 3170 770021
10 10:19:11 100 770021
12 10:22:18 2000 770011
13 10:24:06 330 770008
14 10:25:02 22079 770008
15 10:25:27 330 770007
16 10:25:46 81 770007
17 10:25:48 24589 770007
18 10:26:21 411 770007
19 10:26:43 22079 770007
20 10:27:21 2510 770007
21 10:37:37 630 770010
22 10:37:44 200 770010
23 11:09:01 300 770020
24 11:12:11 1203 770999
25 11:12:20 5000 771000
26 11:24:15 4675 771000
27 11:48:30 102 770150
29 11:49:28 10 770150
28 11:49:28 24598 770150
30 11:52:39 25000 770011
31 11:53:24 24170 770010
32 12:07:29 5000 771500
33 12:12:11 100 770051
34 12:12:55 1264 770051
35 12:14:32 504 770051
36 12:22:33 500 770051
37 12:22:52 564 770051
38 12:24:54 229 770051
41 12:26:08 5000 771000
40 12:26:08 5170 770999
39 12:26:08 7 770980
42 12:28:43 2 770051