1 09:00:04 1000 780001
2 09:17:28 250 780001
3 09:28:11 1000 780000
4 09:30:58 40 779910
4 09:30:58 40 779910
5 09:41:13 260 779910
6 09:41:50 34 781000
7 10:09:15 225 781344
7 10:09:15 225 781344
8 10:12:26 245 780111
9 10:13:24 200 779910
11 10:31:15 181 779911
10 10:31:15 400 779912
12 10:35:39 459 779911
13 10:37:14 360 779911
14 10:38:36 224 779910
15 10:44:54 255 779911
16 11:05:45 54 779911
18 11:15:59 195 779911
17 11:15:59 191 779911
19 11:16:47 247 779911
20 11:29:23 200 779911
20 11:29:23 200 779911
20 11:29:23 200 779911
21 11:33:56 1252 779911
22 11:34:52 50 779911
23 11:35:29 253 779911
24 11:37:50 9 779911
25 11:38:52 1500 779911
25 11:38:52 1500 779911
25 11:38:52 1500 779911
26 11:38:55 2 779911
26 11:38:55 2 779911
26 11:38:55 2 779911
27 11:40:04 1 779911
27 11:40:04 1 779911
27 11:40:04 1 779911
28 11:40:58 44 779911
28 11:40:58 44 779911
28 11:40:58 44 779911
29 11:43:26 36 779911
29 11:43:26 36 779911
30 11:50:09 92 779912
31 11:51:24 50 779912
32 11:58:39 2 779912
33 12:04:01 100 779912
34 12:04:06 18 779912
35 12:05:31 190 779912
36 12:06:37 177 779912
37 12:08:33 8 779912
38 12:09:47 13 779912
39 12:10:41 114 779911
40 12:11:52 559 779911
41 12:16:09 1 779911
42 12:16:14 1365 779911
43 12:17:16 756 779910
44 12:19:49 237 780900
45 12:20:09 1754 781000
46 12:20:26 10 781800
47 12:22:10 774 781000
48 12:22:58 100 781000
49 12:23:08 1 781000
50 12:29:54 300 781000