2 09:08:15 1700 778010
1 09:08:15 30 778010
3 09:08:26 156 778010
5 09:10:45 296 778010
4 09:10:45 7 778100
6 09:22:36 500 778444
7 09:23:36 3 778555
8 09:23:47 697 778555
9 09:24:05 364 778555
11 09:25:34 476 778100
10 09:25:34 7 778100
13 09:27:51 492 778100
12 09:27:51 728 778100
14 09:32:39 300 778100
16 09:36:31 100 778100
15 09:36:31 28 778100
17 09:43:36 100 773111
18 09:44:05 73 773111
19 09:48:56 427 773222
20 10:14:19 130 773222
21 10:14:24 500 779000
22 10:14:34 800 779932
23 10:14:44 1000 779940
24 10:15:35 500 779941
25 10:15:54 3500 779950
26 10:16:04 959 779980
28 10:16:14 100 780000
27 10:16:14 602 780000
30 10:16:26 128 780635
29 10:16:26 128 780635
32 10:17:05 1617 780894
31 10:17:05 10366 780894
33 10:17:16 25000 781058
34 10:17:31 1000 780895
36 10:47:18 20 773115
35 10:47:18 50 773115
37 10:47:42 300 773115
38 10:47:55 200 773115
39 10:47:58 40 773115
40 10:48:28 2000 773115
41 10:49:06 300 773115
43 10:49:08 4774 773000
42 10:49:08 100 773111
44 10:49:42 90 773000
45 10:58:47 1000 773112
46 10:59:58 1000 773115
47 11:01:32 899 773113
48 11:02:31 1760 773112
51 11:04:57 50 773112
50 11:04:57 600 773112
49 11:04:57 3 773112
52 11:06:19 940 773115
53 11:08:12 390 773128
54 11:11:27 3109 773125
55 11:14:32 200 776000
57 11:14:44 2236 776000
56 11:14:44 1826 776000
58 11:20:27 810 773130
59 11:20:48 482 773130
60 11:23:36 300 772000
61 11:25:30 518 771351
62 11:25:42 90 772000
63 11:25:57 131 772000
64 11:37:11 198 772000
65 11:46:06 17000 772000
66 11:55:34 172 772000
67 12:03:19 1482 771351
71 12:19:36 351 766947
70 12:19:36 594 766950
69 12:19:36 9 766960
68 12:19:36 9 766960
74 12:20:04 51 761729
73 12:20:04 501 761729
72 12:20:04 149 766947
78 12:23:19 997 749415
77 12:23:19 2001 749415
76 12:23:19 1501 749415
75 12:23:19 501 749415
79 12:26:32 700 760000
80 12:26:59 669 760000
84 12:28:23 665 758002
83 12:28:23 2001 758003
82 12:28:23 1501 758003
81 12:28:23 501 758003
86 12:28:31 1996 758000
85 12:28:31 1085 758000
87 12:28:33 2635 758000
88 12:28:34 1369 758000