1 09:02:48 313 761000
2 09:05:13 1371 758000
3 09:06:13 79 758000
4 09:06:33 993 758000
6 09:08:28 407 758000
5 09:08:28 79 758001
8 09:11:00 1221 758000
7 09:11:00 150 758000
10 09:13:10 545 758000
9 09:13:10 1000 760000
11 09:15:51 312 758010
12 09:24:50 111 763900
13 09:27:08 7 762500
15 09:34:50 155 763900
14 09:34:50 393 762500
17 09:36:30 888 763900
16 09:36:30 46 763900
18 09:38:16 23 763800
21 09:46:46 324 763000
20 09:46:46 69 763000
19 09:46:46 383 762000
22 09:49:46 960 761021
23 09:52:08 25000 763200
24 09:52:11 25000 763200
25 09:54:45 20 763200
26 09:55:16 437 763200
27 10:04:51 1000 761056
28 10:09:15 25000 763800
29 10:09:18 25000 763800
31 10:15:30 1999 763898
30 10:15:30 2599 763898
32 10:19:38 1300 763897
34 10:20:54 1178 762000
33 10:20:54 10 762000
35 10:21:42 7 763900
36 10:22:26 1455 761521
37 10:22:55 1744 761521
38 10:24:26 80 763900
50 10:26:49 192 766000
49 10:26:49 7 765986
48 10:26:49 1500 765000
47 10:26:49 117 765000
46 10:26:49 1000 764000
45 10:26:49 5000 763999
44 10:26:49 98 763900
43 10:26:49 40 763900
42 10:26:49 110 763900
41 10:26:49 20 763900
40 10:26:49 1000 763900
39 10:26:49 25 763900
51 10:27:59 15408 767000
52 10:30:31 483 767000
53 10:33:30 130 761521
54 10:36:14 52 761590
55 10:36:53 370 762000
56 11:08:38 970 762000
57 11:26:57 874 762000
58 11:35:53 60 762000
59 11:40:27 500 762000
61 11:47:55 849 762000
60 11:47:55 226 762000
62 11:52:24 1441 762000
63 11:55:45 300 762000
64 12:04:39 300 763500
70 12:04:40 4517 766999
69 12:04:40 1000 766999
68 12:04:40 5000 765600
67 12:04:40 1500 764990
66 12:04:40 975 764990
65 12:04:40 1876 764900
71 12:06:25 24 767000
72 12:06:47 48 767000
73 12:07:25 10060 767000
78 12:13:28 706 778911
77 12:13:28 210 767450
76 12:13:28 714 767450
75 12:13:28 940 767000
74 12:13:28 44 767000
79 12:27:04 1264 762500
81 12:27:49 1482 762001
80 12:27:49 10 762010