1 09:15:18 287 758500
2 09:17:12 817 758500
4 09:33:34 7 758500
3 09:33:34 896 758500
5 09:35:07 37 758400
6 09:38:59 1000 758400
8 09:39:41 37 758400
7 09:39:41 963 758400
9 09:46:36 776 758500
10 09:50:46 2224 758500
11 09:51:09 1026 758500
12 09:54:56 600 758500
13 09:55:43 1000 758500
14 09:59:43 50 758500
15 10:16:02 1500 758800
16 10:25:08 122 760750
19 10:28:11 778 758800
18 10:28:11 500 758900
17 10:28:11 1500 758910
20 11:00:24 1000 760000
21 11:01:19 1071 760000
22 11:05:45 12 760749
23 11:06:28 7 760000
24 11:07:38 293 760000
27 11:13:32 10 760000
26 11:13:32 297 760000
25 11:13:32 2500 760009
28 11:14:16 482 760000
29 11:15:07 500 761000
30 11:25:02 1000 759300
33 11:25:13 1453 761000
32 11:25:13 500 761000
31 11:25:13 557 761000
34 11:36:23 582 760000
35 11:50:20 25000 759310
36 11:50:47 25000 759310
37 11:50:53 448 759300
38 11:51:20 20000 759310
39 11:53:47 699 761000
40 12:02:48 490 761000
41 12:12:36 1000 759451
43 12:20:34 221 759500
42 12:20:34 8 760555
44 12:23:04 80 761900
45 12:25:17 1000 761899
46 12:26:21 4665 761899
47 12:27:32 10 761900