1 09:00:05 51 758101
2 10:04:12 40 760900
3 10:05:36 330 761000
6 10:09:58 23952 762000
5 10:09:58 1000 761999
4 10:09:58 48 761900
8 10:10:01 23952 762000
7 10:10:01 1048 762000
9 10:11:01 1048 762000
10 10:12:16 2076 761334
11 10:18:07 120 761651
13 10:38:03 16304 762000
12 10:38:03 3000 762000
15 10:38:42 19304 762000
14 10:38:42 5696 762000
16 10:38:43 5696 762000
17 10:45:41 3200 762000
18 10:50:25 7 762000
20 10:55:47 382 762000
19 10:55:47 97 762000
21 11:05:27 25 762998
22 11:15:52 152 762000
23 11:19:52 1106 762000
24 11:22:06 920 762000
25 11:22:54 406 762000
26 11:35:21 59 762000
27 11:37:05 200 762000
28 11:37:54 3491 762000
29 11:38:33 1908 762000
30 11:45:45 131 762000
31 11:48:38 394 762000
33 11:51:57 1149 762000
32 11:51:57 851 762000
34 11:54:17 333 762000
35 12:00:36 135 762001
36 12:04:10 100 762001
37 12:07:13 5 762001
38 12:08:00 2138 762001
40 12:14:04 791 762001
39 12:14:04 10 762010
42 12:14:43 584 762001
41 12:14:43 10 762010
43 12:14:44 1 762001
44 12:17:22 1 762010
46 12:19:28 3129 762001
45 12:19:28 9 762010
47 12:24:33 8117 762001
49 12:25:35 982 762000
48 12:25:35 18 762000
50 12:26:00 2648 762000
51 12:26:40 1883 762001
53 12:27:32 6630 762000
52 12:27:32 1370 762000