2 09:03:57 216 777111
1 09:03:57 284 777201
3 09:26:17 9 778764
4 09:36:00 20 777111
5 09:37:29 28 777111
6 09:45:19 185 777254
8 09:48:47 250 777260
7 09:48:47 1050 777335
9 09:52:55 129 777360
10 09:57:09 59 777366
11 09:59:24 228 777366
13 10:01:01 329 777400
12 10:01:01 171 777400
16 10:14:21 1000 777350
15 10:14:21 1000 777370
14 10:14:21 384 777400
17 10:16:14 650 777339
19 10:16:17 2866 777254
18 10:16:17 1750 777260
20 10:16:54 9766 777254
22 10:17:06 12632 777200
21 10:17:06 12368 777254
27 10:17:11 11912 777000
26 10:17:11 200 777000
25 10:17:11 500 777000
24 10:17:11 20 777111
23 10:17:11 12368 777112
28 10:17:20 13088 777000
29 10:17:24 1000 777000
30 10:17:37 912 777000
33 10:18:35 5000 777339
32 10:18:35 10000 777339
31 10:18:35 347 777339
34 10:18:39 1500 777339
35 10:33:42 612 777347
36 10:50:26 15 778100
37 11:02:16 200 778001
38 11:02:19 35 778001
39 11:02:49 64 778001
40 11:06:27 51 778500
41 11:06:39 50 778500
42 11:09:32 127 778500
43 11:33:26 331 778500
46 11:36:12 3330 778764
45 11:36:12 1997 778763
44 11:36:12 65 778760
48 11:37:19 400 781000
47 11:37:19 200 780000
49 11:37:34 397 781998
50 12:02:56 63 778504
53 12:03:08 10554 779000
52 12:03:08 997 778998
51 12:03:08 603 778900
59 12:03:32 20 781500
58 12:03:32 2860 781500
57 12:03:32 1799 781490
56 12:03:32 10 781199
55 12:03:32 10 781000
54 12:03:32 100 781000
60 12:13:32 1000 781500
64 12:18:50 9000 782400
63 12:18:50 997 781995
62 12:18:50 100 781950
61 12:18:50 100 781900
65 12:20:42 2084 778505
66 12:27:22 100 779000