1 09:17:21 587 767000
2 09:20:50 24413 767000
3 09:30:11 603 765500
4 09:54:54 390 765600
5 09:56:53 270 765600
6 09:56:55 50 765600
7 10:01:19 3129 765870
8 10:01:53 65 765870
9 10:02:17 32 765870
10 10:10:51 1502 765600
11 10:11:31 274 765870
14 10:15:00 24139 767000
13 10:15:00 587 767000
12 10:15:00 274 766999
15 10:32:24 52 766000
16 10:33:17 870 765601
17 10:38:13 118 765701
18 10:42:46 1000 765701
23 10:45:37 15861 767000
22 10:45:37 500 767000
21 10:45:37 500 766900
20 10:45:37 50 766900
19 10:45:37 500 766800
24 10:45:43 85 767000
25 10:52:24 10 767000
26 10:53:53 5000 767000
28 10:57:00 10000 768500
27 10:57:00 721 768499
29 10:57:10 52 768500
30 11:00:36 50 768500
31 11:07:04 806 768500
32 11:08:44 265 768500
33 11:12:04 90 768500
34 11:16:34 1200 768500
35 11:26:59 740 768500
36 11:27:06 1264 768500
37 11:32:07 10 768500
38 11:34:22 169 768500
39 11:44:49 1156 768501
40 11:47:04 50 768501
41 11:50:10 80 768501
42 11:59:10 1026 768501
43 12:17:57 80 768501
44 12:23:34 109 768501
47 12:27:41 20000 769000
46 12:27:41 241 768990
45 12:27:41 50 768990