1 09:04:25 3699 776233
4 09:05:02 2000 776222
3 09:05:02 900 776223
2 09:05:02 301 776233
6 09:05:32 250 775000
5 09:05:32 600 775001
7 09:05:36 789 776222
8 09:09:25 1000 776010
9 09:09:42 780 776010
10 09:41:38 270 777200
11 09:43:02 44 777200
15 09:44:37 493 777116
14 09:44:37 220 777200
13 09:44:37 8 777200
12 09:44:37 186 777200
16 09:48:23 346 777200
18 09:48:24 219 777119
17 09:48:24 154 777200
19 10:11:19 64 777133
24 10:17:15 18 777120
23 10:17:15 7 777121
22 10:17:15 500 777121
21 10:17:15 200 777133
20 10:17:15 636 777133
25 10:43:21 627 777122
26 10:59:32 95 777122
27 11:11:29 797 777131
28 11:21:00 500 777132
31 11:22:08 211 777131
30 11:22:08 1000 777131
29 11:22:08 203 777131
33 11:37:01 387 777131
32 11:37:01 113 777131
34 12:00:21 7 777140
35 12:00:45 193 777135
36 12:06:51 450 777135
37 12:07:31 200 777445
38 12:08:27 150 777135
40 12:08:54 93 777134
39 12:08:54 207 777135
47 12:11:37 658 778000
46 12:11:37 142 778000
45 12:11:37 100 778000
44 12:11:37 150 777800
43 12:11:37 2097 777800
42 12:11:37 200 777788
41 12:11:37 100 777555
48 12:12:13 2000 778000
49 12:12:43 1500 778000
50 12:13:30 2098 778000
51 12:17:58 10000 778000
52 12:24:15 1569 778000