1 09:09:42 90 779303
2 09:10:00 612 779300
3 09:12:53 902 779306
4 09:18:48 134 779306
5 09:22:06 1127 779310
7 09:23:33 2374 779310
6 09:23:33 1026 779312
8 09:26:01 80 779311
9 09:26:19 200 779311
10 09:26:38 320 779310
11 09:29:48 829 779310
12 09:43:49 40 779311
14 09:46:16 140 779311
13 09:46:16 360 779311
15 09:55:17 10 780999
16 10:03:24 249 779333
17 10:19:34 300 780011
19 10:35:06 125 780000
18 10:35:06 2000 780000
20 10:36:27 17 780000
21 10:44:19 311 780000
22 10:45:18 264 780000
23 11:02:04 55 780000
30 11:07:27 2432 781998
29 11:07:27 53 781106
28 11:07:27 5000 780998
27 11:07:27 479 780997
26 11:07:27 525 780800
25 11:07:27 250 780800
24 11:07:27 568 780800
31 11:10:46 549 783000
32 11:10:58 10000 783000
34 11:12:10 5549 783000
33 11:12:10 14451 783000
35 11:13:04 1140 783000
36 11:17:10 18311 783000
37 11:19:59 1021 783000
38 11:22:12 1464 783000
39 11:23:31 6704 783000
40 11:24:58 398 783000
41 11:25:48 15413 783000
43 11:30:32 115 780500
42 11:30:32 8 781998
44 11:42:42 1 780500
45 11:44:29 112 780500
46 11:46:09 1 781500
47 11:49:19 40 781500
48 11:53:37 2125 781500
49 11:55:07 529 781501
50 11:55:31 9403 781501
51 11:57:03 7839 781511
53 12:01:21 838 781511
52 12:01:21 7001 781511
54 12:02:35 330 781511
55 12:03:15 871 781520
56 12:03:32 8635 781520
57 12:05:42 3155 781521
58 12:07:01 3995 781521
59 12:08:30 2397 781526
60 12:08:51 6848 781526
61 12:09:32 1294 781526
62 12:11:08 64 781526
63 12:12:03 3881 781526
64 12:12:39 15 781526
65 12:13:44 200 781526
66 12:14:24 39 781526
67 12:15:27 1 781530
68 12:17:02 700 783000
69 12:17:55 9 783000
70 12:18:45 16 783001
72 12:22:22 14807 783000
71 12:22:22 1928 783001
73 12:22:49 152 783000
73 12:22:49 152 783000
74 12:23:22 100 783000
75 12:24:00 1 783000
76 12:25:04 222 783000
77 12:26:35 1 783000
78 12:29:04 245 783000
79 12:29:50 3 783000