1 09:51:46 100 926000
3 09:51:53 1618 926000
2 09:51:53 200 926000
4 09:53:29 200 927000
6 10:00:18 500 926000
5 10:00:18 806 925000
7 10:06:07 57 926000
9 10:10:30 1300 927500
8 10:10:30 543 926000
10 10:14:11 500 928000
11 10:14:51 600 928000
13 10:17:05 5124 925999
12 10:17:05 1876 926000
14 10:19:18 1000 926003
15 10:19:18 500 926003
16 10:20:30 171 926009
19 10:28:32 18000 930999
18 10:28:32 2895 929999
17 10:28:32 500 929999
20 10:33:36 790 927001
21 10:48:40 9000 930979
22 10:48:40 1029 930980
24 12:14:01 6055 927193
23 12:14:01 1937 927194
26 12:15:33 40 920506
25 12:15:33 10 924000