1 09:02:13 255 875552
2 09:40:21 1248 886101
3 09:42:18 255 886103
4 10:28:38 791 890000
5 10:33:04 5000 892000
6 10:38:36 1503 892990
7 10:38:44 7756 892000
8 10:39:40 3443 892000
9 10:41:08 6 886340
10 10:56:35 2000 892000
10 10:56:35 2000 892000
11 10:56:54 1734 892000
11 10:56:54 1734 892000
12 11:05:27 2493 891000
13 11:21:44 500 891000
14 11:22:32 862 892000
15 11:45:20 200 892000
15 11:45:20 200 892000
18 11:47:15 458 886345
17 11:47:15 377 887000
16 11:47:15 30 890100
20 11:47:54 8242 886345
19 11:47:54 50 886400
21 12:18:39 675 888500
22 12:20:01 1000 889000
23 12:29:08 500 890000