1 09:28:05 311 892400
2 09:31:46 350 892400
3 09:32:31 83 875553
4 09:32:39 392 892400
5 09:48:51 339 892000
6 10:18:18 416 893000
7 10:18:21 1637 894000
9 10:18:23 640 894500
8 10:18:23 25 894500
10 10:19:01 2718 896401
11 10:45:18 1067 883831
12 10:58:06 11004 884387
13 11:06:56 1000 893000
14 11:09:39 1000 893500
15 11:09:51 1000 894000
16 11:10:10 1000 895000
17 11:10:21 3000 895000
18 11:10:34 1199 896401
19 11:15:25 10 885000
20 11:18:32 11870 892000
21 11:24:25 1000 894000
22 11:24:46 791 895000
24 11:52:54 6 895000
23 11:52:54 2578 895001
25 11:55:56 36 896000
26 11:58:01 494 895000
27 11:59:19 400 891010
28 11:59:20 1348 891000
29 12:04:30 230 890000
30 12:09:47 2591 885102