1 09:00:04 697 892422
2 09:05:41 2920 892422
3 09:32:17 2036 892422
4 09:32:26 600 892422
5 09:40:54 136 892422
6 09:44:54 666 892422
7 09:53:18 5610 892422
8 09:53:27 1983 892422
9 09:58:14 870 892422
10 10:25:56 2093 892422
11 10:39:52 218 892422
12 10:53:59 1879 892422
13 11:04:38 10 892422
14 11:11:09 1128 892422
15 11:18:24 6306 892422
16 11:18:34 1000 892422
17 11:57:05 1104 892422
18 11:59:09 2500 892422
19 12:04:20 3197 892422
20 12:11:11 21 892800
21 12:11:25 4560 875132
22 12:12:09 4560 892400
23 12:22:23 2938 892400
24 12:22:43 331 892000
25 12:23:54 962 875133
26 12:24:10 1000 875133
27 12:25:43 1962 892400