1 09:01:49 91 891650
2 09:11:28 500 891650
3 09:32:38 812 891650
4 09:40:16 165 891660
5 09:43:27 20 892500
6 09:58:17 1242 891650
7 10:34:34 1178 892350
8 10:34:34 1672 892380
9 10:34:34 150 892400
10 10:34:51 3809 892400
11 10:34:51 1191 892500
12 10:35:03 2000 892500
13 10:35:11 2000 892500
14 11:14:21 283 891660
15 11:16:42 1461 891660
16 11:29:36 8256 891660
17 11:30:49 1268 891650
18 11:31:28 1169 891660
19 11:36:42 6 891660
20 11:59:36 3000 891660
22 12:13:22 483 891660
21 12:13:22 825 891660
23 12:16:26 824 891660
24 12:20:15 232 891660
25 12:21:27 643 891660