1 09:33:27 10 893001
2 09:34:47 10 893500
3 09:35:16 10 893800
4 09:35:43 10 893900
5 09:37:31 10 893920
9 09:37:54 10 893990
8 09:37:54 10 893980
7 09:37:54 10 893960
6 09:37:54 10 893950
10 09:38:00 10 894000
11 09:39:05 618 892001
12 09:59:12 10 895000
13 10:02:18 2119 895000
14 10:02:39 10 894999
15 10:02:57 1000 895000
16 10:28:01 537 892104
17 10:28:33 10 893000
18 10:28:54 20 893500
19 10:30:01 20 893800
20 10:31:02 20 893900
21 10:31:14 20 894000
23 10:31:31 1241 894700
22 10:31:31 20 894700
27 10:33:06 10 894999
26 10:33:06 20 894998
25 10:33:06 20 894897
24 10:33:06 20 894800
28 10:51:17 20 895600
32 10:51:19 10 897000
31 10:51:19 10 896000
30 10:51:19 10 895999
29 10:51:19 400 895635
35 10:51:30 10 898300
34 10:51:30 10 898200
33 10:51:30 10 898000
36 11:32:58 130 895500
37 11:36:39 1232 895500
38 12:15:35 10 896002
39 12:16:14 10 896000
40 12:18:28 172 896000
41 12:20:23 20 896500
42 12:20:23 100 896999
43 12:20:34 4490 896999
44 12:20:34 100 897000