1 09:35:01 200 655500
2 09:35:07 50 655500
3 09:43:22 450 655500
4 09:50:55 250 655500
7 09:57:18 5000 658000
6 09:57:18 500 657999
5 09:57:18 450 657999
8 10:02:44 16 658000
9 11:12:31 1000 655000
12 11:18:11 52 657985
11 11:18:11 40 657980
10 11:18:11 8 657000
16 11:44:16 1008 655000
15 11:44:16 200 655000
14 11:44:16 800 655600
13 11:44:16 501 655601
17 11:54:19 25000 656000
18 12:02:08 8 655200
21 12:03:00 5000 657000
20 12:03:00 17262 657000
19 12:03:00 7738 656500
24 12:14:01 5563 657900
23 12:14:01 1700 657900
22 12:14:01 2737 657000
25 12:14:11 1000 657900