1 09:17:13 161 655000
3 10:12:47 34 659900
2 10:12:47 646 659880
5 10:12:50 200 659989
4 10:12:50 80 659988
6 10:12:55 1809 659990
11 10:13:57 19599 664000
10 10:13:57 3000 663998
9 10:13:57 800 662848
8 10:13:57 1501 662847
7 10:13:57 100 662100
13 10:14:00 6100 664000
12 10:14:00 5401 664000
15 10:15:17 1501 663679
14 10:15:17 200 662300
17 10:19:48 1501 663679
16 10:19:48 70 663300
18 10:30:19 45 663300
20 10:30:48 150 663400
19 10:30:48 35 663300
21 11:18:43 2000 664000
22 11:21:18 347 664000
23 11:21:45 86 664000
24 11:22:16 173 664000
25 11:22:24 361 664000
26 11:22:47 500 664000
27 11:23:07 260 664000
28 11:34:40 100 664000
29 11:36:32 300 664000
30 11:37:06 250 664000
31 11:37:37 3274 664000
32 11:37:39 2349 664000
33 11:43:21 500 664000
37 12:02:12 300 665000
36 12:02:12 4501 664999
35 12:02:12 3001 664999
34 12:02:12 1501 664999
42 12:07:23 15797 668900
41 12:07:23 4501 668899
40 12:07:23 3001 668899
39 12:07:23 1501 668899
38 12:07:23 200 668898
43 12:07:31 4203 668900
46 12:09:22 1800 669999
45 12:09:22 233 669998
44 12:09:22 200 669998
47 12:20:30 20 665000
48 12:27:50 30 663110