1 09:24:51 200 650000
2 09:42:44 50 650016
2 09:42:44 50 650016
10 09:57:12 4501 657361
9 09:57:12 1000 657333
8 09:57:12 3001 656922
7 09:57:12 1501 656545
6 09:57:12 80 655000
5 09:57:12 500 654999
4 09:57:12 200 654989
3 09:57:12 500 653000
11 10:04:31 2177 655000
12 10:07:25 4384 655000
13 10:08:15 479 655000
14 10:10:23 4369 655000
15 10:11:38 365 655000
16 10:13:13 1287 655000
19 10:28:18 6611 655000
18 10:28:18 3000 655100
17 10:28:18 522 655101
20 10:39:00 5068 655000
22 11:04:00 1110 655000
21 11:04:00 3000 655100
23 11:04:45 2038 655000
24 11:50:38 60 655060
24 11:50:38 60 655060
27 11:54:46 299 663989
26 11:54:46 1501 663989
25 11:54:46 200 663988
28 11:57:52 8 655070
33 12:08:24 970 663978
32 12:08:24 4501 663978
31 12:08:24 3001 663978
30 12:08:24 1501 663978
29 12:08:24 200 663977
42 12:10:29 50 665000
41 12:10:29 34 665000
40 12:10:29 32 664000
39 12:10:29 200 663994
38 12:10:29 2000 663993
37 12:10:29 3310 663979
36 12:10:29 766 663978
35 12:10:29 1501 663978
34 12:10:29 200 663977
43 12:11:18 200 665085
45 12:11:21 100 665085
44 12:11:21 200 665085
47 12:29:02 300 655089
46 12:29:02 200 655090