1 10:28:04 770 654001
3 10:28:40 388 654000
2 10:28:40 382 654000
4 10:28:41 4612 654000
8 11:01:43 10000 653132
7 11:01:43 12 653132
6 11:01:43 13 653132
5 11:01:43 3000 653133
9 11:01:45 11370 653132
10 11:01:51 3356 654000
11 11:02:18 900 654000
14 11:17:27 901 653209
13 11:17:27 109 653210
12 11:17:27 10 653210
16 11:20:46 9638 654000
15 11:20:46 15362 654000
17 11:20:53 2500 654000
19 11:21:18 1488 654000
18 11:21:18 12862 654000
20 11:22:04 10098 654000
21 11:29:03 4409 654001
23 12:04:38 2582 655000
22 12:04:38 10 655010
25 12:19:04 15000 656300
24 12:19:04 5951 655000
26 12:21:32 500 654501
27 12:21:41 151 654501
28 12:28:29 1000 654501
29 12:28:46 10000 654501