1 09:35:09 10 643997
2 09:51:45 510 640000
3 10:01:40 3945 640000
4 10:12:32 500 640000
5 10:32:40 20000 640000
7 10:35:42 17000 640000
6 10:35:42 3000 640000
8 11:03:01 70 640000
9 11:11:48 4000 640000
10 11:17:55 8 642486
18 11:31:19 1000 642500
17 11:31:19 92 642486
16 11:31:19 30 642486
15 11:31:19 62 642486
14 11:31:19 198 642485
13 11:31:19 550 642480
12 11:31:19 10000 642479
11 11:31:19 640 642478
23 11:39:08 635 640000
22 11:39:08 2975 640000
21 11:39:08 6000 640001
20 11:39:08 360 640002
19 11:39:08 30 640100
23 11:39:08 635 640000
22 11:39:08 2975 640000
21 11:39:08 6000 640001
20 11:39:08 360 640002
19 11:39:08 30 640100
24 11:39:18 20000 640000
24 11:39:18 20000 640000
26 11:44:23 10 640000
25 11:44:23 4365 640000
28 12:06:37 5625 641000
27 12:06:37 50 641000
29 12:25:22 1 641001