1 09:02:32 176 658828
2 09:02:37 176 658828
3 09:03:20 176 658828
4 09:08:05 3000 658828
5 09:08:52 965 658828
6 09:12:14 966 658828
7 09:17:59 228 658828
8 09:19:45 413 658828
9 09:31:05 10 655172
11 09:32:51 75 655170
10 09:32:51 11 655172
12 09:58:14 20 655180
13 10:48:32 100 657000
15 10:57:49 19980 657000
14 10:57:49 20 656030
16 10:57:50 4920 657000
18 11:09:13 879 657899
17 11:09:13 21 657898
19 11:14:11 12 657899
20 11:14:49 22 657900
21 11:15:56 130 657900
23 11:18:23 10 657899
22 11:18:23 10 657700
24 11:18:37 30 657899
25 11:18:59 20 657899
26 11:19:12 10 657899
29 11:54:56 1990 656020
28 11:54:56 10 656022
27 11:54:56 1000 656022
30 12:11:32 20000 657000
31 12:11:34 4848 657000
38 12:14:42 2181 657986
37 12:14:42 2 657899
36 12:14:42 965 657898
35 12:14:42 421 657897
34 12:14:42 1000 657599
33 12:14:42 1501 657598
32 12:14:42 30 657550
41 12:16:52 5090 656020
40 12:16:52 10 656022
39 12:16:52 1000 656022