1 09:07:40 1 684000
2 09:13:44 1 684001
3 09:30:46 13 684001
5 09:55:10 8 684001
4 09:55:10 16 684001
6 09:59:12 100 680000
7 10:05:47 40 680500
8 10:05:55 160 680000
9 10:08:00 50 680200
11 10:08:14 14 680000
10 10:08:14 40 680000
12 10:25:12 100 680000
13 11:36:55 50 673100
15 11:37:10 82 673000
14 11:37:10 15 673000
16 11:43:57 50 672200
17 11:50:12 88 672200
20 11:50:21 79 672000
19 11:50:21 15 672000
18 11:50:21 100 672000
21 11:50:34 2 672000
22 12:17:50 98 670326
23 12:24:17 50 670326
24 12:24:49 2 670326
26 12:25:10 33 665291
25 12:25:10 15 666000
28 12:29:33 334 665291
27 12:29:33 15 665400
30 12:39:06 50 670326