1 09:15:54 45 660003
2 09:35:28 100 663601
3 09:35:45 100 663601
4 09:35:58 200 663601
5 09:36:34 100 663601
6 09:37:42 2000 663601
7 09:37:55 5061 663601
8 10:02:45 100 663855
9 10:12:48 200 663853
10 10:13:03 4129 663853
11 10:22:37 100 663855
12 10:30:03 100 663855
13 10:30:51 100 663855
14 10:32:07 200 663855
19 10:38:11 59 669991
18 10:38:11 614 669990
17 10:38:11 55 669989
16 10:38:11 86 669989
15 10:38:11 86 669988
20 11:15:12 1 664003
21 11:30:14 25 664006
23 12:13:08 296 664005
22 12:13:08 755 664006