5 09:22:32 1000 638000
4 09:22:32 266 638100
3 09:22:32 220 638100
2 09:22:32 1000 638100
1 09:22:32 30 638101
6 09:22:34 5000 638000
10 09:27:33 8024 638200
9 09:27:33 5460 638200
8 09:27:33 2000 638200
7 09:27:33 2000 638200
11 09:27:44 976 638200
15 09:32:51 3500 638200
14 09:32:51 500 638200
13 09:32:51 155 638200
12 09:32:51 1000 638300
18 09:36:13 500 638200
17 09:36:13 7800 638200
16 09:36:13 1000 638300
20 09:43:22 6352 638210
19 09:43:22 500 638210
23 09:43:30 500 638200
22 09:43:30 2000 638200
21 09:43:30 2148 638210
26 09:55:12 3921 638201
25 09:55:12 500 638220
24 09:55:12 500 638220
30 09:55:32 500 638200
29 09:55:32 12200 638200
28 09:55:32 32 638201
27 09:55:32 6079 638201
31 10:03:34 4600 638100
33 10:16:13 16911 641943
32 10:16:13 1589 639500
34 11:42:28 1270 639700
37 12:26:02 340 638200
36 12:26:02 50 638250
35 12:26:02 100 638500
44 12:29:34 999 638000
43 12:29:34 235 638001
42 12:29:34 60 638010
41 12:29:34 10 638111
40 12:29:34 25 638111
39 12:29:34 160 638200
38 12:29:34 100 638500