2 10:11:59 475 662001
1 10:11:59 25 664000
3 10:55:56 500 662115
4 10:56:24 500 662115
5 10:57:02 500 662115
6 10:57:17 226 662115
8 11:01:51 2396 662115
7 11:01:51 604 662117
15 11:02:28 260 661800
14 11:02:28 26 662001
13 11:02:28 16 662109
12 11:02:28 800 662110
11 11:02:28 20 662112
10 11:02:28 1000 662112
9 11:02:28 3878 662115
16 11:09:17 100 663000
18 11:13:44 1000 665999
17 11:13:44 604 665999
19 11:16:05 1000 669000
20 11:18:19 1000 668895
22 11:22:23 800 668900
21 11:22:23 200 668900
23 11:29:30 20 666000
24 11:39:44 100 668899
25 11:40:45 400 668899
26 11:42:15 2 668900
28 11:43:09 1000 668900
27 11:43:09 198 668900
30 11:43:39 150 669398
29 11:43:39 50 669398
32 11:43:57 1000 669399
31 11:43:57 1000 669399
33 11:44:10 200 669499
34 11:44:27 200 669500
35 11:44:41 17000 669501
36 11:44:43 3 678857
37 11:55:22 10 666000