1 09:08:47 5000 650000
2 09:09:38 5000 650000
3 09:09:53 10000 650000
4 09:10:14 10000 650000
5 09:10:21 10000 650000
6 09:10:34 4279 650000
11 09:34:32 200 656994
10 09:34:32 608 656500
9 09:34:32 310 656500
8 09:34:32 1000 656500
7 09:34:32 1000 656500
12 09:34:49 192 656994
20 10:08:05 2537 652100
19 10:08:05 1000 652100
18 10:08:05 10 652100
17 10:08:05 200 652103
16 10:08:05 250 652687
15 10:08:05 1501 652687
14 10:08:05 2001 652687
13 10:08:05 501 652687
21 10:10:36 8 654000
22 10:13:59 103 654000
23 10:26:54 50 655555
24 11:19:25 66 654000
27 11:21:18 1887 654993
26 11:21:18 10 654992
25 11:21:18 103 654992
28 11:22:32 40 654993
34 11:27:07 742 652000
33 11:27:07 400 652002
32 11:27:07 34 652800
31 11:27:07 36 652800
30 11:27:07 50 652800
29 11:27:07 20 652800
37 11:28:09 3 652000
36 11:28:09 258 652000
35 11:28:09 20 652010
38 11:36:27 10 654908