1 09:38:01 1481 656982
2 09:53:11 25000 657700
4 09:53:13 50 657700
3 09:53:13 140 657700
5 10:11:32 25000 657700
7 10:23:26 22000 657000
6 10:23:26 3000 657001
10 10:23:31 7000 656982
9 10:23:31 15000 657000
8 10:23:31 3000 657000
11 10:23:34 17708 656982
12 10:23:41 7292 656982
15 10:27:45 20498 657700
14 10:27:45 1501 657699
13 10:27:45 3001 657699
19 10:27:52 4981 657700
18 10:27:52 4502 657700
17 10:27:52 3001 657699
16 10:27:52 1501 657699
20 10:29:58 19 658492
21 10:40:33 10 658328
22 10:44:56 200 658828
23 10:45:03 105 658828
24 10:50:17 65 658828
25 10:59:28 10 658000
26 10:59:42 730 658490
27 11:00:12 93 657200
28 11:42:45 3859 657200
29 12:13:14 20 657200
30 12:16:13 25 657200
31 12:20:07 50 658476
32 12:20:36 10 658476
33 12:25:28 10 657200
34 12:26:46 29 657200
35 12:27:24 10 657200