1 09:37:46 2990 674001
4 09:59:22 22090 677000
3 09:59:22 10 676999
2 09:59:22 2900 676999
6 09:59:23 10711 677000
5 09:59:23 2910 677000
7 10:10:39 25000 677000
11 10:55:57 9643 676999
10 10:55:57 6 676999
9 10:55:57 5000 676998
8 10:55:57 3000 676998
12 11:21:28 8 674999
13 11:23:14 18992 674999
15 11:23:36 7950 678998
14 11:23:36 3000 676997
18 11:42:31 9673 678998
17 11:42:31 3000 678997
16 11:42:31 12327 678996
19 11:42:32 9327 678998
20 11:45:08 25000 678998
22 11:55:07 10000 678996
21 11:55:07 1700 677500
24 11:55:20 23000 678998
23 11:55:20 2000 678997
25 11:55:21 2000 678998
27 11:56:50 12000 678998
26 11:56:50 100 678000
28 12:22:14 4000 674000