1 09:11:23 1100 638009
2 09:11:42 1891 638009
3 09:14:54 2000 639000
4 09:17:03 500 639000
5 09:17:43 1400 639000
6 09:18:03 174 639000
8 09:56:17 1000 639000
7 09:56:17 3801 639010
9 09:56:36 200 639000
15 11:01:59 21610 638120
14 11:01:59 1100 638121
13 11:01:59 790 638200
12 11:01:59 500 638300
11 11:01:59 500 638300
10 11:01:59 500 638300
16 11:02:06 3390 638120
17 11:07:12 500 637500
18 11:10:30 8 639000
19 11:21:08 11 622522
20 11:21:22 10 622522
21 11:22:11 150 637000
22 11:27:39 4100 637000
24 12:00:59 990 635999
23 12:00:59 3000 635900
26 12:07:28 27 633402
25 12:07:28 23 633555
28 12:26:06 1000 633500
27 12:26:06 27 633555
29 12:26:31 2700 633500
30 12:26:46 30 633500
31 12:27:10 20 633500
32 12:27:37 20 633500
33 12:27:49 34 633500
34 12:27:50 10 633500
35 12:28:27 150 633500
36 12:28:43 1509 633500