1 09:29:07 800 640001
2 09:59:41 466 642869
4 10:10:48 1400 640000
3 10:10:48 79 640001
5 10:10:55 10000 640001
7 10:19:14 490 640010
6 10:19:14 3000 640010
8 10:19:18 6510 640010
9 10:19:27 10000 640011
10 10:19:34 10000 640011
11 10:19:47 10000 640011
12 10:20:04 10000 640021
13 10:23:40 5 639711
15 10:27:31 9918 639604
14 10:27:31 82 639801
16 10:28:40 1800 640000
17 10:29:11 1500 640000
18 10:32:39 5000 639900
19 10:33:31 1880 639990
20 10:34:31 5180 640000
21 10:35:33 10000 640000
23 10:37:06 9640 640000
22 10:37:06 360 640000
24 10:38:49 9000 640001
26 10:38:56 9280 640000
25 10:38:56 720 640000
27 10:39:02 10000 640000
28 10:39:04 1000 640001
31 10:40:57 16380 640000
30 10:40:57 1520 640000
29 10:40:57 100 640002
34 10:46:47 1580 640000
33 10:46:47 100 640000
32 10:46:47 320 640000
37 10:47:34 5280 640000
36 10:47:34 500 640000
35 10:47:34 220 640000
38 10:48:49 5000 640000
40 10:49:47 4810 640000
39 10:49:47 190 640000
42 10:51:29 620 640000
41 10:51:29 380 640000
43 10:53:21 32 640000
46 10:56:11 4398 640000
45 10:56:11 100 640000
44 10:56:11 502 640000
48 10:57:18 9398 640000
47 10:57:18 602 640000
49 10:57:53 1000 640000
51 10:58:02 4898 640000
50 10:58:02 102 640000
54 10:58:54 4817 640000
53 10:58:54 81 640000
52 10:58:54 102 640000
56 11:00:28 4417 640000
55 11:00:28 583 640000
57 11:04:33 8000 640990
59 11:10:51 673 640001
58 11:10:51 250 640001
63 11:11:52 4650 640000
62 11:11:52 5200 640000
61 11:11:52 923 640000
60 11:11:52 227 640001
64 11:14:44 1593 640990
66 11:14:46 4450 640000
65 11:14:46 550 640000
68 11:15:04 4250 640000
67 11:15:04 750 640000
70 11:16:53 2250 640000
69 11:16:53 750 640000
71 11:17:00 3187 640990
73 11:17:15 1373 640990
72 11:17:15 220 640990
75 11:18:13 1900 640000
74 11:18:13 100 640000
76 11:19:52 9000 640100
77 11:23:08 574 640100
81 11:23:27 2161 640000
80 11:23:27 2315 640000
79 11:23:27 400 640000
78 11:23:27 50 640001
82 11:25:06 1000 640800
84 11:25:15 4861 640000
83 11:25:15 139 640000
86 11:28:12 2235 640100
85 11:28:12 12765 640100
87 11:28:28 2000 640200
88 11:29:02 1000 640200
90 11:29:12 9044 640100
89 11:29:12 956 640100
92 11:30:26 1944 640100
91 11:30:26 956 640100
97 11:30:37 3719 640000
96 11:30:37 1700 640000
95 11:30:37 69 640000
94 11:30:37 456 640100
93 11:30:37 56 640100
98 11:32:06 24000 640100
101 11:34:27 4474 640100
100 11:34:27 1422 640100
99 11:34:27 104 640100
106 11:35:26 3732 640000
105 11:35:26 1361 640000
104 11:35:26 5000 640001
103 11:35:26 1595 640100
102 11:35:26 312 640100
107 11:35:37 2000 640000
108 11:39:14 3029 640100
110 11:39:55 4992 640000
109 11:39:55 8 640000
113 11:41:19 4992 640000
112 11:41:19 5000 640000
111 11:41:19 8 640000
114 11:51:17 9000 640050
115 11:52:31 500 640065
116 11:52:39 900 640050
117 11:53:47 93 640050
119 11:54:22 9850 640001
118 11:54:22 1150 640001
122 11:55:28 14842 640000
121 11:55:28 8 640000
120 11:55:28 150 640001
124 11:57:40 346 640000
123 11:57:40 1654 640000
126 12:00:27 14218 640000
125 12:00:27 782 640000
127 12:02:22 614 640000
129 12:02:36 3000 639752
128 12:02:36 800 639752
130 12:03:05 15965 639760
131 12:03:19 10000 640000
132 12:03:30 1060 639751
133 12:03:38 12000 639750
135 12:09:48 100 639560
134 12:09:48 12776 639560
136 12:09:51 10000 639551
137 12:09:58 2000 639550
139 12:18:38 2100 639000
138 12:18:38 20 639000
140 12:21:27 700 639001
141 12:21:40 700 639001
147 12:26:53 10 638888
146 12:26:53 30 638889
145 12:26:53 150 639001
144 12:26:53 2300 639001
143 12:26:53 189 639002
142 12:26:53 700 639025
152 12:27:10 4000 638004
151 12:27:10 10 638005
150 12:27:10 1000 638012
149 12:27:10 10000 638014
148 12:27:10 2500 638250
153 12:29:40 62 639550