1 09:00:05 8 674000
4 10:49:36 9052 674148
3 10:49:36 10000 674149
2 10:49:36 605 674150
5 11:09:48 10 679997
6 11:57:50 100 676000
7 12:01:22 100 676000
8 12:02:27 50 674600
13 12:17:04 10000 680500
12 12:17:04 642 679999
11 12:17:04 642 679993
10 12:17:04 600 679992
9 12:17:04 400 676000
16 12:24:16 9670 674700
15 12:24:16 300 674700
14 12:24:16 30 674750
18 12:24:27 9 674701
17 12:24:27 2000 674700
21 12:24:36 72 674350
20 12:24:36 650 674600
19 12:24:36 4278 674700
22 12:25:17 10 674600
23 12:25:25 600 674600
24 12:25:55 5800 674350
25 12:29:29 358 674350
26 12:29:43 1390 674350
27 12:29:55 358 674351