1 09:47:42 60 653000
1 09:47:42 60 653000
2 10:05:19 760 651665
4 10:09:00 865 655488
3 10:09:00 200 655488
6 10:09:55 2676 655490
5 10:09:55 926 655488
7 10:10:22 1531 655490
8 10:12:08 152 655490
9 10:50:24 7409 658000
10 10:50:27 141 658999
11 11:00:59 15 658990
12 11:01:15 100 658999
13 11:01:30 245 658999
18 11:01:38 2001 655687
17 11:01:38 1501 655715
16 11:01:38 501 655927
15 11:01:38 300 658000
14 11:01:38 150 658000
19 11:01:45 7964 655000
20 11:02:21 200 655000
21 11:02:25 157 655000
22 11:03:51 300 655000
23 11:06:40 1000 655000
24 11:06:52 500 655000
25 11:07:03 300 655000
26 11:07:19 126 655000
28 11:09:55 500 655000
27 11:09:55 200 655000
29 11:10:48 270 655000
30 11:11:02 300 655000
32 11:12:40 1000 655000
31 11:12:40 18730 655000
33 11:14:17 500 655000
34 11:14:33 10 655000
35 11:14:42 19490 655000
36 11:14:44 2245 654501
37 11:16:28 150 655000
38 11:17:35 300 655000
39 11:17:39 595 655000
40 11:18:30 9349 655000
41 11:19:24 15651 655000
42 11:19:40 2753 655000
43 11:20:37 20 656000
44 11:23:50 7565 655000
46 11:27:17 17435 655000
45 11:27:17 374 655001
48 11:28:30 17809 655000
47 11:28:30 7191 655000
49 11:28:31 6451 655000
50 11:37:57 130 655000
52 11:50:27 1780 655000
51 11:50:27 720 655000
53 11:56:48 5 655050
54 12:05:53 500 655500
55 12:09:00 500 656000
57 12:09:20 24843 658000
56 12:09:20 157 657999
60 12:09:37 14220 658000
59 12:09:37 157 658000
58 12:09:37 500 657999
61 12:26:13 25000 656200