1 09:55:52 820 642000
3 09:55:52 170 641505
2 09:55:52 10 642000
4 10:54:30 100 642002
5 10:54:32 1771 642002
7 10:54:38 1719 641700
6 10:54:38 55 641710
8 10:56:17 1565 641700
9 11:10:20 6746 641800
10 11:25:07 3725 642000
11 12:05:48 80 642004
14 12:10:14 250 644899
13 12:10:14 550 644898
12 12:10:14 200 644897
17 12:11:36 2047 644900
16 12:11:36 36 644900
15 12:11:36 200 644899
19 12:17:04 2 644900
18 12:17:04 500 644899
20 12:17:17 1500 644900
21 12:17:54 3000 644900
23 12:18:12 1303 644900
22 12:18:12 197 644900
26 12:22:01 20 644973
25 12:22:01 1981 644900
24 12:22:01 500 644899
27 12:22:03 3097 644979
29 12:22:09 500 645000
28 12:22:09 103 644979
32 12:22:12 816 645999
31 12:22:12 650 645998
30 12:22:12 55 645900