1 09:56:39 264 684444
4 10:59:47 4300 694630
3 10:59:47 997 694629
2 10:59:47 264 694000
5 11:31:33 10 694630
6 11:31:39 10 694630
7 11:33:42 10 694630
8 11:33:45 10 694630
9 11:33:48 10 694630
10 11:36:26 10 694630
11 11:36:29 10 694630
12 11:36:33 10 694630
13 11:36:39 10 694630
14 11:40:20 9 694630
30 11:48:42 2793 675010
29 11:48:42 2001 675971
28 11:48:42 4000 676000
27 11:48:42 1501 676197
26 11:48:42 501 676625
25 11:48:42 4000 677000
24 11:48:42 4000 678000
23 11:48:42 4000 682000
22 11:48:42 10 682000
21 11:48:42 700 683000
20 11:48:42 500 683000
19 11:48:42 336 684000
18 11:48:42 300 684100
17 11:48:42 300 684200
16 11:48:42 8 684600
15 11:48:42 50 684600
32 11:48:46 17793 670600
31 11:48:46 7207 670610
34 11:55:32 2502 694619
33 11:55:32 1501 694619
38 12:01:18 997 694499
37 12:01:18 300 694400
36 12:01:18 300 694400
35 12:01:18 1965 694398
39 12:24:09 8 694399
40 12:25:38 2 694399
41 12:29:52 10000 694480