1 09:28:31 189 643002
2 10:05:03 29 643115
3 10:37:26 1 643121
5 10:38:03 1000 643120
4 10:38:03 19 643121
7 10:38:20 1500 643112
6 10:38:20 10 643112
8 10:38:28 500 643100
13 10:45:06 107 642020
12 10:45:06 140 642120
11 10:45:06 20 642508
10 10:45:06 10 642508
9 10:45:06 50 642508
13 10:45:06 107 642020
12 10:45:06 140 642120
11 10:45:06 20 642508
10 10:45:06 10 642508
9 10:45:06 50 642508
15 10:45:35 1961 642020
14 10:45:35 10 642100
16 10:46:19 100 643000
19 10:56:42 557 642000
18 10:56:42 432 642020
17 10:56:42 10 642100
20 10:57:05 686 643000
21 10:57:08 3107 643000
23 10:57:13 10 644600
22 10:57:13 1107 643000
24 10:58:00 1245 645000
25 11:21:19 102 643000
31 11:23:20 1000 642010
30 11:23:20 30 642010
29 11:23:20 298 642017
28 11:23:20 141 642018
27 11:23:20 31 642019
26 11:23:20 21 642019
32 11:28:55 1000 642000
33 11:29:47 1000 643000
34 11:36:26 4000 643000
35 11:37:22 6132 644000
36 11:43:17 50 644400
40 11:54:53 3000 646400
39 11:54:53 10 646400
38 11:54:53 507 646400
37 11:54:53 50 646300
41 12:06:53 20 644101
46 12:14:32 295 646900
45 12:14:32 79 646900
44 12:14:32 425 646900
43 12:14:32 200 646899
42 12:14:32 10 646798
47 12:21:03 1054 646998
49 12:23:35 1333 646998
48 12:23:35 1667 646997
50 12:23:39 1613 646998