1 09:04:08 10 659998
2 09:04:16 10 659999
3 09:22:49 500 660000
4 09:22:50 500 660000
6 09:22:51 500 660000
5 09:22:51 500 660000
7 09:22:53 500 660000
8 09:22:54 500 660000
9 09:22:55 500 660000
10 09:22:56 500 660000
11 09:22:58 500 660000
12 09:23:36 100 660000
13 09:23:38 100 660000
14 09:23:43 100 660000
15 09:43:53 1108 659973
16 09:43:58 4090 659973
18 09:44:00 5197 659974
17 09:44:00 2 659973
23 09:51:06 10000 659974
22 09:51:06 3 659974
21 09:51:06 500 659973
20 09:51:06 5000 659973
19 09:51:06 2000 659973
24 10:15:48 500 657500
25 10:17:04 10000 659000
28 10:18:50 290 657201
27 10:18:50 10 657210
26 10:18:50 10 657210
29 10:42:49 5000 659000
31 10:53:04 1250 657001
30 10:53:04 20 657210
33 11:07:13 960 658500
32 11:07:13 40 658500
34 11:13:12 40 658500
35 11:26:08 107 658500
36 11:31:29 1000 657700
37 11:35:00 300 657699
39 11:42:30 3 657699
38 11:42:30 197 657699
40 11:45:51 20 657510
41 11:46:07 300 657500
44 11:46:52 1000 657000
43 11:46:52 3750 657001
42 11:46:52 350 657020
45 11:46:58 9 657000
46 11:47:39 126 656000
49 11:49:12 2001 654274
48 11:49:12 1501 654274
47 11:49:12 501 654274
52 11:49:58 760 654274
51 11:49:58 1501 654274
50 11:49:58 501 654274
54 11:52:31 20 656400
53 11:52:31 10 656400
55 11:58:18 50 654276
57 12:00:45 1507 654276
56 12:00:45 1501 654276
59 12:09:05 1499 654280
58 12:09:05 501 654280
60 12:13:26 8 654900
61 12:15:21 526 654900
67 12:17:32 3674 654274
66 12:17:32 10 654275
65 12:17:32 500 654279
64 12:17:32 10 654280
63 12:17:32 501 654280
62 12:17:32 1501 654280
68 12:19:12 3466 654274
69 12:21:51 17 654700
70 12:28:03 59 657999