1 09:33:03 8 634100
2 09:55:34 457 636990
5 10:44:07 465 635050
4 10:44:07 335 635100
3 10:44:07 200 635200
8 11:01:25 8 635000
7 11:01:25 535 635050
6 11:01:25 1000 635060
9 11:02:38 400 635000
10 11:04:43 1000 635000
11 11:05:22 1000 635000
12 11:05:44 324 635000
13 11:33:18 20000 635000
17 11:34:36 500 635000
16 11:34:36 8 635000
15 11:34:36 2268 635000
14 11:34:36 910 635100
18 11:38:58 50 635000
19 11:39:48 10 635000
20 11:40:03 30 635000
21 11:40:55 50 635000
22 11:41:19 50 635000
23 11:41:33 50 635000
24 11:41:51 50 635000
25 11:42:20 50 635000
26 11:42:39 50 635000
27 11:43:09 50 635000
28 11:57:47 95 635000
30 12:01:07 243 634100
29 12:01:07 91 634110