1 09:15:26 20 644900
3 09:21:01 502 644899
2 09:21:01 498 644898
4 09:39:03 500 640021
7 09:43:03 1728 640000
6 09:43:03 770 640001
5 09:43:03 2 640021
8 10:03:48 80 643982
9 10:37:49 8 643498
12 10:38:43 15000 640100
11 10:38:43 195 640100
10 10:38:43 10 640100
13 10:38:57 8795 640001
14 10:39:17 8 640001
15 10:41:54 488 643498
18 10:51:55 20000 640002
17 10:51:55 20 640100
16 10:51:55 496 640101
19 10:52:06 3484 640001
27 11:42:00 22907 643489
26 11:42:00 715 643489
25 11:42:00 8 643488
24 11:42:00 40 643488
23 11:42:00 350 643488
22 11:42:00 980 643480
21 11:42:00 24000 643480
20 11:42:00 1000 643479
28 11:42:01 2093 643489