1 09:07:19 42 650002
2 09:40:01 40 651999
2 09:40:01 40 651999
3 09:59:33 228 656000
12 10:31:46 1124 642021
11 10:31:46 10 648901
10 10:31:46 3100 649299
9 10:31:46 501 649300
8 10:31:46 2001 649300
7 10:31:46 1501 649300
6 10:31:46 40 651460
5 10:31:46 10 652000
4 10:31:46 50 652100
13 10:32:03 8 655000
14 11:46:03 50 653000
15 12:05:47 18 651111
17 12:14:24 10 651111
16 12:14:24 982 651111
18 12:17:00 3226 651111
20 12:21:06 3200 651012
19 12:21:06 50 651100
21 12:21:17 50 651012
22 12:27:33 6205 651111