1 09:08:50 5000 668000
2 09:17:48 506 666000
4 09:18:36 4494 667988
3 09:18:36 506 667987
5 09:20:11 30 666001
6 09:24:03 780 666001
7 10:37:19 50 667762
8 10:41:17 500 667762
9 10:43:04 500 667762
10 10:51:40 10 667762
11 10:56:37 208 667988
12 11:01:44 5003 667900
13 11:18:28 10 668011
17 11:18:51 504 671790
16 11:18:51 500 671790
15 11:18:51 988 671787
14 11:18:51 500 671780
18 11:19:05 8 671790
20 11:20:14 510 671800
19 11:20:14 992 671790
23 11:28:44 200 671850
22 11:28:44 500 671801
21 11:28:44 500 671800
25 11:35:25 17806 673150
24 11:35:25 300 673150
31 11:42:27 7983 674200
30 11:42:27 500 674200
29 11:42:27 5517 674199
28 11:42:27 1000 674000
27 11:42:27 1000 673999
26 11:42:27 300 673150
33 11:43:08 2011 674200
32 11:43:08 6 674199
35 12:08:22 13007 669010
34 12:08:22 993 669011
38 12:19:30 400 674000
37 12:19:30 993 673999
36 12:19:30 500 673500
39 12:23:13 5000 673900