1 11:42:59 5000 656000
2 11:48:36 10 654999
8 12:16:32 2001 654756
7 12:16:32 802 654756
6 12:16:32 699 654756
5 12:16:32 501 654756
4 12:16:32 3100 654799
3 12:16:32 700 655001
9 12:16:34 2197 654756
10 12:16:49 8 659998
14 12:17:18 700 654001
13 12:17:18 2001 654002
12 12:17:18 1501 654002
11 12:17:18 501 654002
15 12:17:25 297 654000
18 12:17:35 498 654001
17 12:17:35 1501 654001
16 12:17:35 501 654001
19 12:17:39 1503 654001
20 12:17:46 997 654000
21 12:17:58 3 654000
22 12:18:01 2497 654000
23 12:18:22 20 654000
24 12:18:24 2479 654000
25 12:18:35 1 654000
26 12:19:05 199 654000
28 12:19:09 204 654000
27 12:19:09 597 654000
29 12:19:20 200 654000
30 12:19:23 3000 654000
31 12:19:27 800 654000
34 12:21:29 1100 654000
33 12:21:29 200 654001
32 12:21:29 760 654200
35 12:21:30 2940 654000
38 12:22:38 33 653400
37 12:22:38 57 653403
36 12:22:38 10 654000
39 12:28:28 5000 656000