1 09:16:02 8 640000
2 09:32:28 6000 640050
3 09:32:35 3992 640050
4 09:32:42 3311 640011
5 10:06:11 100 639500
10 10:06:34 3240 639000
9 10:06:34 10 639001
8 10:06:34 10000 639001
7 10:06:34 300 639002
6 10:06:34 350 639003
11 10:38:36 10 640999
12 10:41:14 3 640999
14 10:49:33 20 639001
13 10:49:33 125 639001
15 10:49:40 1005 639000
17 11:09:06 944 640000
16 11:09:06 790 639999
18 11:09:11 2691 640000
20 11:17:25 3120 640000
19 11:17:25 2 640000
21 11:17:28 1849 640000
22 11:17:33 31 640000
24 11:39:42 2625 640000
23 11:39:42 497 639999
25 11:39:47 1665 640000
28 11:40:51 2074 639000
27 11:40:51 80 639001
26 11:40:51 30 639100
31 11:41:47 5000 640000
30 11:41:47 710 640000
29 11:41:47 495 639999
32 11:41:54 3795 640000
33 11:42:49 9 639000
34 11:44:54 3131 639000
35 11:45:14 3131 639000
37 11:45:55 5000 640000
36 11:45:55 1205 640000
38 11:52:59 500 640001
40 11:59:05 18795 640000
39 11:59:05 400 640001
41 11:59:19 32 640000
42 12:00:07 773 640000
46 12:03:57 5000 641000
45 12:03:57 5529 640999
44 12:03:57 9 640999
43 12:03:57 498 640998
47 12:10:15 1374 641000
48 12:13:41 18626 641000
49 12:21:24 5000 641000
50 12:21:47 20 641000