1 09:31:11 25000 672100
5 09:38:36 7300 672100
4 09:38:36 200 672100
3 09:38:36 24800 672100
2 09:38:36 200 674000
9 09:41:34 12480 672100
8 09:41:34 200 672100
7 09:41:34 24800 672100
6 09:41:34 200 672100
10 09:48:46 2163 672100
11 10:30:17 6 674620
18 10:40:16 5667 672000
17 10:40:16 280 672250
16 10:40:16 5000 672301
15 10:40:16 10787 672511
14 10:40:16 8 672520
13 10:40:16 2000 672520
12 10:40:16 244 674620
21 12:25:56 10000 672220
20 12:25:56 4000 672220
19 12:25:56 10 673000
22 12:27:28 990 672200