1 09:19:50 1490 658000
2 11:49:15 7793 657000
3 11:52:03 11 657000
4 11:53:04 3416 657000
5 11:54:54 3996 657000
6 11:56:22 1139 657000
8 11:58:06 1989 657000
7 11:58:06 1438 657000
9 12:00:36 15 657000
10 12:01:42 136 657000
14 12:03:56 23373 653778
13 12:03:56 98 653780
12 12:03:56 20 654000
11 12:03:56 19 655000
15 12:04:00 1490 653778
16 12:04:13 66 656907
17 12:08:05 5000 656900
18 12:10:41 5000 656900
19 12:11:00 5000 656900
20 12:11:31 10000 656900
21 12:12:05 7860 656900
22 12:14:20 2211 656900
23 12:19:45 7789 656000
25 12:21:06 7789 656000
24 12:21:06 17211 656000
26 12:23:43 3000 656000
27 12:24:05 250 656000
28 12:27:19 40 656898
29 12:27:24 200 657576
30 12:27:29 788 657937
31 12:27:40 323 657937
32 12:29:18 852 656000