1 09:29:41 3000 664990
2 09:29:53 1073 665000
4 09:39:56 10000 665000
3 09:39:56 2000 665000
7 09:43:32 2073 664000
6 09:43:32 2000 664500
5 09:43:32 927 664501
8 10:21:22 3000 664010
9 10:24:55 10 664010
11 10:26:20 2000 664000
10 10:26:20 927 664000
12 10:26:31 73 664000
17 10:36:42 2000 663500
16 10:36:42 5000 663600
15 10:36:42 30 663600
14 10:36:42 2000 664000
13 10:36:42 3000 664010
22 10:39:14 5000 662010
21 10:39:14 2000 662500
20 10:39:14 10 662520
19 10:39:14 100 662520
18 10:39:14 559 662520
23 10:39:53 2301 662010
25 10:51:39 1800 663000
24 10:51:39 550 663000
26 10:53:00 2250 663000
31 10:53:26 10030 664000
30 10:53:26 10960 664000
29 10:53:26 10 663999
28 10:53:26 2000 663999
27 10:53:26 2000 663999
32 10:53:30 9970 664000
33 11:29:14 4950 664000
34 11:38:38 270 664000
35 11:54:22 6 662230