2 09:03:46 255 653589
1 09:03:46 89 653590
3 09:03:47 56 653589
4 09:03:54 498 658499
5 09:04:17 8 658498
7 09:04:19 747 658499
6 09:04:19 489 658498
8 09:05:01 3100 652339
9 09:05:03 956 652339
10 09:05:34 8 658000
11 09:06:22 28 658000
12 09:07:23 1131 658000
13 09:07:44 490 658000
14 09:08:34 1343 658000
15 09:09:07 489 658499
17 09:11:19 394 658998
16 09:11:19 975 658995
19 09:11:55 1259 658998
18 09:11:55 1000 658997
20 09:12:23 1000 658998
21 09:12:53 130 658998
22 09:16:14 117 658000
23 09:17:31 566 658000
24 09:18:25 101 658000
26 09:20:38 500 658000
25 09:20:38 1716 658000
27 09:22:26 117 658998
28 09:23:26 497 658999
29 09:26:57 500 658000
30 09:28:30 1587 658000
33 09:33:35 100 658000
32 09:33:35 20 658010
31 09:33:35 1650 658011
34 09:34:42 15 658000
35 09:40:29 68 658499
36 09:41:08 2197 658500
37 09:43:38 68 658499
39 09:44:25 1301 658497
38 09:44:25 200 658496
41 09:45:23 1301 658498
40 09:45:23 200 658497
42 09:46:45 200 658000
44 10:05:16 575 655500
43 10:05:16 8 655501
45 10:05:27 3000 655500
50 11:04:41 3000 655501
49 11:04:41 250 655550
48 11:04:41 10 655552
47 11:04:41 10 655553
46 11:04:41 8 655553
51 11:05:32 10 655501
52 11:05:55 12 655501
53 11:15:19 10000 656000
54 11:21:32 10000 656000
55 11:37:49 36 656500
56 12:09:53 9964 656500
57 12:10:56 16 656020
58 12:16:48 309 656100
60 12:21:26 8029 656020
59 12:21:26 671 656100
65 12:21:40 1391 656000
64 12:21:40 5000 656000
63 12:21:40 200 656001
62 12:21:40 154 656001
61 12:21:40 1955 656020
68 12:27:02 15000 657000
67 12:27:02 19 656500
66 12:27:02 36 656500