1 09:13:37 500 633333
2 09:14:21 700 633333
3 09:15:02 9 639878
8 09:29:54 4011 639530
7 09:29:54 2700 639444
6 09:29:54 95 639444
5 09:29:54 13281 639431
4 09:29:54 4913 639000
12 09:30:06 15573 640000
11 09:30:06 5460 639878
10 09:30:06 470 639749
9 09:30:06 3497 639530
13 09:30:09 1027 640000
22 10:58:42 3000 639850
21 10:58:42 50 639850
20 10:58:42 25 639850
19 10:58:42 5000 639840
18 10:58:42 2690 639839
17 10:58:42 495 639839
16 10:58:42 470 639839
15 10:58:42 12241 639838
14 10:58:42 50 639000
25 10:58:51 10000 640000
24 10:58:51 10000 640000
23 10:58:51 3844 640000
27 11:18:16 550 637001
26 11:18:16 150 637500
33 11:34:47 8960 640000
32 11:34:47 500 640000
31 11:34:47 50 640000
30 11:34:47 5000 639999
29 11:34:47 490 639999
28 11:34:47 10000 639990
34 11:34:50 1040 640000
37 11:49:52 10000 640000
36 11:49:52 5000 639999
35 11:49:52 3000 639998
41 11:56:42 10000 640000
40 11:56:42 5000 639999
39 11:56:42 5000 639999
38 11:56:42 3000 639998
43 12:03:19 5000 639997
42 12:03:19 5000 639997