1 09:05:47 422 878294
2 09:08:21 3995 878294
3 09:13:08 7773 878294
4 09:28:23 1956 878300
5 09:28:35 228 878300
6 09:40:34 7658 878301
7 09:54:04 542 878351
8 09:54:48 399 878353
9 09:55:09 2352 878353
10 09:58:42 309 878351
11 10:10:17 235 878351
12 10:16:01 1500 878360
13 10:23:56 56 878362
14 10:27:58 475 878362
15 10:29:44 261 878362
16 10:36:47 1289 878362
18 11:18:55 2358 878362
17 11:18:55 700 878380
20 11:23:29 1800 878362
19 11:23:29 100 878362
21 11:35:24 46 878362
22 11:42:55 5696 878362
23 11:43:12 2584 878361
24 11:43:45 220 878361
25 11:45:54 106 878362
26 11:50:19 500 878362
27 12:06:17 1362 878362
28 12:10:21 600 878362
29 12:13:19 380 878362
31 12:16:18 51 878362
30 12:16:18 49 878400