1 09:02:42 200 875606
4 09:10:47 1720 875619
3 09:10:47 1000 875620
2 09:10:47 30 875620
5 09:17:39 2303 884470
6 09:20:03 230 875709
7 09:25:21 693 879000
8 09:25:46 693 884470
10 09:50:57 5755 884470
9 09:50:57 708 884470
15 09:58:34 100 885000
14 09:58:34 200 885000
13 09:58:34 500 885000
12 09:58:34 50 885000
11 09:58:34 340 885000
16 10:03:36 250 875815
17 10:07:52 464 884000
18 10:20:32 1000 884997
19 10:55:30 10 882431
20 10:59:59 1000 882434
21 11:07:14 3065 882701
22 11:08:15 847 882701
23 11:12:10 250 882500
24 11:14:11 251 882515
25 11:18:50 314 882536
26 11:20:01 651 883001
27 11:20:03 788 882561
28 11:20:19 274 884000
29 11:20:42 651 884899
30 11:25:37 750 882482
31 11:27:12 1124 882501
32 11:29:51 359 882600
33 11:39:23 797 882600
34 11:40:00 797 884699
35 11:45:04 16504 882481
36 11:45:34 416 882481
37 11:49:13 90 882480
38 11:54:51 24000 877202
39 12:07:39 832 875849
40 12:09:30 393 875849
41 12:11:04 100 875849
42 12:13:05 120 875849
43 12:24:05 16 875850
44 12:24:06 569 875850
45 12:26:54 180 875801