1 09:36:29 10 877000
2 09:36:30 70 875000
3 09:56:27 100 878000
4 10:00:05 100 878000
5 10:02:29 714 878000
6 10:03:17 6 880000
8 10:14:16 8635 880000
7 10:14:16 1040 880000
15 10:14:23 8106 885000
14 10:14:23 100 885000
13 10:14:23 24 885000
12 10:14:23 2440 885000
11 10:14:23 2449 884999
10 10:14:23 5 881000
9 10:14:23 100 880499
16 10:23:06 9225 878102
17 10:31:48 392 880001
18 10:31:56 3300 880001
19 10:32:35 111 880001
20 10:44:08 990 880073
21 10:59:30 1056 882000
21 10:59:30 1056 882000
22 10:59:42 1056 884998
22 10:59:42 1056 884998
23 11:26:14 2293 880154
24 11:28:03 200 883000
25 11:28:30 200 884997
26 11:35:11 27 880158
27 11:51:13 275 880202
28 11:51:37 2285 880202
29 11:51:43 500 880202
31 12:10:34 1712 883000
30 12:10:34 1867 883000
32 12:10:59 3579 884988
34 12:12:38 133 880301
33 12:12:38 767 880302
35 12:12:47 9 880158
36 12:13:15 10 880158
37 12:23:16 325 880251
38 12:28:10 25 881000
39 12:28:25 10 881997
41 12:29:10 492 880158
40 12:29:10 8 880300
42 12:29:23 315 880301
43 12:29:28 8 880301