1 09:00:05 350 878646
2 09:04:42 3100 878646
3 09:05:24 1000 878646
4 09:10:08 982 878900
5 09:13:43 776 878900
6 09:41:26 483 878900
7 09:51:06 1430 878900
8 10:01:45 85 878900
9 10:02:58 598 878900
10 10:03:01 646 878900
11 10:04:11 1428 878646
12 10:12:03 3360 878900
13 10:20:03 317 878647
14 10:21:03 2375 878647
15 10:21:25 598 878647
16 10:25:32 1365 878647
17 10:28:07 400 878647
18 10:28:19 7204 878647
19 10:31:27 7741 878647
20 10:31:33 16122 878646
21 10:32:28 9485 878646
22 10:33:38 29 878647
23 10:45:39 184 878647
24 10:51:44 1933 878647
25 11:07:28 54 878647
26 11:18:32 39 878647
27 11:22:31 800 878647
28 11:35:15 16961 878647
29 11:37:45 1674 878549
30 11:38:45 500 878549
31 11:38:55 4260 878549
32 11:38:56 740 878549
34 11:39:13 4882 878546
33 11:39:13 2031 878548
35 11:44:17 304 878546
36 11:45:29 558 878546
37 11:56:02 999 878546
38 12:01:25 400 878546
39 12:05:51 853 878546
44 12:07:12 1224 884990
43 12:07:12 3360 884990
42 12:07:12 50 880000
41 12:07:12 850 880000
40 12:07:12 403 878900
45 12:08:39 2000 886980
46 12:13:32 370 878546
47 12:15:28 961 878546