1 09:00:05 188 900800
2 09:06:42 1293 901000
3 09:13:34 199 900004
4 09:31:36 1000 900100
8 09:43:04 369 900583
7 09:43:04 6 900859
6 09:43:04 60 900870
5 09:43:04 15 900871
9 09:52:02 250 900601
11 10:14:00 1218 902001
10 10:14:00 6 902999
12 10:23:13 145 902010
13 10:45:59 100 904000
14 10:47:16 1387 903000
15 10:49:18 553 903000
16 10:51:03 1 903000
17 10:51:52 34 903000
18 10:55:45 144 903000
20 11:04:40 1000 905000
19 11:04:40 100 904000
21 11:05:33 948 905000
22 11:11:51 6 905000
23 11:12:02 380 905000
24 11:12:07 32 905000
25 11:44:31 188 907500
26 11:52:41 212 905500
27 11:52:55 823 905110