1 09:16:03 307 876019
5 09:16:29 136 876000
4 09:16:29 2337 876001
3 09:16:29 99 876009
2 09:16:29 253 876019
6 09:16:53 230 879000
7 09:17:12 1190 878000
8 09:23:25 230 882938
9 09:26:26 300 882938
10 09:43:04 490 882938
12 09:55:42 538 885000
11 09:55:42 10 887840
13 09:59:56 100 882951
14 10:36:02 1300 885100
16 10:47:32 3515 885998
15 10:47:32 560 885990
17 11:06:48 675 885200
18 11:24:33 475 885200
19 11:27:22 815 885200
20 11:32:06 236 885200
21 11:37:31 274 885200
22 11:58:14 3083 885200
23 12:10:19 3813 885200
24 12:22:18 109 885200
25 12:27:05 9760 885200