1 09:38:04 472 912501
3 09:41:16 472 912500
2 09:41:16 24528 912501
5 09:42:50 14865 914000
4 09:42:50 2539 913000
6 09:44:59 10135 914000
7 09:55:37 160 914999
8 10:05:58 200 913501
8 10:05:58 200 913501
9 10:10:36 76 913501
10 10:10:56 1450 913501
11 10:12:29 413 913501
12 10:12:57 70 913501
13 10:29:47 3463 913601
14 10:33:43 1100 913601
15 11:01:35 160 913701
16 11:18:58 23 913701
16 11:18:58 23 913701
17 11:29:18 200 914000
17 11:29:18 200 914000
17 11:29:18 200 914000
18 12:10:32 5 913999
19 12:27:01 178 913999
20 12:29:23 14 913999