1 09:10:43 670 878646
2 09:10:56 251 878646
3 09:45:39 28 878648
4 09:53:24 2591 878652
8 10:05:04 20000 883000
7 10:05:04 2619 882999
6 10:05:04 141 882000
5 10:05:04 200 882000
9 10:12:05 780 878654
10 10:18:30 1045 880000
11 10:20:07 813 882290
12 10:20:41 813 885000
13 10:40:58 767 878648
14 10:42:53 2089 878648
15 11:22:35 937 878809
16 11:33:02 1870 878705
18 11:36:51 626 878845
17 11:36:51 425 878846
19 11:50:47 496 880000
20 11:51:07 496 884889
21 11:59:08 170 878652
22 11:59:09 2869 878652
24 12:05:48 538 878652
23 12:05:48 725 878652
25 12:11:18 631 881000
26 12:11:50 631 883999
27 12:16:06 3 878687
28 12:16:34 357 878687
29 12:24:10 226 878687