2 09:00:05 562 880000
1 09:00:05 284 880000
3 09:08:34 1000 880000
4 09:10:25 200 880000
5 09:13:34 27 880001
6 09:33:19 27 880000
7 09:38:01 2900 875026
9 09:39:42 1009 880000
8 09:39:42 204 880000
11 09:44:23 63 878500
10 09:44:23 259 879100
12 09:49:42 6635 878001
14 10:03:17 442 875055
13 10:03:17 20 878500
15 10:03:49 1804 875056
16 10:10:22 11339 879000
17 10:13:49 229 879000
18 10:15:07 2731 880000
22 10:16:10 133 881546
21 10:16:10 5453 881546
20 10:16:10 411 881530
19 10:16:10 975 881400
24 10:41:41 230 881000
23 10:41:41 10 884000
25 10:53:15 3300 881001
26 11:03:03 2958 881002
27 11:03:16 494 881001
28 11:06:11 3124 881500
29 11:22:22 1285 883000
30 11:31:21 1300 881500
31 11:31:22 15 881500
32 11:31:32 839 881500
33 11:37:48 114 881500
34 12:01:17 1026 882500
37 12:10:30 1000 883998
36 12:10:30 90 883997
35 12:10:30 300 883000
40 12:29:38 22845 884000
39 12:29:38 1924 884000
38 12:29:38 231 884000
41 12:29:41 1063 884000