1 09:31:09 200 898001
3 09:48:23 104 902011
2 09:48:23 6 902100
4 09:57:44 10 900000
5 10:00:44 191 901900
9 10:01:22 5000 902000
8 10:01:22 180 902000
7 10:01:22 24820 902000
6 10:01:22 180 902000
10 10:01:57 713 900000
11 10:08:28 150 898500
12 10:08:36 710 898500
14 10:12:22 503 898152
13 10:12:22 188 898200
15 10:22:36 1000 901000
16 10:57:37 1672 902000
17 10:58:47 5000 902000
18 11:09:23 54 898303
19 11:09:53 54 902000
20 11:12:51 4223 901000
21 11:16:58 519 902000
22 11:17:13 1000 902000
22 11:17:13 1000 902000
23 11:22:34 322 902000
24 11:40:21 80 900502
25 11:41:07 710 902000
26 11:41:10 80 902000
27 11:44:52 500 898302
28 11:45:35 25000 901500
29 12:08:42 173 900002
30 12:20:08 80 901000