1 09:07:12 1570 900000
2 09:08:20 1570 902400
3 09:16:19 200 899503
4 09:16:25 10 899503
5 09:18:12 245 902500
7 09:28:16 190 902500
6 09:28:16 14 902501
8 09:51:44 52 901000
9 09:52:09 1384 902000
10 09:56:28 70 902000
11 10:02:08 50 902200
12 10:04:08 809 900001
13 10:09:52 53 902300
14 10:16:12 67 902390
15 10:19:53 44 902411
16 10:30:31 39 902428
17 10:31:38 57 902443
18 10:32:12 82 902443
20 10:46:57 4740 900016
19 10:46:57 870 900017
21 10:47:17 876 902460
22 10:48:54 47 902450
23 10:50:58 61 902450
24 11:01:40 85 902450
25 11:02:05 1681 902000
26 11:08:38 1044 902000
29 11:18:17 11 898006
28 11:18:17 47 900017
27 11:18:17 13 900017
30 11:18:30 1 898006
31 11:20:17 1 898006
32 11:20:59 877 898006
33 11:21:43 128 899900
34 11:37:33 600 900000
35 11:37:58 442 900000
36 11:39:49 47 902460
37 11:41:25 130 902460
38 11:41:35 115 902460
39 11:41:42 13 902460
40 11:41:45 15 902460
41 11:52:29 11 898015
42 11:52:30 381 898015
43 11:53:54 8 898015
44 12:03:08 90 898017
45 12:10:16 398 898021
46 12:10:47 488 902460
47 12:11:57 271 900000