1 09:08:12 5000 897001
3 09:11:32 1508 897001
2 09:11:32 93 898000
5 09:28:00 16145 897000
4 09:28:00 32 897000
6 09:44:01 280 897000
8 10:31:51 220 898000
7 10:31:51 815 897500
10 10:44:34 1723 898000
9 10:44:34 10 899000
11 10:56:01 107 898000
12 11:13:51 1218 898000
13 11:26:44 390 898000
14 11:39:51 3245 898000
17 11:44:53 2048 899000
16 11:44:53 655 899000
15 11:44:53 280 898999
18 11:51:08 500 898000
19 11:56:36 950 898000
20 11:58:41 1665 898000
21 11:59:17 98 898000
22 12:01:24 250 898000
23 12:04:06 3 898000
24 12:07:23 2323 898000