4 10:01:42 4 899990
3 10:01:42 1500 899990
2 10:01:42 262 899980
1 10:01:42 2211 899950
5 10:08:45 318 893002
6 10:29:04 3000 893100
7 10:29:08 200 893100
8 10:29:14 280 893100
9 10:31:13 11 899399
10 10:31:23 1061 899990
11 10:31:33 7 900000
12 10:32:44 165 900000
13 10:33:27 3480 902000
15 10:58:25 2550 900000
14 10:58:25 1000 899990
16 10:58:39 6113 900000
17 10:58:41 2500 900000
18 10:58:47 100 900000
19 10:59:02 152 900000
20 10:59:27 1000 901000
22 10:59:35 232 901000
21 10:59:35 7 901499
23 10:59:37 300 901500
24 11:00:12 389 902000
26 11:00:17 3550 902000
25 11:00:17 6113 902000
27 11:00:21 2752 902000
28 11:25:34 1183 895100
29 11:26:28 1500 895100
30 11:26:45 1506 895100
31 11:28:04 1506 901999
32 11:28:05 1183 901999
33 11:32:51 600 897000
34 11:33:11 10219 902000
35 11:33:45 600 901999
36 11:47:27 719 894536
37 12:00:26 950 894601
38 12:09:50 657 894601
39 12:27:22 58 901999