1 09:26:20 70 907003
2 09:31:46 201 907003
3 09:34:06 1000 907100
4 09:36:40 1400 907003
5 09:51:31 389 907009
6 10:35:27 6 907900
7 10:36:03 1571 907900
8 10:39:02 1080 907991
10 11:10:50 6 908000
9 11:10:50 9 908000
11 11:11:00 16 907101
12 11:15:33 35 907110
13 11:15:43 20 907110
14 11:15:59 25 907110
16 11:40:31 623 907101
15 11:40:31 49 907110
18 11:43:15 225 907101
17 11:43:15 200 907110
20 11:45:55 200 907110
19 11:45:55 300 907110
22 12:08:11 200 908000
21 12:08:11 45 908000
23 12:09:18 2 908000
24 12:09:29 248 908000
25 12:11:10 507 908499