2 09:00:04 10 883702
1 09:00:04 1710 883702
3 09:03:43 403 883702
5 09:07:34 90 883702
4 09:07:34 10 883703
6 09:13:57 150 883704
7 09:24:10 10 885000
8 09:25:39 2825 883709
9 09:27:44 1000 884000
10 10:06:15 90 885011
11 10:14:37 500 886000
12 10:30:15 1730 886000
13 10:41:07 12 886000
14 10:46:56 396 886000
16 10:50:57 1000 886500
15 10:50:57 50 886499
17 10:54:52 677 886000
18 10:57:22 400 886000
19 11:00:50 25 886000
20 11:05:57 345 886000
21 11:07:04 570 886000
22 11:09:19 572 886000
23 11:09:36 75 886000
24 11:19:40 10 886100
25 11:20:32 50 886100
27 11:21:32 50 887890
26 11:21:32 500 886100
28 11:27:34 250 887000
29 11:34:47 1210 887000
31 11:54:51 50 888000
30 11:54:51 30 887900
33 11:55:07 5210 887000
32 11:55:07 10 887010
34 12:05:06 21500 887000
35 12:23:29 70 888000
36 12:25:49 1006 888800