1 09:23:30 100 875019
2 09:23:31 183 875019
3 09:29:48 774 883502
4 09:35:33 4337 882000
5 09:36:45 30 878070
6 09:40:40 1000 883000
7 09:40:44 1000 883000
8 09:44:52 5000 885000
9 09:54:36 845 883000
10 10:16:05 417 880101
11 10:19:41 855 880151
17 10:24:53 16898 885000
16 10:24:53 7000 884990
15 10:24:53 45 884990
14 10:24:53 774 884989
13 10:24:53 100 884970
12 10:24:53 183 884970
18 10:24:56 8102 885000
19 10:39:25 1000 883000
20 10:39:33 1000 883000
21 10:41:59 200 883500
22 10:42:56 1821 883000
23 10:43:14 200 883000
24 10:51:57 457 880152
26 10:58:15 16729 880151
25 10:58:15 8271 880152
27 11:01:39 12000 883000
28 11:16:25 635 881011
29 11:18:23 25000 883000
30 11:18:57 1101 881011
32 11:20:23 11736 881011
31 11:20:23 13264 881011
33 11:28:51 32 884000
34 11:34:12 50 884000
35 11:54:46 495 883000
37 11:55:25 24596 884970
36 11:55:25 404 884000
38 12:18:21 1518 883000
39 12:26:25 404 883000
40 12:29:36 2371 883000