1 09:20:27 1040 892090
2 09:47:54 823 892090
3 09:58:55 64 892090
4 10:03:35 2 892090
5 10:07:37 106 892090
6 10:07:57 660 892090
7 10:10:02 382 892090
8 10:22:17 20 892090
9 10:25:29 20 892090
10 10:26:56 20 892090
12 10:28:58 3626 890000
11 10:28:58 1863 892090
13 10:33:24 333 890000
15 10:34:39 5624 894990
14 10:34:39 2386 894090
17 10:41:51 9 890000
16 10:41:51 41 890000
18 10:42:32 1000 890000
19 11:10:36 6 893000
20 11:11:13 432 890100
21 11:45:02 30 891000
22 11:45:04 1201 891000
23 11:49:13 1975 893000
24 11:49:53 1360 893000
25 12:28:20 1804 893000