2 09:06:07 1440 903604
1 09:06:07 820 903604
3 09:20:19 1722 906000
7 09:29:02 115 903608
6 09:29:02 835 903609
5 09:29:02 200 903610
4 09:29:02 50 903800
8 09:29:16 490 903700
9 09:30:12 484 903611
10 09:41:34 290 903613
11 09:41:35 60 903613
12 09:55:27 386 903999
14 10:01:39 329 903622
13 10:01:39 802 903623
15 10:10:18 416 907990
16 11:06:32 1280 907001
17 11:07:05 94 907001
19 11:09:42 11 908000
18 11:09:42 15 908000
20 11:22:53 100 907000
21 11:24:36 8470 907000
22 11:28:25 4000 908000
23 11:32:36 450 908000
24 11:45:11 5000 907802
25 11:45:21 5000 907802
26 12:08:22 50 906600