1 09:02:07 50 905000
2 09:04:48 438 905000
3 09:05:46 38 905000
4 09:07:02 27 905000
5 09:07:41 15 905000
6 09:59:54 50 907500
7 10:15:24 388 908001
8 10:22:01 2957 907005
9 10:22:21 1516 907005
10 10:23:17 553 907005
11 10:24:43 1439 907005
12 10:40:52 500 907009
13 10:43:45 409 907009
14 10:44:02 3073 907009
15 10:58:48 15 908300
16 11:16:11 10 909000
16 11:16:11 10 909000
17 11:18:31 150 908304
17 11:18:31 150 908304
17 11:18:31 150 908304
18 11:33:15 27 908503
19 11:33:34 28 908503
21 11:36:00 1887 908401
20 11:36:00 145 908503
21 11:36:00 1887 908401
20 11:36:00 145 908503
21 11:36:00 1887 908401
20 11:36:00 145 908503
22 11:48:37 1728 908308