1 09:26:40 51 909504
2 09:40:11 800 909603
4 09:56:21 100 915000
3 09:56:21 90 915000
5 10:05:26 2212 915000
6 10:11:03 17 909910
7 10:11:05 178 909910
8 10:12:09 440 909914
9 10:24:06 113 913281
10 11:09:22 20 914900
12 11:09:39 822 914990
11 11:09:39 100 914990
13 11:19:08 10 912500
15 11:19:39 75 912000
14 11:19:39 175 912001
16 11:38:43 30 913988
17 11:40:20 20 913995
18 11:43:34 50 913998
19 11:44:58 24 913366
20 11:45:32 38 914000
21 11:48:11 110 913366
23 11:48:15 50 914000
22 11:48:15 378 914000
24 11:58:06 30 914590
25 11:59:04 30 914799
26 12:03:53 6 914051
27 12:06:20 50 914599
29 12:08:46 647 914101
28 12:08:46 154 914120
30 12:12:27 12 914750
31 12:12:42 80 914081
32 12:14:40 100 914200
33 12:16:07 15 914599
34 12:16:47 85 914599
35 12:19:28 50 914200
36 12:20:30 50 914350
37 12:21:27 15 914590
38 12:25:45 15 914459
39 12:27:00 85 914350
40 12:27:17 11 914457