1 09:03:33 3000 892430
2 09:03:44 246 892430
3 09:06:46 30 892432
4 09:08:26 20 892444
5 09:17:37 48 896002
6 09:22:29 2959 892436
7 09:33:16 30 892499
8 09:52:19 20 894001
9 09:59:22 1100 894001
13 10:09:40 2424 894100
12 10:09:40 10000 894101
11 10:09:40 2528 894101
10 10:09:40 10000 894102
14 10:09:41 4250 894100
15 11:08:11 25000 894201
16 11:08:17 25000 894201
17 11:08:25 17100 894201
18 11:11:09 785 894200
19 11:13:27 40 894201
20 11:36:53 200 894213
21 11:37:05 5000 894210
22 11:37:21 17541 894200
23 11:38:26 15000 894066
24 11:43:06 1300 892700
25 12:03:21 700 892430
27 12:12:55 590 890793
26 12:12:55 34 892429
28 12:17:40 279 892601
29 12:18:20 333 892601
30 12:18:58 388 892500
31 12:19:19 2005 892500
32 12:20:54 107 890793
33 12:24:29 28 890793
34 12:28:26 20 890793