1 09:28:11 200 897059
2 09:28:15 200 897100
3 09:38:23 100 896000
4 09:40:22 952 896000
5 09:58:03 1983 896000
6 10:00:50 657 896000
7 10:01:06 993 896000
8 10:30:42 53 896990
9 10:37:09 20000 891901
10 10:47:44 537 891916
12 10:54:39 229 891962
11 10:54:39 315 891962
13 11:00:05 100 892004
14 11:29:29 550 894001
15 11:33:03 20 894001
16 11:52:37 672 894001
17 12:06:34 75 892702
18 12:07:18 825 892702
19 12:08:58 849 892702
20 12:10:02 20 892702
22 12:16:16 222 895000
21 12:16:16 1189 895000
23 12:20:07 6757 895000
24 12:25:34 350 895999
25 12:27:01 2016 892702