1 09:43:09 16498 895278
3 10:02:43 8036 895000
2 10:02:43 700 895001
4 10:08:31 1000 895000
5 10:36:05 3172 895000
6 10:54:01 950 898999
7 10:54:56 5 893661
8 10:59:54 500 894001
9 11:01:51 932 894021
10 11:03:17 225 896000
11 11:03:34 50 896000
12 11:05:28 10 899000
13 11:05:38 13 899000
14 11:34:39 79 895278
15 11:52:27 1416 894833
16 11:58:10 2771 894833
17 11:58:24 300 894833
18 11:59:00 209 894833
19 11:59:36 996 894833
20 12:02:40 2513 895278
21 12:09:03 600 894833
22 12:20:57 6063 894834
22 12:20:57 6063 894834
24 12:28:50 258 894000
23 12:28:50 10 894833