1 09:16:57 7 878500
2 09:26:10 1 878500
3 09:47:07 27 878500
4 09:47:08 3653 878500
5 09:47:52 400 873101
11 10:08:30 6979 884980
10 10:08:30 530 884970
9 10:08:30 435 884970
8 10:08:30 87 884950
7 10:08:30 100 884940
6 10:08:30 435 884000
12 10:08:35 1000 883500
14 10:08:59 100 885000
13 10:08:59 5025 885000
15 10:09:02 4307 885500
19 10:10:41 6763 887000
18 10:10:41 100 887000
17 10:10:41 300 886500
16 10:10:41 100 886000
20 10:14:25 700 880000
21 10:15:42 665 878101
22 10:19:29 10 881000
23 10:30:55 2000 883032
24 10:35:40 25000 884700
25 10:36:03 25000 884700
26 10:36:24 25000 884700
28 10:53:52 1511 885000
27 10:53:52 5000 885000
29 10:56:43 2376 883200
30 11:02:57 2000 883500
31 11:03:34 2000 886000
33 11:16:13 2465 886000
32 11:16:13 10 886000
34 11:16:45 750 883112
35 11:21:50 594 884000
36 11:22:02 594 886000
37 11:51:43 200 883112
38 11:56:15 70 886999
39 12:01:33 30 886999
40 12:16:38 1850 883501
41 12:18:06 1084 883501
42 12:24:14 1041 883502