1 09:00:10 250 891500
2 09:31:10 1000 889542
3 09:31:18 33 889542
4 09:33:19 424 889570
5 09:35:47 4113 896659
6 09:42:48 3168 892443
7 09:57:00 50 892500
8 09:58:10 240 893010
9 09:58:48 200 893010
10 10:09:20 167 893205
11 10:09:28 264 893204
12 10:29:22 557 893990
13 10:30:43 500 893990
14 10:43:22 1040 893500
15 10:43:44 11 895000
17 10:44:12 10000 895000
16 10:44:12 39 895000
18 10:44:40 500 895001
19 10:49:05 985 895005
20 10:52:32 44 895013
21 10:59:14 17274 895016
22 11:00:48 662 896001
23 11:01:21 807 896501
24 11:01:30 1328 896001
25 11:21:00 10 895003
26 11:21:43 12 895003
27 11:46:43 10 895111
28 11:51:48 3857 895112
29 11:59:38 671 896000
30 12:00:20 2831 896000
31 12:00:46 498 896000
32 12:01:01 50 896900
33 12:01:31 2831 897500
35 12:13:37 994 899699
34 12:13:37 6 899690
36 12:28:47 14 895126
37 12:29:18 10000 895126