1 09:05:25 190 895500
5 09:06:24 71 895500
4 09:06:24 500 895502
3 09:06:24 1872 895503
2 09:06:24 2000 895520
6 09:16:50 1300 897510
7 09:17:05 700 897510
8 09:29:33 300 895521
9 09:44:54 200 896500
10 09:44:54 800 895522
11 09:57:19 2000 897000
12 09:57:40 334 895682
13 10:00:44 56 896103
14 10:07:17 500 896701
17 10:19:19 423 897600
16 10:19:19 3072 897510
15 10:19:19 1000 897200
18 10:42:43 500 897001
19 11:01:05 2200 900000
20 11:09:21 2200 897611
21 11:36:15 223 897613
22 11:41:31 411 897613
23 11:44:02 333 897613
24 11:45:56 918 897613
25 12:04:28 3108 897621
26 12:07:54 20 897630
27 12:08:53 80 897630
28 12:09:03 2100 897630
29 12:28:15 7 897631