1 09:11:18 904 892440
2 09:11:50 100 892441
3 09:12:39 111 892445
4 09:14:57 230 892433
5 09:34:28 60 893014
6 09:41:37 1220 893064
7 10:06:21 1200 893237
8 10:36:40 366 893222
10 10:41:15 364 893313
9 10:41:15 6 898950
11 10:51:37 975 897060
12 10:53:45 1500 897200
13 10:53:51 2124 897490
14 11:06:15 250 898000
15 11:13:59 4605 898000
16 11:50:34 200 897001
19 12:18:17 5321 896150
18 12:18:17 100 897001
17 12:18:17 19579 897002
20 12:18:42 60 896146
21 12:18:44 6597 896146
23 12:20:03 637 899000
22 12:20:03 378 898900
25 12:20:15 1680 900000
24 12:20:15 557 898000
26 12:20:47 557 900000
27 12:21:00 2584 901000
28 12:24:45 30 900000
29 12:25:20 10 900000
30 12:25:44 10 900000
31 12:26:14 10 900000
32 12:27:29 1100 901999