4 09:20:26 706 907006
3 09:20:26 200 907007
2 09:20:26 4 907500
1 09:20:26 70 907501
5 09:55:56 200 911500
6 10:01:56 10 912000
7 10:04:09 1150 911999
8 10:07:03 5970 912000
9 10:18:18 110 912500
10 10:18:54 3 912500
11 10:19:29 4 914800
12 10:19:40 70 914899
13 10:19:47 2000 914950
15 10:20:44 123 914899
14 10:20:44 1601 914900
16 10:41:22 754 908606
17 10:55:00 1560 908613
18 10:58:42 10000 915000
19 11:01:40 1807 912500
20 11:01:52 800 912508
21 11:15:42 3000 913000
22 11:54:49 849 912003
23 11:55:42 7445 912003
24 12:00:48 60 912003
27 12:15:12 11933 908596
26 12:15:12 100 908723
25 12:15:12 160 911000
28 12:24:19 90 907014