1 09:02:42 1135 883201
2 09:18:00 400 888900
3 09:59:53 200 888900
4 10:09:25 3 887001
5 10:21:10 2403 887363
6 10:21:49 2403 889000
7 10:23:10 10000 889000
8 10:31:40 10000 890000
9 10:33:10 10000 890000
10 10:35:35 1052 890000
11 10:36:24 5262 887001
12 10:36:34 800 887001
13 10:37:56 10000 890000
14 10:46:34 1696 890000
15 10:48:36 10000 890000
16 10:58:55 10000 890500
17 10:59:33 242 889001
18 11:04:14 10000 890500
20 11:26:33 10000 890500
19 11:26:33 3380 890500
21 11:27:58 10000 891000
22 11:47:34 1490 890000
23 11:55:56 6 891000
25 11:58:49 10000 891000
24 11:58:49 3394 891000
27 12:10:35 402 891000
26 12:10:35 1115 891000