1 09:06:54 300 894121
2 09:06:56 300 894121
3 09:15:22 40 894121
4 09:16:47 200 894121
7 09:17:09 2728 894000
6 09:17:09 7 894121
5 09:17:09 660 894121
8 09:59:07 11200 899700
10 10:16:26 2407 899800
9 10:16:26 20 898000
11 10:32:12 309 894103
12 10:35:08 357 894108
13 10:39:58 332 894111
14 10:40:45 783 894111
15 10:42:40 89 894111
16 10:54:29 1056 894106
17 11:01:07 10 899700
19 11:09:33 136 895000
18 11:09:33 73 895005
20 11:39:39 100 895000
21 11:57:53 350 895000
23 11:58:07 1061 895000
22 11:58:07 666 895000
24 12:05:57 22 895002
25 12:11:24 691 895002
26 12:23:53 225 895003
28 12:25:05 3543 895000
27 12:25:05 79 895002
29 12:27:54 254 895000