1 09:04:32 123 901001
2 09:09:09 29 901501
3 09:33:00 816 901525
4 09:41:05 9 903500
5 10:12:46 13606 903000
8 10:19:41 1000 906000
7 10:19:41 1222 905000
6 10:19:41 530 904999
9 10:53:04 5 905000
10 11:07:11 3 905000
11 11:07:54 200 906000
12 11:24:49 6 906000
13 11:25:12 97 905000
14 11:29:24 6 904000
15 11:35:53 123 903334
18 11:40:36 123 903334
17 11:40:36 1441 903335
16 11:40:36 6 903400
19 11:42:34 3634 904000
20 11:43:37 209 903501
21 11:49:14 6 903502
22 11:49:45 1499 903501
23 11:49:46 1293 903501
25 11:54:36 670 903502
24 11:54:36 6 903509
26 11:58:43 1425 903502
28 12:06:09 3640 905880
27 12:06:09 85 905870
29 12:13:20 950 903503
30 12:19:19 425 903728