1 09:00:05 250 892530
2 09:04:28 34 892530
3 09:09:47 200 892530
4 09:15:57 6 894000
5 09:16:49 250 892530
7 09:25:47 2 894500
6 09:25:47 4 894000
8 09:34:57 225 892531
9 09:56:35 12 893000
10 10:04:45 100 892531
12 10:14:41 2989 892531
11 10:14:41 100 892533
14 10:23:33 106 892531
13 10:23:33 150 892532
15 10:24:49 114 892531
16 10:33:00 425 893000
17 10:37:26 700 892531
18 10:58:12 1561 892999
19 10:58:21 50 893000
20 10:59:30 2383 895995
21 11:00:28 3027 895996
22 11:00:32 1820 895997
23 11:02:51 4847 896491
24 11:02:52 7 896491
25 11:09:21 1395 893000
26 11:11:14 1395 896400
27 11:11:20 323 896400
28 11:13:39 868 896400
29 11:58:40 600 892617
30 12:13:35 480 892530
31 12:27:44 525 892530