1 09:03:07 295 878294
2 09:03:16 600 878294
3 09:04:10 4982 878294
4 09:09:38 402 878295
5 09:13:38 247 878295
6 09:27:42 1200 878295
7 10:00:35 1128 878322
8 10:03:37 1000 878600
9 10:19:00 432 878600
11 10:23:15 484 878500
10 10:23:15 268 878600
12 10:34:56 1388 878322
13 10:35:05 636 878295
14 10:36:46 3891 878295
15 10:55:23 3052 878295
16 10:59:31 53 878300
17 11:04:53 2984 878322
18 11:08:47 495 878321
19 11:09:22 455 878322
21 11:12:20 13941 878321
20 11:12:20 626 878322
22 11:23:10 564 878296
24 11:23:25 4 878296
23 11:23:25 1435 878296
25 11:23:35 1882 878296
26 11:23:46 1657 878295
28 11:29:20 767 878321
27 11:29:20 118 878322
29 11:33:53 1009 878322
30 11:35:15 648 878297
31 11:35:22 2380 878297
32 11:39:24 10 878322
34 11:40:48 2000 878400
33 11:40:48 4344 878322
35 11:46:12 450 878299
36 11:46:45 937 879000
38 11:55:46 325 878299
37 11:55:46 9 878300
39 12:03:31 1075 878299
40 12:14:59 319 878299
41 12:22:32 10663 878301
42 12:24:19 1254 878301
44 12:26:11 6641 878500
43 12:26:11 25000 878500