1 10:19:06 10 632000
2 10:19:15 10 629001
3 10:24:58 190 629001
4 10:28:30 162 629000
5 10:29:54 20 631999
6 10:30:12 280 629000
7 10:31:33 200 629000
8 10:32:19 200 629000
9 10:33:07 200 629000
10 11:14:09 4000 632000
15 11:23:26 9032 629000
14 11:23:26 10000 629001
13 11:23:26 10 629010
12 11:23:26 5000 630000
11 11:23:26 958 630001
16 11:23:35 5000 629000
17 11:23:45 968 629000
20 11:32:52 2734 632000
19 11:32:52 10000 632000
18 11:32:52 12266 632000
21 11:33:14 2266 632000
22 11:34:09 5000 633000
23 11:34:36 5000 633000
24 11:34:57 5000 633000
25 11:35:34 5000 633000
26 11:36:46 5000 633000
27 11:42:46 85 633000
28 14:43:21 5000 630000
29 14:43:21 4000 630000