1 11:27:56 100 680000
1 11:27:56 100 680000
1 11:27:56 100 680000
2 11:28:13 200 680000
2 11:28:13 200 680000
2 11:28:13 200 680000
3 11:28:22 4800 680000
3 11:28:22 4800 680000
3 11:28:22 4800 680000
6 11:42:10 10000 710000
5 11:42:10 300 709900
4 11:42:10 4800 708500
6 11:42:10 10000 710000
5 11:42:10 300 709900
4 11:42:10 4800 708500
6 11:42:10 10000 710000
5 11:42:10 300 709900
4 11:42:10 4800 708500
6 11:42:10 10000 710000
5 11:42:10 300 709900
4 11:42:10 4800 708500
7 11:42:36 10000 715000
7 11:42:36 10000 715000
7 11:42:36 10000 715000
10 11:45:50 400 712000
9 11:45:50 4800 712000
8 11:45:50 4800 712000
10 11:45:50 400 712000
9 11:45:50 4800 712000
8 11:45:50 4800 712000
14 11:58:45 40 680113
13 11:58:45 360 680120
12 11:58:45 500 680120
11 11:58:45 300 680121
15 11:59:56 1000 680115
21 12:26:11 4500 709364
20 12:26:11 500 709290
19 12:26:11 360 709290
18 12:26:11 40 709269
17 12:26:11 1000 709250
16 12:26:11 300 709240
22 12:26:23 5000 710000
23 12:26:40 5000 713000
24 12:26:58 5000 713000
25 12:27:14 5000 713000
27 12:27:27 4800 713000
26 12:27:27 200 712999
28 12:27:45 5000 713000
30 12:28:02 9800 713000
29 12:28:02 200 713000
31 12:28:19 200 712999
32 12:28:22 10000 712000
33 12:28:55 8000 711000
48 12:29:12 600 674001
47 12:29:12 300 674009
46 12:29:12 950 677731
45 12:29:12 340 680010
44 12:29:12 520 681009
43 12:29:12 300 681200
42 12:29:12 500 681200
41 12:29:12 100 681200
40 12:29:12 8 681230
39 12:29:12 5000 681250
38 12:29:12 700 681251
37 12:29:12 930 681252
36 12:29:12 1000 681300
35 12:29:12 370 681300
34 12:29:12 500 681300