5 10:19:59 892 671635
4 10:19:59 8 672107
3 10:19:59 500 672602
2 10:19:59 400 672700
1 10:19:59 200 672701
9 10:29:19 850 672000
8 10:29:19 450 672010
7 10:29:19 200 672010
6 10:29:19 500 672010
14 10:49:06 179 672032
13 10:49:06 20 672032
12 10:49:06 3000 672035
11 10:49:06 750 672037
10 10:49:06 51 672038
19 10:55:13 492 671635
18 10:55:13 8 672010
17 10:55:13 9 672032
16 10:55:13 20 672032
15 10:55:13 71 672032
22 11:07:02 70 671700
21 11:07:02 30 671700
20 11:07:02 300 671700
25 11:27:43 970 671701
24 11:27:43 1000 671701
23 11:27:43 30 671701