1 09:56:25 3000 606000
3 10:11:32 3000 606000
2 10:11:32 764 606000
4 10:14:43 236 606000
5 10:19:45 4764 606000
6 10:19:59 7995 609000
7 10:20:13 236 606000
8 10:20:40 764 606000
9 10:21:09 2000 606000
10 10:21:59 2350 606000
11 10:37:45 2000 605803
12 10:38:02 5000 605803
13 10:38:05 5000 605803
14 10:38:07 5000 605803
15 10:38:10 5000 605803
16 10:38:21 1739 605803
17 11:27:54 2000 606007
18 11:30:38 2500 606003
19 11:31:02 2500 606003
20 11:31:22 1200 606000
21 11:31:38 2000 606000
22 11:32:00 1000 606000
23 11:32:19 2118 606000
24 11:32:33 1000 606000
25 11:33:16 11682 606000
26 11:33:40 318 606000
30 12:01:10 3000 605500
29 12:01:10 3000 605700
28 12:01:10 3000 605800
27 12:01:10 2000 605800
31 12:01:32 8000 605500
32 12:19:59 10920 606000