2 09:26:22 3901 601500
1 09:26:22 501 601501
3 10:35:09 2000 604000
5 10:37:17 2000 604000
4 10:37:17 23000 604000
7 10:37:37 2000 604000
6 10:37:37 23000 604000
9 10:37:48 2000 604000
8 10:37:48 23000 604000
10 10:38:33 2000 604000
11 10:40:16 5000 604000
12 10:41:15 16000 604000
13 11:03:20 200 602501
17 11:03:27 500 602221
16 11:03:27 199 602223
15 11:03:27 1000 602225
14 11:03:27 20 602225
18 11:03:30 500 602001
20 11:11:12 110 602500
19 11:11:12 10 602510
23 11:23:15 4890 602500
22 11:23:15 2000 602510
21 11:23:15 10 602510
24 11:24:06 365 602500
25 12:18:49 10 602510
26 12:19:41 50 602510