2 09:13:18 4752 622000
2 09:13:18 4752 622000
1 09:13:18 12000 622000
1 09:13:18 12000 622000
3 09:35:42 2723 621500
4 09:35:48 10525 621500
5 09:37:31 10000 621500
6 10:01:57 4000 621500
7 10:18:59 1000 621900
8 10:20:38 1000 621900
9 10:22:52 200 621900
10 10:23:21 20 621900
12 10:26:03 1660 621900
11 10:26:03 3340 621900
13 10:27:01 10000 621900
14 10:27:25 10000 621900
16 10:30:10 10000 622000
15 10:30:10 3340 621900
17 10:36:19 2000 622000
18 10:37:09 2000 622000
19 10:38:23 1200 622000
20 10:41:27 1501 621502
21 10:41:33 1661 621502
22 10:45:50 5237 622000
23 10:58:55 1000 622500
25 11:11:28 3800 623000
24 11:11:28 895 623000
26 11:25:04 2000 621603
27 11:27:49 2074 622000
28 11:28:34 3000 622000
30 11:52:18 4000 622000
29 11:52:18 3097 621990