3 09:41:37 3000 606000
2 09:41:37 491 606001
1 09:41:37 997 606002
4 09:53:15 10 606010
5 10:10:58 5000 606990
6 10:11:41 4000 606990
9 10:11:52 2616 606000
8 10:11:52 1997 606004
7 10:11:52 371 606005
10 10:12:10 150 606990
11 10:19:30 106 606001
12 10:26:51 1891 606001
16 10:27:12 694 605000
15 10:27:12 4000 605000
14 10:27:12 3000 605500
13 10:27:12 384 606000
19 10:27:39 601 605000
18 10:27:39 7000 605001
17 10:27:39 3000 605100
20 10:53:45 1000 606000
21 10:54:00 8104 606000
23 11:18:17 4552 606000
22 11:18:17 1997 606001
25 11:37:20 17918 606500
24 11:37:20 1000 606400
29 11:37:39 22283 607000
28 11:37:39 2717 607000
27 11:37:39 21433 607000
26 11:37:39 850 606890
30 11:39:47 4000 606001
31 11:46:12 2000 606001
33 11:54:14 3 606000
32 11:54:14 1997 606001
35 11:59:12 1555 606000
34 11:59:12 445 606000
36 12:04:07 1000 606000
37 12:09:24 2468 606100
40 12:15:52 1269 606200
39 12:15:52 9 606201
38 12:15:52 222 606201
41 12:17:17 1259 606201
42 12:17:21 611 606200
43 12:25:07 1500 606210
44 12:29:02 7000 606790
45 12:29:44 50 606101