2 09:12:43 4830 624000
1 09:12:43 1348 624000
3 09:48:49 92 624000
4 09:51:52 18016 622003
6 09:52:34 7000 622000
5 09:52:34 119 622002
7 09:59:03 10000 622000
8 10:06:28 7120 622000
9 10:10:33 114 619995
10 10:10:41 872 619995
13 10:12:46 1460 622000
12 10:12:46 1880 622000
11 10:12:46 855 621999
14 10:31:40 100 621927
15 10:52:59 100 621900
16 10:57:41 10 619538
17 10:57:52 23 619538
20 11:13:58 3071 621000
19 11:13:58 997 621000
18 11:13:58 9 621001
22 11:14:39 6929 621000
21 11:14:39 9 621001
25 11:23:09 491 619603
24 11:23:09 1000 619604
23 11:23:09 9 619604
26 11:34:09 16185 621011
27 12:04:07 2500 620624
29 12:12:19 1693 620624
28 12:12:19 9 620624
30 12:19:04 11000 621000
31 12:20:30 10 620624
32 12:29:49 421 620500