2 10:22:41 1517 607009
1 10:22:41 129 607010
3 10:33:35 3000 607000
4 10:36:12 2085 606500
5 10:36:14 915 606500
6 10:36:20 2085 606000
7 10:36:59 3000 606500
9 10:41:17 85 606000
8 10:41:17 1915 606000
10 10:44:56 2000 606000
11 10:45:18 915 606000
12 10:45:38 1085 606000
13 10:47:48 2000 606000
16 10:49:47 1960 606000
15 10:49:47 1950 606000
14 10:49:47 2000 606000
19 10:52:32 4000 605000
18 10:52:32 10 605000
17 10:52:32 3000 605500
20 11:02:10 9 605000
22 11:05:36 563 604500
21 11:05:36 3000 604500
23 11:06:01 500 604500
24 11:06:07 5000 605000
25 11:06:15 5000 605000
26 11:06:21 5000 605000
27 11:08:46 2981 605000
28 11:19:34 1017 605100
31 11:44:54 400 605800
30 11:44:54 400 605800
29 11:44:54 100 605800
33 11:45:06 2000 606000
32 11:45:06 2869 606000
35 11:45:09 20000 605600
34 11:45:09 131 606000
36 11:45:57 4869 605600
37 12:02:59 131 605600
38 12:03:28 1995 605600
40 12:14:25 995 605500
39 12:14:25 5 605600
45 12:17:05 1809 604000
44 12:17:05 5000 604600
43 12:17:05 1983 605100
42 12:17:05 9 605500
41 12:17:05 1505 605500