1 09:14:31 9422 607610
2 09:14:48 578 607610
3 09:20:18 5259 607610
4 09:20:38 2000 607600
6 09:22:22 1000 607600
5 09:22:22 1500 607610
11 09:40:49 5000 607000
10 09:40:49 2001 607001
9 09:40:49 1501 607001
8 09:40:49 501 607001
7 09:40:49 76 607010
12 09:41:04 9877 607000
13 09:41:24 3544 607000
14 09:47:17 1456 607000
15 09:48:52 5000 607000
16 09:49:48 1000 606000
17 10:21:45 1000 606950
20 10:32:43 8544 607000
19 10:32:43 1500 606990
18 10:32:43 594 606990
21 10:33:19 1000 607000
22 10:36:19 1500 607400
25 10:42:02 5000 607000
24 10:42:02 3362 607000
23 10:42:02 299 607001
26 10:42:26 1200 607000
27 10:42:32 139 607000
28 10:43:11 100 607490
29 10:43:16 10 607490
31 10:44:07 1200 607490
30 10:44:07 2303 607490
32 10:51:44 2000 607500
36 10:56:15 1000 607500
35 10:56:15 1300 607500
34 10:56:15 1178 607500
33 10:56:15 1000 607499
37 10:56:28 2000 607700
38 11:36:45 15 609888