1 10:09:23 10 610500
2 10:13:31 286 610499
3 10:40:34 3400 608000
4 10:51:14 492 606000
6 10:51:22 1699 607999
5 10:51:22 1501 607999
7 10:52:37 6500 607990
8 10:52:43 2508 606000
10 10:55:42 9 605000
9 10:55:42 3000 605000
11 10:55:51 3000 605000
12 10:55:59 3000 605000
13 10:56:02 3000 605000
14 10:56:06 3000 605000
15 10:56:25 3000 605000
16 10:56:27 3000 605000
17 10:56:29 3000 605000
18 10:56:40 991 605000
19 10:58:19 519 605000
20 11:05:16 2542 606000
21 11:06:14 1000 606045
23 11:18:59 3958 606000
22 11:18:59 5000 605999
24 11:32:41 2600 606000
25 11:35:31 5001 606000
26 11:52:48 10000 606000
27 11:58:40 9000 606000
28 11:59:27 200 605021
29 11:59:29 200 605021
30 11:59:30 100 605021
31 11:59:47 200 605020
33 12:16:24 4990 605500
32 12:16:24 10 605510
36 12:16:38 280 605013
35 12:16:38 2800 605020
34 12:16:38 10 605500
37 12:19:10 1000 606400
38 12:29:03 4000 605500
40 12:29:10 2280 605010
39 12:29:10 2720 605013
41 12:29:15 5000 605010
44 12:29:22 5000 605010
43 12:29:22 5000 605010
42 12:29:22 5000 605010
45 12:29:47 9 606400