1 10:33:38 2674 623201
2 11:17:32 1000 623250
4 11:18:43 1529 623250
3 11:18:43 940 623250
4 11:18:43 1529 623250
3 11:18:43 940 623250
5 11:25:02 10 623250
7 11:35:11 53 624490
6 11:35:11 55 624000
8 11:41:06 55 624490
8 11:41:06 55 624490
8 11:41:06 55 624490
9 11:49:49 115 624600
10 11:50:55 21 624893
12 11:51:33 595 624950
11 11:51:33 729 624893
13 11:53:22 246 624950
14 11:54:10 926 624949
15 11:54:30 76 624949
16 11:54:53 324 624950
17 11:55:41 567 624945
18 11:57:00 133 624950
19 11:58:29 89 624950
20 12:00:22 11 624950
21 12:16:20 1 624950
22 12:26:15 500 626900