3 09:33:21 5435 611006
2 09:33:21 498 611006
1 09:33:21 997 611007
4 09:40:00 1322 612999
5 09:44:25 3200 614000
6 09:44:29 1293 614000
7 09:46:53 9000 614000
8 09:47:19 5000 614000
9 09:47:30 1000 614400
10 09:47:39 400 614400
11 09:47:50 3908 614400
12 09:48:15 5000 614200
20 09:49:12 3100 620000
19 09:49:12 800 620000
18 09:49:12 1000 620000
17 09:49:12 85 620000
16 09:49:12 5000 620000
15 09:49:12 20 620000
14 09:49:12 5000 617000
13 09:49:12 19 614999
21 09:54:34 4709 620500
22 09:56:23 291 620500
24 09:59:04 21500 622000
23 09:59:04 3500 622000
26 09:59:10 4043 622000
25 09:59:10 2957 622000
27 10:07:40 490 622000
28 10:19:28 253 620000
29 10:21:33 120 620001
30 10:43:56 162 620300
32 10:43:59 200 620011
31 10:43:59 110 620300
33 10:44:04 1730 620000
34 10:44:06 1400 620000
36 10:51:11 3617 620000
35 10:51:11 200 620001
37 11:18:22 1800 620321
38 11:34:08 1269 620000
39 11:46:08 43 625988
40 11:57:48 20621 625000
41 12:04:53 4163 622000
43 12:18:24 2837 623000
42 12:18:24 7000 623000
46 12:18:52 2001 619542
45 12:18:52 1501 619542
44 12:18:52 501 619542
48 12:19:01 499 619542
47 12:19:01 501 619542
51 12:19:24 1501 619542
50 12:19:24 501 619542
49 12:19:24 2001 619542
55 12:19:50 5997 619542
54 12:19:50 2001 619542
53 12:19:50 1501 619542
52 12:19:50 501 619542
56 12:19:59 163 623000
60 12:20:27 7991 620000
59 12:20:27 2001 620001
58 12:20:27 1501 620001
57 12:20:27 501 620001