1 10:15:37 39 611000
2 10:30:06 389 612000
6 11:03:37 4378 612000
5 11:03:37 572 612000
4 11:03:37 10000 612051
3 11:03:37 50 612052
7 11:04:08 1500 612000
8 11:06:25 500 612000
11 11:25:50 3300 612051
10 11:25:50 200 612052
9 11:25:50 500 612055
12 11:48:11 1000 613980
13 12:10:29 50 613850
14 12:12:42 50 612119
16 12:13:08 10 612111
15 12:13:08 250 612111
17 12:13:29 12000 612119
18 12:13:43 1200 612115
20 12:13:48 4921 612119
19 12:13:48 1800 612115
21 12:15:49 75 612150
22 12:16:01 1250 612150
23 12:17:56 1365 612250