1 09:17:14 497 623588
3 09:18:41 1985 620000
2 09:18:41 15 620000
4 10:15:19 8000 621533
5 10:21:09 2383 621537
6 10:41:50 5000 622000
7 10:41:57 7362 622000
8 10:57:21 1645 622000
11 11:10:58 3000 623000
10 11:10:58 763 623000
9 11:10:58 50 623000
13 11:11:09 1187 624000
12 11:11:09 20000 624000
17 11:11:22 16739 624500
16 11:11:22 5448 624490
15 11:11:22 2000 624490
14 11:11:22 813 624000
23 11:11:32 5993 624520
22 11:11:32 7178 624520
21 11:11:32 1500 624520
20 11:11:32 100 624520
19 11:11:32 8500 624500
18 11:11:32 1729 624500
27 11:11:37 2193 624530
26 11:11:37 9400 624530
25 11:11:37 13269 624520
24 11:11:37 138 624520
28 11:22:27 1829 624400
29 11:23:41 8171 624400
30 11:24:23 208 624400
31 11:27:11 30 624400
33 11:50:41 3462 622800
32 11:50:41 8355 623000
34 11:52:01 10815 623499
35 11:52:57 144 623499
36 11:55:39 11786 623499
37 11:57:24 3183 622600
38 11:58:26 5379 622600
39 12:03:39 10815 624000
40 12:07:08 5000 624400
41 12:08:36 3000 624500
43 12:09:43 819 624580
42 12:09:43 800 624579
44 12:12:47 19 624579
45 12:14:37 49 624500
46 12:18:16 960 624500
47 12:23:47 6000 622601
48 12:24:09 2243 622601
49 12:25:19 279 624000
50 12:26:27 1 624000