2 10:49:27 2 625990
1 10:49:27 498 625989
3 10:52:05 300 625989
4 10:52:16 100 625989
5 10:52:41 100 625989
6 10:55:36 100 625000
7 10:56:50 200 625000
8 10:56:59 489 625000
10 11:05:06 395 624000
9 11:05:06 15 624001
11 11:08:37 5000 624000
12 11:09:07 4000 624000
13 11:19:33 40 624000
16 11:23:47 12377 625000
15 11:23:47 7623 624590
14 11:23:47 5000 624500
17 11:23:58 7801 625000
18 11:25:05 2199 625000
19 11:27:45 3501 625000
20 11:28:16 667 625000
21 11:29:27 5832 625000
24 12:14:43 22716 624010
23 12:14:43 691 624013
22 12:14:43 565 624014
25 12:29:56 219 625500