1 09:38:28 500 612500
2 09:49:14 5500 612500
3 09:50:48 3500 613500
4 09:56:52 2000 611111
5 10:05:08 2965 611500
7 10:06:42 465 611111
6 10:06:42 35 611500
8 10:14:20 20 611111
9 10:22:35 10 611111
10 10:23:25 63 611111
11 10:30:41 1000 611111
12 11:25:45 500 613979
16 11:52:32 2752 613000
15 11:52:32 5547 613000
14 11:52:32 1501 612999
13 11:52:32 200 612999
19 12:00:33 6752 613000
18 12:00:33 3000 613000
17 12:00:33 248 613000
20 12:06:20 1000 613000
24 12:09:51 3000 610011
23 12:09:51 10000 611000
22 12:09:51 1500 611120
21 12:09:51 9 611120
25 12:10:17 3500 608650
27 12:10:40 2500 608200
26 12:10:40 501 608201
28 12:10:50 120 609000
29 12:11:55 12 609000
30 12:13:04 7063 610000
32 12:25:13 632 613000
31 12:25:13 248 613000