2 09:51:17 300 642898
1 09:51:17 200 642897
4 09:58:35 1000 637500
3 09:58:35 997 637501
7 09:59:43 2489 636010
6 09:59:43 501 636011
5 09:59:43 10 636100
8 10:00:07 6500 637500
11 10:04:16 502 636302
10 10:04:16 997 636304
9 10:04:16 501 636305
13 10:04:27 502 636300
12 10:04:27 1498 636302
16 10:04:34 1001 636201
15 10:04:34 501 636201
14 10:04:34 498 636300
22 10:04:43 8861 633010
21 10:04:43 10 635950
20 10:04:43 511 636010
19 10:04:43 2001 636055
18 10:04:43 500 636201
17 10:04:43 117 636303
23 10:05:05 1139 633010
24 10:05:07 2861 633010
25 10:05:13 7000 633011
30 10:05:18 858 633011
29 10:05:18 139 633011
28 10:05:18 1501 633012
27 10:05:18 501 633012
26 10:05:18 2001 633012
32 10:05:28 2003 633011
31 10:05:28 1997 633012
36 10:05:33 1612 633011
35 10:05:33 386 633012
34 10:05:33 1501 633012
33 10:05:33 501 633012
39 10:05:42 4473 633011
38 10:05:42 5000 633011
37 10:05:42 527 633011
42 10:05:50 4476 633011
41 10:05:50 527 633011
40 10:05:50 4997 633012
44 10:05:58 4476 633011
43 10:05:58 524 633011
45 10:06:11 5000 633012
46 10:06:14 5000 633012
48 10:06:15 4476 633011
47 10:06:15 524 633011
50 10:06:17 4476 633011
49 10:06:17 524 633011
52 10:06:21 4476 633011
51 10:06:21 524 633011
54 10:06:24 4476 633011
53 10:06:24 524 633011
58 10:07:10 510 633012
57 10:07:10 3000 633020
56 10:07:10 900 634000
55 10:07:10 590 634001
61 10:07:13 10 633012
60 10:07:13 4490 633012
59 10:07:13 500 633013
63 10:07:15 13 633011
62 10:07:15 4987 633012
65 10:07:19 4489 633011
64 10:07:19 511 633011
67 10:07:20 4489 633011
66 10:07:20 511 633011
69 10:07:25 4489 633011
68 10:07:25 511 633011
73 10:07:53 4394 633011
72 10:07:53 511 633011
71 10:07:53 15 634000
70 10:07:53 80 634000
74 10:08:37 25000 633013
76 10:08:57 4000 633012
75 10:08:57 1000 633020
77 10:09:14 16503 633021
78 10:09:24 5000 633021
80 10:09:33 3003 633021
79 10:09:33 1997 633022
83 10:09:46 1504 633011
82 10:09:46 606 633011
81 10:09:46 997 633012
87 10:10:29 2910 633012
86 10:10:29 2000 633020
85 10:10:29 80 633022
84 10:10:29 10 633100
91 10:11:25 903 633011
90 10:11:25 2087 633012
89 10:11:25 2000 633020
88 10:11:25 10 633100
92 10:13:40 25000 635000
93 10:13:47 5000 635000
94 10:13:54 20000 635000
95 10:28:39 980 635010
96 10:29:06 2500 635010
97 10:29:20 1000 635010
98 10:30:00 1723 635010
99 10:56:06 105 638000
100 10:57:16 1400 638000
101 11:00:28 13495 637499
102 11:00:39 15000 637500
104 11:06:01 15000 638000
103 11:06:01 10000 637999
105 11:06:33 1000 639000
106 11:06:34 25000 638000
108 11:12:52 3183 638500
107 11:12:52 11000 638499
111 11:13:44 855 639000
110 11:13:44 45 638990
109 11:13:44 600 638500
112 11:21:05 6870 637352
122 11:24:17 476 633213
121 11:24:17 11 635013
120 11:24:17 2001 635727
119 11:24:17 1501 635937
118 11:24:17 501 635940
117 11:24:17 1593 637000
116 11:24:17 10 637351
115 11:24:17 3130 637352
114 11:24:17 3277 637353
113 11:24:17 2500 637500
126 11:24:30 997 633213
125 11:24:30 2001 633214
124 11:24:30 1501 633214
123 11:24:30 501 633214
127 11:39:17 2533 637999
129 11:42:25 5000 637000
128 11:42:25 5000 637001
131 11:43:39 5179 637000
130 11:43:39 4821 637001
132 11:43:41 10000 637000
134 11:43:43 5179 637000
133 11:43:43 4821 637000
135 11:43:47 19821 637000
136 11:44:06 2000 637000
137 11:45:14 5200 637000
139 11:46:57 4424 637000
138 11:46:57 2800 637000
176 11:52:27 245 637500
177 11:52:38 150 637500
178 11:53:09 10 637500
180 11:53:31 7446 637900
179 11:53:31 1068 637500
182 11:54:20 5778 637999
181 11:54:20 2554 637900
183 12:14:51 5972 637990
184 12:17:39 250 637990
186 12:17:52 317 637999
185 12:17:52 1526 637999
187 12:19:05 764 639000
188 12:29:22 7 637227
189 12:29:52 50 639000
190 12:29:56 500 639000