1 09:39:31 30 631000
2 09:58:38 3190 629000
3 09:59:30 24 629000
4 10:01:34 17 629002
5 10:31:31 9000 636000
6 10:39:02 2845 636000
7 10:39:20 17 636000
8 10:44:06 23 636000
12 11:56:46 6756 632000
11 11:56:46 9 632000
10 11:56:46 9 632000
9 11:56:46 4308 632000
13 12:03:18 3166 632000
14 12:08:35 6834 632000
18 12:19:41 213 630464
17 12:19:41 1501 630464
16 12:19:41 501 630464
15 12:19:41 951 630465
25 12:29:28 4853 630300
24 12:29:28 2001 630304
23 12:29:28 501 630304
22 12:29:28 1501 630304
21 12:29:28 100 630304
20 12:29:28 802 631000
19 12:29:28 100 631010