2 10:40:59 921 632450
1 10:40:59 500 632342
4 10:41:04 4151 632500
3 10:41:04 2955 632450
6 10:43:09 1525 630104
5 10:43:09 8 631000
7 10:43:23 3627 630104
8 10:43:34 4848 630104
9 10:44:14 152 630103
11 10:44:34 4748 630100
10 10:44:34 252 630103
12 10:44:49 14252 630100
16 10:48:22 4252 632497
15 10:48:22 5000 632495
14 10:48:22 5000 632485
13 10:48:22 5748 632480
18 10:48:47 2766 632500
17 10:48:47 748 632497
19 10:54:43 2687 632700
20 10:55:39 23000 633600
22 10:57:33 260 633600
21 10:57:33 5000 633598
23 11:16:11 5182 632500
25 11:21:45 7837 632500
24 11:21:45 31 632600
26 11:28:49 5000 632500
27 11:32:46 5000 632500
28 11:33:05 10000 632500
29 11:36:23 2816 632500
30 11:44:59 2335 632500
31 11:46:53 17665 632500
32 11:53:26 106 632500
33 12:15:50 4853 632500