1 09:29:41 2275 650000
2 09:55:00 1246 648101
3 09:55:44 1000 650000
4 09:56:11 295 650000
5 10:25:39 737 648101
8 10:26:32 13912 649997
7 10:26:32 5000 649500
6 10:26:32 1088 649000
10 10:27:01 5000 650000
9 10:27:01 5000 649998
12 10:27:26 4779 651000
11 10:27:26 5221 651000
13 10:29:28 5000 651000
16 10:38:46 1419 648005
15 10:38:46 1000 648100
14 10:38:46 997 648101
18 11:00:07 5000 650000
17 11:00:07 5000 650000
19 11:00:25 1000 650000
20 11:00:49 200 650000
21 11:11:02 2900 650000
23 11:41:41 4977 650000
22 11:41:41 1023 649999
24 11:49:57 3923 649980
25 11:51:45 2000 649999
26 12:03:17 104 649990
30 12:07:32 997 648952
29 12:07:32 2001 648953
28 12:07:32 1501 648953
27 12:07:32 501 648953
31 12:10:31 2000 649900
32 12:10:35 2896 649900
33 12:10:43 1077 649999
34 12:12:56 8527 649000
35 12:13:13 1528 649000
36 12:13:32 4900 649000
37 12:14:20 100 649000
38 12:18:14 5000 649000
40 12:19:14 20000 649999
39 12:19:14 5000 649800
42 12:19:20 20000 649999
41 12:19:20 5000 649999
43 12:24:38 4800 649500
45 12:24:54 5000 649500
44 12:24:54 200 649500
48 12:29:50 4501 650999
47 12:29:50 3001 650999
46 12:29:50 1501 650999