1 09:50:45 100 650305
2 09:51:29 2000 650303
3 09:52:14 5700 650303
7 10:18:20 12724 650000
6 10:18:20 5000 650010
5 10:18:20 8 650020
4 10:18:20 8 650300
8 10:33:06 100 651500
9 10:33:22 2000 651500
10 10:33:36 100 651500
11 10:33:52 50 651500
12 10:34:04 20 651500
13 10:34:30 1657 651500
19 10:42:04 17292 650000
18 10:42:04 7708 650000
17 10:42:04 12276 650000
16 10:42:04 8 650010
15 10:42:04 8 650010
14 10:42:04 5000 650010
21 10:42:29 6470 650000
20 10:42:29 7708 650000
23 10:44:37 100 651000
22 10:44:37 500 651000
24 10:46:41 120 651000
25 10:46:54 6 651000
26 10:47:06 12 651000
27 10:47:49 506 651000
28 11:04:01 44 651989
29 11:07:00 9185 651000
30 11:07:40 6988 651000
31 11:08:40 1540 651000
32 11:09:27 1783 651000
35 11:16:44 5504 650001
34 11:16:44 9000 650001
33 11:16:44 1000 650010
36 11:59:15 1000 650014
37 11:59:22 4517 650014
47 12:03:36 3000 650000
46 12:03:36 18742 650000
45 12:03:36 90 650010
44 12:03:36 910 650010
43 12:03:36 24090 650011
42 12:03:36 909 650011
41 12:03:36 8 650014
40 12:03:36 4483 650014
39 12:03:36 1100 650015
38 12:03:36 5000 650015
48 12:13:47 3000 650000
49 12:19:53 500 651000
50 12:22:11 258 650000
53 12:26:40 2000 646000
52 12:26:40 10 647196
51 12:26:40 20 648800
54 12:26:56 7172 646000
55 12:27:41 93 646000
61 12:28:27 13755 651500
60 12:28:27 242 650000
59 12:28:27 2000 649800
58 12:28:27 4501 649799
57 12:28:27 3001 649799
56 12:28:27 1501 649799