3 09:03:36 5355 634047
2 09:03:36 3000 634144
1 09:03:36 1645 636000
7 09:06:06 1000 635000
6 09:06:06 1000 635001
5 09:06:06 520 635003
4 09:06:06 200 635004
8 09:06:12 3800 635000
9 09:06:19 200 635000
10 09:06:23 2200 635000
13 09:06:24 2185 641988
12 09:06:24 995 641987
11 09:06:24 1080 635000
16 09:15:05 503 636100
15 09:15:05 500 637000
14 09:15:05 997 637001
17 09:32:53 500 638000
18 09:38:41 200 637101
23 09:44:42 11506 637004
22 09:44:42 5000 637005
21 09:44:42 5000 637102
20 09:44:42 2497 637200
19 09:44:42 997 637201
24 09:44:47 3000 637004
26 09:44:52 14506 637004
25 09:44:52 10494 637004
28 09:44:55 14506 637000
27 09:44:55 10494 637004
29 09:49:02 800 637300
30 09:56:52 688 637505
32 09:57:10 691 637501
31 09:57:10 309 637505
34 09:57:30 1704 637500
33 09:57:30 296 637501
36 09:59:07 1003 637500
35 09:59:07 997 637501
37 10:12:03 997 637501
39 10:12:10 210 637500
38 10:12:10 793 637500
40 10:13:24 10000 638500
41 10:14:03 567 638500
42 10:14:18 10000 639000
43 10:16:30 39 638500
44 10:17:15 2000 638500
45 10:17:43 2000 638500
46 10:18:07 2200 638500
47 10:18:33 2000 638500
48 10:19:06 1000 638500
50 10:50:41 3 638600
49 10:50:41 997 638601
52 10:56:10 993 638600
51 10:56:10 7 638600
53 10:59:35 997 638601
54 10:59:41 3 638600
55 11:04:20 1000 638600
56 11:04:48 2504 638600
57 11:04:56 496 638600
58 11:05:20 1000 638600
60 11:06:19 10000 639000
59 11:06:19 11000 638999
61 11:08:42 500 638600
62 11:19:15 1000 638600
64 11:19:37 496 638600
63 11:19:37 504 638600
65 11:19:46 1000 638600
67 11:20:40 492 638600
66 11:20:40 508 638600
68 11:23:48 100 639000
69 11:26:51 2472 639000
71 11:28:06 8914 639395
70 11:28:06 10 639390
72 11:28:47 9000 639999
74 11:32:12 681 639999
73 11:32:12 519 639998
75 11:35:53 169 639999
77 11:38:33 13091 639000
76 11:38:33 8000 639001
79 11:39:21 15563 639000
78 11:39:21 9437 639000
81 11:39:29 2707 639000
80 11:39:29 9437 639000
82 11:46:29 100 639001
84 12:00:37 2995 639999
83 12:00:37 5 639998
86 12:02:18 10 639999
85 12:02:18 2620 639999