1 09:03:42 769 650000
2 09:16:06 50 652800
4 09:33:12 160 652699
3 09:33:12 140 652000
5 09:55:42 120 652697
6 10:10:33 110 650000
7 11:48:00 926 648199
8 11:57:41 8 648199
9 11:58:23 763 648000
12 11:58:42 3094 647009
11 11:58:42 670 647010
10 11:58:42 237 648000
14 12:16:53 990 647009
13 12:16:53 150 647010
15 12:17:05 1860 647009
17 12:20:32 2849 647010
16 12:20:32 151 647010
21 12:26:25 634 646040
20 12:26:25 775 647000
19 12:26:25 750 647011
18 12:26:25 152 647012
23 12:29:46 110 646099
22 12:29:46 990 646299