5 09:09:48 15950 641000
4 09:09:48 4000 639980
3 09:09:48 20 639980
2 09:09:48 5000 639000
1 09:09:48 30 639000
7 09:09:51 15950 641000
6 09:09:51 9050 641000
9 09:09:57 4345 641000
8 09:09:57 9050 641000
10 10:42:07 6292 637000
11 11:19:47 500 637000
12 11:24:22 1997 637001
13 11:37:04 800 637500
14 11:43:24 100 637500
15 12:06:48 100 637500
16 12:07:56 16 637999
20 12:11:18 1966 636500
19 12:11:18 10 636500
18 12:11:18 498 636502
17 12:11:18 1997 636503
22 12:11:28 4751 637000
21 12:11:28 9213 637000
23 12:11:33 5034 636500
25 12:22:40 10000 637000
24 12:22:40 10 636950
26 12:23:24 1900 637000
27 12:24:02 10000 637000
28 12:24:08 4000 637000
29 12:24:35 800 637000
30 12:28:29 8300 637000
31 12:29:21 260 638000