2 10:25:02 9571 633000
1 10:25:02 398 633011
3 10:26:00 5473 633000
4 11:05:25 8 636189
5 11:28:38 2 636189
7 11:42:48 1992 633013
6 11:42:48 8 633100
8 11:44:24 25000 636000
9 11:44:54 19983 636000
10 11:45:26 25000 636000
11 11:45:48 25000 636000
12 11:46:06 25000 636000
14 11:47:21 21387 635999
13 11:47:21 3613 635990
16 11:47:26 2000 633013
15 11:47:26 13 635999
17 11:47:30 11672 636000
18 11:48:08 1952 636000
19 11:55:33 2000 634000
20 11:57:45 80 636000
21 11:58:28 5000 636000
22 12:00:17 2000 634000
23 12:03:05 2000 634000
24 12:08:25 2022 635100
25 12:09:45 6713 636000
26 12:16:35 2500 635100
27 12:19:45 10043 635100
29 12:24:40 2480 632100
28 12:24:40 20 633020