1 10:13:24 50 650200
2 10:16:06 672 650200
4 10:25:16 8 650200
3 10:25:16 118 650200
7 10:25:51 3100 650000
6 10:25:51 2200 650010
5 10:25:51 4700 650010
8 10:26:17 174 650000
9 10:37:26 431 650890
10 10:38:43 269 650890
14 11:05:17 12076 650000
13 11:05:17 9 650010
12 11:05:17 1100 650010
11 11:05:17 2200 650010
15 11:15:49 458 651400
16 11:18:43 298 651400
16 11:18:43 298 651400
17 11:33:03 100 651300
18 11:34:27 100 651100
19 11:38:17 100 651300
21 12:05:31 2672 650310
20 12:05:31 1500 650311
22 12:05:54 1545 650310
23 12:09:57 16 651000
24 12:10:49 136 651000
28 12:13:01 15000 650001
27 12:13:01 2040 650001
26 12:13:01 8 650002
25 12:13:01 110 650003
30 12:14:00 8935 650000
29 12:14:00 4760 650001
35 12:26:18 1623 650000
34 12:26:18 715 650000
33 12:26:18 140 650010
32 12:26:18 501 650011
31 12:26:18 90 650020
36 12:27:04 7 650000
37 12:27:30 3 650001
38 12:27:57 2 650001
39 12:28:51 5000 650300