3 09:20:53 414 645043
2 09:20:53 2001 645043
1 09:20:53 1999 645500
3 09:20:53 414 645043
2 09:20:53 2001 645043
1 09:20:53 1999 645500
4 09:24:32 68 648999
5 09:41:56 20000 647000
6 09:43:29 25000 647800
7 10:32:52 18219 647800
9 10:35:52 5455 647800
8 10:35:52 10000 647801
10 10:39:06 997 647801
11 10:39:29 547 647800
13 10:43:24 8188 646504
12 10:43:24 997 646505
14 10:46:55 1200 649000
16 10:47:25 19784 646504
15 10:47:25 5000 647100
17 10:55:09 20000 647000
18 11:00:33 3371 647002
19 11:25:09 10 647100
20 11:25:35 835 647100
21 11:29:04 5000 648000
22 11:53:39 790 648000
23 11:55:07 3000 648000
24 11:56:41 757 648000
25 11:59:30 2300 648000
26 12:12:38 200 648999
28 12:15:28 650 648999
27 12:15:28 980 648998
30 12:23:44 6888 648000
29 12:23:44 100 648700
31 12:25:13 1684 648000
32 12:26:45 99 648000
33 12:27:47 2301 648000
34 12:28:02 7600 648000
35 12:29:25 1540 647710