3 09:06:07 2000 642580
2 09:06:07 2700 642581
1 09:06:07 98 642582
4 09:06:09 10 642500
5 09:06:18 5000 642500
6 09:06:32 1000 642500
7 09:06:46 2300 642500
8 09:06:48 3125 642500
9 09:10:05 280 648900
10 09:12:42 100 645000
11 09:14:52 100 644000
12 09:15:20 100 642102
13 09:15:35 186 642102
14 09:15:45 5852 642102
20 09:45:47 8 642100
19 09:45:47 100 642100
18 09:45:47 1000 642104
17 09:45:47 2046 642506
16 09:45:47 7000 642508
15 09:45:47 500 642700
21 09:46:14 218 642000
25 09:46:26 1500 632100
24 09:46:26 2001 632101
23 09:46:26 1501 632101
22 09:46:26 501 632101
26 09:46:35 5315 632100
27 09:46:38 5315 632100
28 09:46:43 4177 632100
29 09:49:34 10000 640000
30 10:08:16 10 644444
31 10:19:25 991 642999
32 10:19:34 2000 643000
33 10:22:23 1344 642000
34 10:23:45 25000 642999
35 10:23:46 25000 643000
36 10:24:18 4182 643000
37 10:25:37 9673 643000
38 10:25:44 3125 643980
39 10:25:48 6390 643000
41 10:25:56 20245 643000
40 10:25:56 4755 643000
43 10:26:26 5000 643000
42 10:26:26 4755 643000
44 10:26:28 280 643000
46 10:31:24 600 642990
45 10:31:24 900 642990
47 10:31:26 2000 642000
50 10:34:54 1636 642000
49 10:34:54 4200 642000
48 10:34:54 2920 642000
52 10:37:22 8514 642000
51 10:37:22 8784 642000
53 10:38:20 2000 642000
55 10:38:47 2000 642000
54 10:38:47 4406 642000
57 10:40:11 18594 642000
56 10:40:11 1500 641999
58 10:45:03 52 642980
59 10:45:08 28 642980
61 10:47:33 2094 642000
60 10:47:33 4906 642000
62 10:50:55 20000 642000
64 10:53:35 1500 642000
63 10:53:35 2906 642000
65 10:58:11 3211 642000
66 11:19:15 11972 642000
67 11:21:23 3500 642000
69 11:22:51 18683 642000
68 11:22:51 6317 642000
71 11:23:05 1613 642000
70 11:23:05 6317 642000
73 11:25:08 1000 642000
72 11:25:08 387 642000
74 11:25:39 430 642000
76 11:36:14 2990 642000
75 11:36:14 10 642000
77 11:37:32 570 642000
79 11:38:07 1820 642000
78 11:38:07 1180 642000
80 11:52:08 3400 641000
81 11:52:35 6173 641000
82 11:52:48 847 641000
83 11:55:11 800 639305
86 11:58:26 501 636653
85 11:58:26 600 637000
84 11:58:26 160 637010
87 11:58:30 89 636653
90 12:01:10 1501 631001
89 12:01:10 2001 631001
88 12:01:10 501 631001
91 12:01:15 3047 631001
92 12:01:21 2 631001
93 12:04:13 299 631001
98 12:13:11 1000 631000
97 12:13:11 300 631020
96 12:13:11 2001 631021
95 12:13:11 1501 631021
94 12:13:11 501 631021
99 12:13:22 7622 631000
100 12:13:26 8879 631000
101 12:13:27 1 631000
102 12:18:34 5000 638998
103 12:23:01 650 631990
108 12:26:04 199 630012
107 12:26:04 2001 630401
106 12:26:04 1501 630401
105 12:26:04 2000 630500
104 12:26:04 501 630501
110 12:26:14 8889 630000
109 12:26:14 3798 630000
112 12:26:17 5401 630000
111 12:26:17 1111 630000
113 12:26:20 1884 630000
115 12:26:45 4804 630000
114 12:26:45 2715 630000
116 12:26:49 387 630000
118 12:29:15 1265 626016
117 12:29:15 501 626016