1 09:29:33 997 635001
2 09:30:07 18 635001
3 09:30:47 2100 635000
4 09:31:00 710 635000
5 09:40:18 600 637000
8 10:02:36 1000 636050
7 10:02:36 817 636050
6 10:02:36 183 636051
9 10:02:42 180 636050
10 10:02:45 820 636000
11 10:02:51 1000 636000
12 10:02:57 1000 636000
13 10:03:00 1000 636000
14 10:03:06 10000 636000
15 10:03:14 9532 636000
16 10:07:21 10 636000
17 10:09:48 9 636000
18 10:11:36 449 636000
19 10:25:23 40 636500
23 10:25:39 40 636500
22 10:25:39 10000 636500
21 10:25:39 5000 636500
20 10:25:39 9960 636500
24 10:25:44 9960 636500
25 10:30:21 5040 636502
26 10:33:24 100 636999
28 10:39:54 5000 636999
27 10:39:54 3691 636999
29 10:44:38 135 636508
30 10:45:19 4000 636500
31 10:45:39 400 636500
32 10:46:02 40 636500
33 10:47:25 5000 636500
34 10:47:40 150 636500
35 10:53:41 250 636500
36 10:54:29 14 636500
37 10:54:34 10 633136
39 10:55:10 403 636500
38 10:55:10 11 636500
40 10:57:29 10000 636000
41 10:57:59 9000 636000
42 10:58:25 500 636000
43 10:58:30 144 636000
44 10:59:15 10000 636000
45 10:59:27 6300 636000
50 11:03:02 5947 636000
49 11:03:02 50 636000
48 11:03:02 2001 636001
47 11:03:02 1501 636001
46 11:03:02 501 636001
51 11:03:15 5000 636000
55 11:10:22 403 636500
54 11:10:22 5000 636500
53 11:10:22 10000 636500
52 11:10:22 9597 636500
58 11:10:25 10000 636500
57 11:10:25 10000 636500
56 11:10:25 4597 636500
62 11:10:51 2496 636500
61 11:10:51 10000 636500
60 11:10:51 2504 636500
59 11:10:51 10000 636500
64 11:10:52 17496 636500
63 11:10:52 7504 636500
68 11:10:53 8049 636500
67 11:10:53 4447 636500
66 11:10:53 5000 636500
65 11:10:53 7504 636500
70 11:10:56 12028 636500
69 11:10:56 12972 636500
72 11:10:57 5849 636500
71 11:10:57 12972 636500
75 11:14:29 1000 636500
74 11:14:29 1000 636500
73 11:14:29 1000 636500
76 11:18:02 1500 636500
79 11:20:05 600 637000
78 11:20:05 5000 637000
77 11:20:05 19400 637000
82 11:20:18 5000 637000
81 11:20:18 5000 637000
80 11:20:18 4400 637000
89 11:25:21 6453 637900
88 11:25:21 3547 637900
87 11:25:21 21453 637900
86 11:25:21 3547 637900
85 11:25:21 6123 637900
84 11:25:21 13530 637900
83 11:25:21 1800 637900
94 11:25:22 4701 638000
93 11:25:22 2512 638000
92 11:25:22 5000 637900
91 11:25:22 5000 637900
90 11:25:22 3287 637900
95 11:26:03 7500 638000
96 11:26:40 380 638000
99 11:28:58 5000 638000
98 11:28:58 5000 638000
97 11:28:58 12419 638000
100 11:37:04 700 638000
101 11:54:00 155 638000
102 12:09:36 576 638000
104 12:19:56 9900 637000
103 12:19:56 100 637100
106 12:21:02 9300 637000
105 12:21:02 700 637000
107 12:21:16 3000 637000
108 12:21:24 9424 637000
110 12:21:37 6724 637000
109 12:21:37 3276 637000
111 12:26:27 5000 637000
112 12:26:29 5000 637000
113 12:26:30 5000 637000
115 12:26:32 1724 637000
114 12:26:32 3276 637000
116 12:26:33 5000 637000
117 12:26:34 5000 637000
118 12:26:36 5000 637000
119 12:26:37 5000 637000
121 12:26:39 1724 637000
120 12:26:39 3276 637000