2 10:19:39 562 632000
1 10:19:39 997 632001
3 10:25:36 5000 632000
4 10:31:09 5000 632001
5 10:31:15 5000 632001
6 10:32:18 5000 632000
11 10:53:48 16182 634000
10 10:53:48 5000 633900
9 10:53:48 1810 633900
8 10:53:48 8 633899
7 10:53:48 2000 633899
12 10:54:03 7000 634000
13 11:11:03 25000 633000
15 11:23:31 16150 633000
14 11:23:31 10 632990
21 11:26:03 13367 634000
20 11:26:03 1818 634000
19 11:26:03 6259 633999
18 11:26:03 10 633999
17 11:26:03 2546 633999
16 11:26:03 1000 633998
23 11:31:45 11633 634000
22 11:31:45 1550 633999
24 11:31:52 950 634000
26 11:57:57 5121 634000
25 11:57:57 19879 633999
27 11:58:01 189 634000
29 12:10:45 603 634000
28 12:10:45 997 634001
30 12:21:08 1715 635000
32 12:29:08 11638 636000
31 12:29:08 600 635999