1 09:15:25 100 638600
2 09:18:14 13054 641900
9 09:18:38 9940 642900
8 09:18:38 50 642900
7 09:18:38 385 642900
6 09:18:38 414 642900
5 09:18:38 200 642000
4 09:18:38 30 641999
3 09:18:38 200 641999
10 09:19:10 500 642900
11 09:21:39 1393 642900
14 09:26:41 100 643000
13 09:26:41 5000 643000
12 09:26:41 200 642950
15 09:27:05 6269 644500
17 09:27:09 3117 645000
16 09:27:09 5000 644999
18 09:27:18 4930 643000
20 09:29:50 7823 640000
19 09:29:50 370 643000
21 09:31:43 5000 645000
23 09:33:13 5000 648000
22 09:33:13 1000 648000
24 09:34:18 25000 647960
25 09:36:20 15944 649900
27 09:41:40 10000 649690
26 09:41:40 1000 649500
28 09:46:18 5000 649990
29 09:50:40 5000 648800
31 09:52:46 10000 649900
30 09:52:46 180 649000
32 09:52:49 20000 649988
34 09:54:30 3001 649998
33 09:54:30 1501 649998
35 09:55:41 10000 649990
38 10:00:35 8940 650000
37 10:00:35 5000 649998
36 10:00:35 451 649997
39 10:08:46 3000 649990
41 10:22:08 2490 650000
40 10:22:08 500 649999
42 10:42:53 3562 650000
43 10:42:58 21000 650000
46 10:43:28 502 647004
45 10:43:28 501 647004
44 10:43:28 997 647005
48 10:43:54 1499 642174
47 10:43:54 501 642174
50 10:43:58 1998 642174
49 10:43:58 2 642174
54 10:44:06 22617 641550
53 10:44:06 1530 641551
52 10:44:06 850 642173
51 10:44:06 3 642174
57 10:44:30 6293 641557
56 10:44:30 1206 641558
55 10:44:30 501 641558
59 10:47:22 293 650000
58 10:47:22 6000 650000
68 10:49:50 10 644307
67 10:49:50 10 644308
66 10:49:50 10 644309
65 10:49:50 250 644310
64 10:49:50 2001 644319
63 10:49:50 1501 644321
62 10:49:50 501 644321
61 10:49:50 997 644322
60 10:49:50 200 644322
70 10:50:29 812 644010
69 10:50:29 501 644010
75 10:51:03 5747 644023
74 10:51:03 250 644300
73 10:51:03 2001 644301
72 10:51:03 1501 644301
71 10:51:03 501 644301
77 10:51:05 2000 644000
76 10:51:05 1053 644023
78 10:51:11 3685 643800
79 10:51:12 6262 643800
81 10:54:47 534 644003
80 10:54:47 200 644198
82 10:55:04 1200 644900
84 10:57:49 4400 645023
83 10:57:49 10600 645025
85 10:58:46 5000 649000
89 10:58:55 11800 649999
88 10:58:55 6800 649986
87 10:58:55 800 649900
86 10:58:55 497 649899
92 11:06:00 11897 649793
91 11:06:00 3000 649790
90 11:06:00 5000 649500
93 11:06:04 13103 649793
95 11:06:08 10773 649795
94 11:06:08 395 649794
96 11:16:50 1434 649795
97 11:21:02 160 649795
98 11:21:14 3406 649795
99 11:47:53 217 648003
102 11:48:42 8220 647000
101 11:48:42 1000 648002
100 11:48:42 780 648003
107 11:58:26 2998 646025
106 11:58:26 10000 646025
105 11:58:26 1501 646026
104 11:58:26 501 646026
103 11:58:26 10000 647000
111 12:01:10 296 646033
110 12:01:10 7702 646037
109 12:01:10 1501 646038
108 12:01:10 501 646038
114 12:02:20 2998 646033
113 12:02:20 1501 646034
112 12:02:20 501 646034
117 12:04:18 997 647001
116 12:04:18 1501 647002
115 12:04:18 501 647002
118 12:04:29 1328 646790
122 12:04:42 997 646003
121 12:04:42 2001 646004
120 12:04:42 1501 646004
119 12:04:42 501 646004
123 12:04:57 673 646003
124 12:06:07 25000 649699
128 12:06:12 5000 649800
127 12:06:12 2262 649800
126 12:06:12 1530 649798
125 12:06:12 5000 649700
130 12:06:17 10000 649992
129 12:06:17 5000 649900
132 12:06:21 10700 649994
131 12:06:21 5000 649993
134 12:06:38 5000 649990
133 12:06:38 5000 649700
136 12:07:07 5000 649990
135 12:07:07 5000 649980
137 12:07:15 5000 649980
138 12:07:20 5000 649980
139 12:12:26 2000 649980
140 12:21:00 5000 649980
141 12:21:16 5000 649980
142 12:21:23 5000 649980
143 12:21:35 5000 649979
145 12:21:38 5000 649979
144 12:21:38 5000 649979
146 12:21:39 5000 649979
147 12:21:40 5000 649979
148 12:21:58 5000 649980
149 12:22:35 10000 649980
150 12:22:50 10000 649980
151 12:23:24 10000 649980
152 12:23:27 10000 649980
153 12:24:38 1057 649980
155 12:26:28 2000 650000
154 12:26:28 18943 649980
156 12:26:47 4057 650000
157 12:27:19 18000 650000
158 12:27:26 873 650000
159 12:27:36 6000 650000
160 12:28:25 127 650000
161 12:28:33 1233 647942
162 12:28:42 640 646325