1 09:09:26 250 636010
2 09:28:17 811 636000
4 09:30:31 212 636000
3 09:30:31 7980 636000
5 09:31:21 1159 636000
6 09:33:09 1155 636000
7 09:35:52 117 636000
8 09:36:16 1084 636000
9 09:38:11 468 636000
10 09:40:03 351 636000
11 09:41:45 234 636000
13 09:43:08 14 636000
12 09:43:08 220 636000
14 09:44:51 281 636000
15 09:46:11 25000 636000
16 09:46:47 15000 636000
17 09:46:50 3854 636999
18 09:47:21 25000 636000
19 09:47:44 25000 636000
20 09:48:07 25000 636000
21 09:48:13 1146 636950
22 09:48:29 25000 636000
23 09:48:53 175 636950
24 09:50:34 234 636950
25 09:51:14 1154 636950
26 10:11:42 30 634000
27 10:11:48 4181 630000
28 10:11:52 4181 630000
33 10:11:58 8 637000
32 10:11:58 10500 636950
31 10:11:58 1146 636948
30 10:11:58 547 636945
29 10:11:58 3654 630000
34 10:12:15 4000 637000
35 10:12:26 100 637000
36 10:12:33 50 637000
41 10:12:38 4501 638830
40 10:12:38 3001 638830
39 10:12:38 1501 638830
38 10:12:38 200 638499
37 10:12:38 5000 638000
43 10:13:06 20000 638990
42 10:13:06 1501 638989
46 10:13:21 1922 639000
45 10:13:21 1501 638998
44 10:13:21 3001 638998
47 10:13:31 1000 639908
48 10:13:36 25000 640000
49 10:13:50 780 640000
50 10:15:54 200 639908
51 10:18:59 1010 639908
52 10:20:17 790 639908
53 10:21:56 3344 637000
54 10:22:42 507 637000
55 10:22:45 361 637000
56 10:44:00 3762 635000
57 10:44:06 418 635000
62 11:26:55 5000 635000
61 11:26:55 5000 635000
60 11:26:55 5000 635000
59 11:26:55 4992 635000
58 11:26:55 8 635010
63 11:57:38 3481 634990