2 10:26:20 841 632250
1 10:26:20 15000 632251
3 10:35:52 25000 632600
4 10:36:16 25000 632600
5 10:36:33 25000 632600
6 10:36:54 5668 632600
7 10:37:17 25000 632600
8 10:37:43 15000 632600
9 10:38:07 18852 632600
10 10:38:29 3131 632600
13 10:41:38 2000 634000
12 10:41:38 616 633950
11 10:41:38 17 633948
14 10:48:12 1000 634000
16 10:59:01 15000 634977
15 10:59:01 10000 634970
18 10:59:05 5000 635000
17 10:59:05 20000 634978
20 10:59:09 5000 635000
19 10:59:09 20000 635000
21 10:59:12 15000 635000
22 11:00:04 10 634969
23 11:09:55 2329 634000
24 11:18:01 867 634950
25 11:25:02 3053 634000
26 11:50:44 6066 635000
27 11:52:30 8095 635000
28 11:54:28 839 635000
29 11:55:34 5985 634000
30 12:18:21 15000 635000
32 12:27:18 859 635000
31 12:27:18 142 635001