2 10:04:59 10 632200
1 10:04:59 1997 632200
3 10:05:12 1441 632200
4 10:27:51 1997 632207
5 10:27:59 6461 632207
6 10:28:14 200 632207
7 10:28:30 10000 632200
8 10:28:55 500 632199
9 10:29:17 2600 632199
10 10:31:25 2100 632200
11 10:31:36 500 632200
12 10:31:58 2800 632200
13 10:32:07 1500 632200
14 10:33:20 98 632200
15 10:33:24 4000 632200
17 10:36:07 1501 631117
16 10:36:07 501 631117
18 10:36:14 2877 631117
19 10:36:17 3165 631117
20 10:36:29 881 631117
21 10:38:19 62 631116
22 10:48:12 10 632990
23 10:58:34 400 632980
24 11:03:54 25000 632300
25 11:04:17 25000 632300
26 11:04:39 1714 632300
27 11:05:05 25000 632300
28 11:05:27 7417 632300
29 11:05:51 25000 632300
30 11:06:13 5000 632300
31 11:06:42 287 632300
32 11:11:33 3300 632300
33 11:18:50 400 632899
34 11:32:56 400 632899
36 11:49:58 21800 632900
35 11:49:58 3200 632899
37 11:54:36 100 632790
40 11:59:13 6092 632000
39 11:59:13 1997 632001
38 11:59:13 50 632002
43 12:00:26 4095 631000
42 12:00:26 1997 631002
41 12:00:26 18908 631003
44 12:00:36 5905 631000
45 12:02:42 9095 631000
46 12:14:18 70 631999
48 12:29:09 500 632000
47 12:29:09 3590 631999