1 09:18:42 300 778013
2 10:07:11 179 780000
3 10:17:26 171 780000
4 10:38:50 350 782999
5 10:59:46 272 778101
9 11:02:51 16128 783000
8 11:02:51 64 782000
7 11:02:51 8508 782000
6 11:02:51 300 780000
11 11:03:02 16128 783000
10 11:03:02 8872 783000
12 11:03:12 8000 783000
13 11:03:33 872 783000
14 11:15:02 1000 783000
15 11:15:16 11814 783000
16 11:15:38 1000 798000
17 11:16:14 1000 784000
18 11:20:50 47 778106
19 11:28:55 8 778102
20 11:53:41 242 778102
21 12:07:42 75 784000
22 12:09:07 762 784000
23 12:19:46 18 784000