1 09:02:52 15 795000
2 09:03:11 300 795000
3 09:04:45 20 795000
6 09:26:18 380 795000
5 09:26:18 300 795001
4 09:26:18 75 795001
7 09:40:16 382 790000
8 09:45:39 7 790000
13 10:14:18 1307 796018
12 10:14:18 23670 796018
11 10:14:18 682 796017
10 10:14:18 635 795000
9 10:14:18 13 790000
15 10:14:47 24977 796018
14 10:14:47 23 796018
16 10:15:28 23 796018
17 10:15:31 625 799000
18 10:16:09 434 799999
20 10:16:49 314 800000
19 10:16:49 20 800000
21 10:16:58 20 800002
22 10:17:35 700 802000
23 10:20:20 375 802000
24 11:04:35 4221 797000
28 12:01:13 4275 788012
27 12:01:13 300 788012
26 12:01:13 1504 788013
25 12:01:13 200 788015
29 12:20:22 20 765000
30 12:28:42 100 765021
31 12:29:58 485 765030