1 09:23:51 3300 790000
2 09:34:42 500 788000
3 09:36:52 110 788000
4 09:38:01 11 788000
5 09:40:39 2654 788000
8 09:43:58 1115 776250
7 09:43:58 500 777010
6 09:43:58 1000 777010
9 09:44:00 1306 776250
10 09:49:53 21700 780000
11 09:52:03 25000 780500
15 09:58:24 1000 781999
14 09:58:24 1034 780800
13 09:58:24 2455 780500
12 09:58:24 1289 780490
16 10:01:48 600 778000
17 10:10:03 502 778501
21 10:28:55 621 789780
20 10:28:55 849 787000
19 10:28:55 600 782990
18 10:28:55 165 781999
22 10:29:32 399 780000
23 10:31:58 399 782994
24 10:41:16 349 780001
25 10:45:18 99 780112
26 11:18:59 25000 780000
27 11:19:05 25000 780000
29 11:26:01 24000 782000
28 11:26:01 1000 782000
31 11:26:07 24000 782000
30 11:26:07 1000 782000
32 11:26:11 1066 778003
33 11:45:20 1000 781000
34 11:53:40 1000 781500
35 11:58:02 1000 781500
36 11:58:35 1000 782000
37 11:58:44 1610 782100
38 11:58:54 1000 782500
39 11:59:11 1000 783000
40 11:59:16 2000 783000
41 12:00:33 994 780000
42 12:02:50 994 783000
43 12:03:46 60 780000
44 12:11:31 60 783000