1 09:35:49 200 760000
2 09:35:50 3564 760000
4 09:51:02 826 761557
3 09:51:02 50 762555
5 10:07:32 30 762000
5 10:07:32 30 762000
6 10:07:56 170 762000
6 10:07:56 170 762000
7 10:07:57 1531 762000
7 10:07:57 1531 762000
9 10:17:36 3145 762000
8 10:17:36 50 762222
10 10:19:41 30 761558
11 10:19:45 56 762500
13 10:22:41 100 765000
12 10:22:41 106 763000
18 10:48:51 5945 768990
17 10:48:51 500 768900
16 10:48:51 1908 768000
15 10:48:51 206 767999
14 10:48:51 3268 766000
19 10:55:05 95 765001
20 11:02:44 362 765001
21 11:38:51 1694 762003
22 11:59:29 285 764002
23 12:26:00 2 764801