1 09:04:02 103 760950
2 09:04:32 351 760950
3 09:16:25 576 762990
4 09:24:41 552 761001
5 09:25:12 50 761001
6 09:28:20 50 761100
7 09:31:23 98 761500
8 09:39:03 576 761681
9 09:39:34 38 761151
10 09:50:53 501 761601
11 09:51:38 643 761601
12 09:58:36 200 761005
13 10:06:08 1500 761005
14 10:14:03 318 761021
15 10:25:20 304 761052
16 10:40:41 50 761353
17 11:20:41 95 761391
18 11:30:01 50 761392
19 11:50:19 3264 761391
20 12:08:51 6400 760951
22 12:24:38 2370 760950
21 12:24:38 130 760950
23 12:25:46 745 760950
24 12:26:48 1653 760950