1 09:05:45 386 789000
2 09:14:45 448 789000
3 09:15:49 987 789000
7 09:36:15 397 791000
6 09:36:15 35 791000
5 09:36:15 1100 790300
4 09:36:15 350 789999
8 09:38:14 61 789106
9 09:40:06 267 789202
10 09:41:13 115 789211
11 09:47:03 172 789502
12 09:47:10 500 789502
13 09:47:20 500 789502
14 09:47:34 500 789502
15 09:47:50 500 789502
16 09:47:57 500 789502
17 09:48:10 500 789502
19 10:09:14 1270 789752
18 10:09:14 19 789999
20 10:40:30 1990 789800
21 11:21:35 2407 789850
22 11:48:07 2500 789900
23 11:48:26 1069 789900
24 11:50:50 200 789900
25 11:54:10 423 789900
27 12:02:37 444 789851
26 12:02:37 308 789900