1 09:19:15 250 774502
2 09:34:34 346 775500
5 09:54:48 150 777000
4 09:54:48 41 777000
3 09:54:48 900 776999
7 10:04:57 50 778000
6 10:04:57 196 778000
8 10:05:28 5000 780130
9 10:05:50 947 781000
10 10:06:16 5246 783000
11 10:11:36 180 776002
12 10:25:31 12 777778
13 10:36:37 2394 777778
14 10:59:27 30 778002
15 11:39:15 1820 778002
16 11:51:41 185 780050
17 11:55:13 1000 781500
18 12:01:44 12 781990
20 12:01:52 1000 782000
19 12:01:52 1574 782000
21 12:02:05 1185 783000
22 12:09:44 1000 780000
23 12:10:11 1000 783000
24 12:14:04 1000 780000
25 12:14:28 1000 783000
26 12:19:06 1000 781000
27 12:19:22 1000 783000