1 09:05:38 7 770000
2 09:35:25 464 765000
3 09:35:50 336 765000
4 09:58:31 1589 761302
8 10:21:38 2346 764969
7 10:21:38 20811 764969
6 10:21:38 200 764960
5 10:21:38 1643 764959
9 10:21:41 6891 764969
10 10:23:51 263 765000
11 10:24:05 263 768999
12 10:24:26 800 769000
14 10:24:32 13 769999
13 10:24:32 487 769990
16 10:24:45 2063 770000
15 10:24:45 27 769999
17 10:25:39 3390 770000
18 10:37:16 185 769000
19 10:38:34 158 769000
20 10:41:29 325 769000
21 10:53:31 2610 764001
22 11:12:45 390 764001
23 11:14:25 160 764001
24 11:15:29 40 766000
25 11:15:41 40 768999
26 11:48:09 188 764001
27 11:52:49 208 764002
28 11:53:01 666 764002
29 12:02:12 35 764002
30 12:08:58 107 764002
31 12:12:01 529 768000
32 12:12:08 719 769000
33 12:12:17 7 770000
34 12:12:28 529 770000
35 12:13:46 30 764002
38 12:19:30 1400 761000
37 12:19:30 10 761303
36 12:19:30 40 761400