1 09:16:08 274 783880
2 09:16:25 800 783880
3 09:39:21 500 783880
5 10:04:01 2500 783800
4 10:04:01 2426 783880
6 10:04:12 500 783103
7 10:04:42 500 783103
8 10:09:07 155 783105
9 10:37:41 3845 783601
10 10:38:22 1155 783601
11 10:40:40 768 783600
12 10:44:42 55 783600
13 10:46:16 1022 783600
14 11:07:59 2424 783700
15 11:16:15 720 783720
16 11:20:28 96 783730
17 11:44:31 2000 783800
18 11:46:26 2146 783800
20 11:48:26 1258 783783
19 11:48:26 354 783800
21 12:05:53 462 783783
27 12:19:02 5476 783760
26 12:19:02 9904 783780
25 12:19:02 1500 783780
24 12:19:02 2000 783783
23 12:19:02 1500 783783
22 12:19:02 780 783783
28 12:23:21 650 783763