1 09:25:04 4000 791000
2 09:25:12 4000 790000
3 09:25:21 2000 789000
4 09:25:29 66 789001
5 09:39:13 55 790010
6 09:40:08 24945 790010
7 09:40:20 55 790010
8 09:56:56 15000 792966
9 10:00:27 851 790200
10 10:03:15 864 790250
11 10:57:27 99 791021
15 11:05:44 2074 793000
14 11:05:44 341 792987
13 11:05:44 752 792900
12 11:05:44 55 792500
16 11:14:14 300 793000
17 11:27:43 2032 792001
18 11:59:06 150 792050
19 11:59:09 263 792100
20 12:04:11 41 792120
22 12:04:15 1206 792011
21 12:04:15 9 792015
23 12:06:41 100 792350
24 12:06:47 100 792400
25 12:07:16 300 792500
26 12:07:27 300 793000
27 12:07:30 150 793500