1 09:19:58 422 772325
2 09:20:35 452 772325
3 09:31:08 450 772325
4 09:49:24 269 772353
5 10:05:48 42 772361
6 10:07:31 464 772361
7 10:18:47 1000 774000
8 10:46:45 1645 774001
11 10:48:57 5623 774000
10 10:48:57 2000 774001
9 10:48:57 355 774001
12 11:14:47 20 774001
16 11:29:24 1158 774500
15 11:29:24 1000 774500
14 11:29:24 1000 774250
13 11:29:24 200 774240
18 11:29:50 1000 775500
17 11:29:50 1000 775000
21 12:17:45 1473 774003
20 12:17:45 10 774010
19 12:17:45 1000 774011
22 12:23:05 80 774005