1 09:19:45 746 761800
5 09:37:27 1132 760002
4 09:37:27 1000 760100
3 09:37:27 10 760100
2 09:37:27 500 760555
8 09:45:20 928 760010
7 09:45:20 10 760100
6 09:45:20 62 760509
11 10:10:31 783 760010
10 10:10:31 10 760100
9 10:10:31 7 760400
12 10:14:40 2511 762000
13 10:15:50 267 762000
14 10:15:55 14667 762000
20 10:17:23 6517 769000
19 10:17:23 30 768990
18 10:17:23 40 768990
17 10:17:23 668 768989
16 10:17:23 1000 766999
15 10:17:23 500 766000
21 10:17:28 100 770000
22 10:27:47 30 764501
23 10:31:02 1711 764501
24 10:32:30 485 765000
25 10:32:44 485 771000
26 10:49:21 587 764501
27 10:54:26 3250 771000
28 10:54:51 100 771000
29 10:56:19 887 771000
30 11:21:30 300 771000
31 11:43:56 50 769000
32 11:44:13 50 770999
33 12:02:12 3672 764511
34 12:16:48 1290 764511
35 12:18:36 2000 764511
36 12:21:39 412 764511
37 12:26:06 62 764513
38 12:27:59 2507 764514