1 09:00:05 1000 767451
2 09:04:04 12 767451
3 09:13:00 327 767451
4 09:13:25 44 767451
5 09:57:48 174 768001
11 10:25:21 2500 771250
10 10:25:21 2218 770000
9 10:25:21 1058 769999
8 10:25:21 43 769999
7 10:25:21 145 769999
6 10:25:21 500 769999
12 10:26:56 532 771250
13 10:27:01 2500 771350
14 10:27:07 1500 771450
15 10:27:16 1000 771450
19 10:27:26 15 771500
18 10:27:26 2500 771500
17 10:27:26 20 771500
16 10:27:26 200 771500
20 10:34:52 296 771500
21 10:39:12 132 771500
22 10:39:39 200 771500
23 10:40:00 50 771500
24 10:41:11 134 771500
25 10:46:34 2500 771750
26 11:12:03 200 771550
27 11:12:48 5150 771500
28 11:13:16 2300 771500
29 11:34:23 2500 771500
30 11:38:39 78 771500
31 11:38:47 150 771500
32 11:54:18 807 771500
33 12:03:15 40 771500
34 12:25:10 4650 771500
35 12:29:42 90 771500