1 09:11:10 300 760558
2 09:15:31 650 761111
3 09:15:32 8599 761111
5 09:23:13 740 760558
4 09:23:13 40 760588
6 09:27:49 868 763000
7 09:34:23 15 765000
8 09:42:30 611 762000
10 10:02:52 2394 762000
9 10:02:52 189 762000
11 11:12:02 2 763000
12 11:31:34 38 763000
13 11:31:35 428 763000
14 12:01:28 3061 763000
16 12:15:28 894 762010
15 12:15:28 10 762100
18 12:19:56 10 762100
17 12:19:56 10 762100
19 12:23:17 10 762100
20 12:23:18 113 762100
21 12:28:48 800 762010
22 12:29:01 1913 762010
23 12:29:42 650 762010