1 09:05:43 2618 764500
2 09:25:39 12 776000
3 09:52:40 7 774999
4 09:53:19 7 772000
5 09:53:34 827 772000
6 09:54:10 1180 772000
8 10:19:53 302 772000
7 10:19:53 13 772040
9 11:16:03 1475 764201
10 11:18:46 5350 770000
11 11:19:01 2010 770000
12 11:19:16 500 770500
13 11:19:41 9500 770500
14 11:19:50 10 770999
15 11:20:02 490 770999
16 11:20:12 1500 771000
17 11:20:25 5360 771999
18 11:20:36 2510 771999
19 11:55:07 1000 770000
20 11:55:20 1000 771998
21 11:58:05 400 764778
22 12:08:41 297 767781