1 09:11:52 550 781210
2 09:19:58 1154 781210
3 09:20:52 1534 781210
4 09:24:00 280 781210
5 09:24:52 576 781210
7 09:40:25 373 780200
6 09:40:25 906 781210
9 09:51:30 872 780500
8 09:51:30 128 781000
10 09:57:03 641 781048
11 09:58:23 300 781050
12 09:59:20 14 781050
13 10:03:34 1771 781051
14 10:06:19 800 781060
15 10:16:27 2020 781200
16 10:20:40 43 781200
18 10:28:33 25 781200
17 10:28:33 2457 781200
19 10:30:04 3300 781200
20 10:33:05 660 781200
21 10:37:59 1035 781200
23 10:53:31 4795 781200
22 10:53:31 965 781200
24 11:01:23 1736 781201
27 11:02:21 16 781200
26 11:02:21 2000 781201
25 11:02:21 264 781201
30 11:28:39 1180 781200
29 11:28:39 10 781201
28 11:28:39 2500 781201
36 11:41:55 2384 785000
35 11:41:55 10000 784988
34 11:41:55 10 784987
33 11:41:55 660 784987
32 11:41:55 3300 784987
31 11:41:55 2020 784987
37 11:51:21 902 781203
38 12:08:35 200 781209
39 12:10:57 100 781209