1 09:00:23 900 760631
2 09:04:25 237 760635
3 09:04:39 100 760635
4 09:07:41 100 760800
5 09:17:54 100 761000
6 09:25:13 300 761500
10 09:35:04 10 760801
9 09:35:04 500 760801
8 09:35:04 464 760801
7 09:35:04 1263 760801
11 09:35:12 6743 760630
12 10:01:54 250 760630
13 10:02:28 188 760630
14 10:16:47 50 760630
15 10:16:54 1210 760630
16 10:18:29 100 760630
17 10:19:41 1000 760630
18 10:22:08 611 760630
19 10:25:47 437 760630
22 10:31:28 16 761000
21 10:31:28 149 761000
20 10:31:28 158 761000
23 11:29:46 6054 760630
24 11:30:50 240 760630
25 11:33:55 1152 760630
26 11:35:28 1000 760630
30 11:48:30 1000 761000
29 11:48:30 100 761000
28 11:48:30 100 761000
27 11:48:30 2064 760999
31 11:58:03 3285 760630
32 12:14:33 400 760630
33 12:15:39 523 760630
34 12:29:08 2431 760630
35 12:29:15 500 760630