2 10:07:07 500 780000
1 10:07:07 131 780001
3 10:08:43 1338 780000
4 10:08:58 65 780000
5 10:28:47 8 780001
6 10:43:45 800 780001
7 10:48:06 500 780012
8 10:48:25 925 780013
11 10:51:00 400 785000
10 10:51:00 1500 784999
9 10:51:00 1300 784980
12 10:52:17 767 785000
13 10:54:03 925 785000
14 10:54:09 3200 785000
15 11:17:22 2769 782501
16 11:29:16 420 780011
18 11:50:54 90 780729
17 11:50:54 7 780729
19 11:53:58 97 784999
20 12:09:09 1300 780014
21 12:11:47 883 780014
22 12:17:59 406 780014
23 12:20:32 500 780014
24 12:23:47 300 780014