2 09:06:59 45 798000
1 09:06:59 15 798000
3 09:27:45 40 798501
4 09:44:48 87 799011
5 10:05:07 11977 801000
6 10:08:39 300 800000
7 10:15:24 37 802490
10 10:21:30 578 804000
9 10:21:30 900 802500
8 10:21:30 522 802490
11 10:47:01 50 799028
12 11:01:09 1157 799032
13 11:05:13 40 799033
15 11:25:41 949 799041
14 11:25:41 160 799041
17 11:27:40 434 799041
16 11:27:40 191 799042
18 11:40:28 1000 801000
19 11:41:39 1000 801000
20 11:41:57 1 799056
21 11:45:50 1 800001
22 11:48:00 1289 800001
23 11:49:33 1205 800001
25 11:51:48 7213 800000
24 11:51:48 1223 800001
26 11:52:29 112 800000
27 12:11:10 20 800003
28 12:13:00 1108 800003
29 12:13:01 530 800003