1 09:06:22 257 761302
2 09:11:54 52 761302
3 09:15:17 500 761302
4 09:25:34 98 761302
5 09:27:46 1200 761302
6 09:41:36 30 761302
7 09:49:05 182 761302
8 09:53:59 102 761302
9 10:03:47 2173 761302
10 10:07:25 726 761302
11 10:08:03 232 761302
12 10:28:36 520 761302
13 11:00:31 1561 761302
14 11:04:51 7 761302
15 11:08:12 2149 761302
16 11:12:17 392 761302
17 11:21:09 1000 761203
19 11:26:10 669 761203
18 11:26:10 331 761203
20 11:33:37 3548 761203
21 11:33:38 452 761203
22 11:42:16 66 761000
23 11:59:46 28 761001
25 12:09:12 601 761000
24 12:09:12 972 761001