1 09:03:19 407 786000
2 09:03:30 2274 786000
3 09:17:09 567 786003
4 09:19:55 3713 786002
5 09:30:52 750 786009
6 09:33:59 38 786009
7 09:34:19 1700 786009
8 09:38:50 22512 786009
9 09:39:01 2488 786009
10 09:39:16 14805 786009
12 09:48:31 1263 786013
11 09:48:31 7707 786014
13 10:23:20 12000 787004
14 10:23:51 25000 787003
15 10:25:45 21602 787001
16 10:27:13 3398 787001
17 10:36:01 420 786202
18 10:39:00 20 786202
19 11:41:35 7 787002
20 11:46:47 100 787002
21 11:47:28 11893 787002
22 11:48:41 100 787001
24 11:49:08 100 787001
23 11:49:08 24460 787001
27 11:57:03 1544 787002
26 11:57:03 19 787010
25 11:57:03 7 787010
28 11:59:21 19 787002
32 12:17:31 42 787002
33 12:18:36 27 787002