1 09:29:44 1608 785411
2 09:32:25 621 785488
3 10:14:29 2319 786287
4 10:29:47 8 786526
5 10:34:41 648 786702
7 11:00:15 4561 787000
6 11:00:15 5344 787001
8 11:20:40 80 786108
9 11:22:02 2539 787000
10 11:22:43 5 786269
11 11:26:59 69 786464
12 11:53:18 384 787001
14 11:56:34 19384 787000
13 11:56:34 5616 787001
19 11:56:35 5000 786000
18 11:56:35 2000 786003
17 11:56:35 901 786004
16 11:56:35 24099 786004
15 11:56:35 901 787000
20 11:57:12 5000 786000
21 11:57:46 759 786000
22 12:03:48 1308 787001
23 12:11:06 529 786008