1 09:00:42 200 760004
3 09:10:55 55 760003
2 09:10:55 300 761111
4 09:51:52 10 765000
6 10:14:28 10 761011
5 10:14:28 15 761020
7 10:25:08 190 764000
8 10:25:37 10 764000
9 10:49:04 1800 764000
10 10:49:41 300 764000
14 11:00:15 2594 765000
13 11:00:15 53 765000
12 11:00:15 10 764999
11 11:00:15 10 764999
15 11:00:27 3913 765000
16 11:00:32 10 765500
17 11:00:51 3923 769991
18 11:00:56 2667 769991
19 11:00:58 10 769991
20 11:01:19 10 769991
21 11:47:17 274 762557
22 11:48:44 1500 767000
23 11:49:06 535 769900
24 11:49:44 1500 770000
25 11:55:29 251 765000
26 11:55:55 251 770000
27 12:20:13 1021 762558
28 12:25:30 396 762558
29 12:26:09 305 762558
30 12:28:25 821 762564