1 09:00:04 22 860010
2 09:16:59 100 860300
3 09:22:57 1000 864000
4 09:29:13 1109 854195
5 09:36:01 362 860400
6 09:42:10 58 860710
7 09:42:17 255 860701
8 09:45:17 64 861000
12 09:51:13 11840 860000
11 09:51:13 3100 860018
10 09:51:13 980 860020
9 09:51:13 180 860500
14 10:00:54 218 860010
13 10:00:54 7 860011
17 10:03:14 622 860010
16 10:03:14 382 860010
15 10:03:14 174 861000
18 10:09:14 15 864000
22 10:23:00 198 860010
21 10:23:00 10 860011
20 10:23:00 200 860011
19 10:23:00 21 860011
25 10:29:34 10 860010
24 10:29:34 622 860010
23 10:29:34 80 860010
26 10:30:55 23 860010
27 10:31:14 200 860010
28 10:32:27 65 860010
29 10:41:13 8 863000
30 11:08:33 142 860051
31 11:27:27 1362 860051
32 11:30:08 10 862000
33 11:31:07 87 863470
34 11:32:46 113 863470
36 11:35:10 6 856100
35 11:35:10 10 856100
37 11:36:29 160 856100
38 11:51:17 6 857002
39 11:51:27 6 857002
40 11:51:44 12 857002
41 12:01:58 100 857009
42 12:02:26 10 856100
43 12:02:47 97 856100
46 12:16:44 349 852515
45 12:16:44 10 854500
44 12:16:44 534 854500
47 12:17:12 2 852515
48 12:19:33 50 853000
50 12:26:03 7 853000
49 12:26:03 214 853000
51 12:26:04 279 853000
52 12:26:08 374 853000
53 12:29:27 351 855000