1 09:00:49 118 859002
3 09:03:01 1911 859002
2 09:03:01 34 862000
4 09:08:22 296 862000
5 09:13:56 461 861501
6 09:25:05 360 863969
7 09:49:37 120 863000
8 10:13:45 1 863801
9 10:38:01 76 863801
10 11:27:00 407 860512
11 11:41:50 20 861003
12 11:45:26 530 862001
13 11:56:59 45 863801
14 11:58:34 29 863801
15 11:59:34 3452 863800
16 12:03:08 83 863800
17 12:05:26 97 863800
18 12:07:43 20 863800
19 12:09:12 115 863800
20 12:22:49 1033 863999
21 12:22:59 17 862500
22 12:28:23 48 862301
23 12:28:24 51 862301
24 12:29:07 262 862311