1 09:00:04 246 855500
2 09:25:03 30 857000
3 09:27:03 49 858990
4 09:37:29 10 857000
6 09:38:16 175 857000
5 09:38:16 27 857000
7 09:38:39 9 858990
9 09:39:11 7 857000
8 09:39:11 2 857000
10 09:48:41 20 857200
11 09:49:00 229 857200
12 10:01:10 243 857152
13 10:09:31 1000 857152
14 10:09:55 1000 857152
15 10:54:01 450 857153
16 11:03:13 23 858500
17 11:07:50 10 858500
18 11:08:16 203 858500
19 11:08:48 58 857171
20 11:11:17 470 858500
22 11:21:32 236 858500
21 11:21:32 419 858500
23 11:28:35 352 858000
24 11:29:18 836 858000
25 11:31:53 463 858000
26 11:33:20 1000 858500
27 11:45:03 217 858000
28 11:47:18 562 858000
29 12:01:54 200 858500
30 12:10:09 302 858500
31 12:12:05 10 858500
35 12:16:11 137 858990
34 12:16:11 175 858980
33 12:16:11 578 858900
32 12:16:11 500 858899
36 12:16:32 16 858990
39 12:19:04 169 860000
38 12:19:04 1500 859990
37 12:19:04 726 858990
40 12:29:36 1000 858500