1 09:00:04 60 865888
2 09:12:31 350 862000
3 09:17:23 177 862000
4 09:18:41 41 862000
5 09:24:13 129 860001
6 09:25:17 172 862648
7 09:35:07 894 860000
8 09:36:31 172 865900
9 10:15:49 501 858574
15 10:38:18 107 865000
14 10:38:18 10 865000
13 10:38:18 231 865000
12 10:38:18 170 865000
11 10:38:18 1106 864989
10 10:38:18 501 864989
17 10:47:09 2009 865000
16 10:47:09 116 865000
18 11:09:43 1399 865000
19 11:12:48 146 865000
20 11:23:48 113 865000
21 11:28:15 112 865000
22 11:28:58 403 865000
23 11:36:08 350 865000
24 11:44:44 100 865000
25 11:48:31 1507 865000
26 11:50:35 820 865000
27 12:07:40 483 865000
29 12:15:17 617 865000
28 12:15:17 10 865010
30 12:20:42 60 865020
32 12:21:03 872 865000
31 12:21:03 10 865010
33 12:23:49 10 865500
34 12:25:26 989 865888
35 12:28:24 496 865999
36 12:29:55 138 865300