1 09:34:03 2407 870000
2 09:40:04 297 870000
3 09:54:01 401 871000
4 10:01:59 625 869223
5 10:02:01 270 869223
6 10:06:14 1423 870500
8 10:07:50 572 869222
7 10:07:50 658 869223
9 10:33:22 255 870030
10 10:40:18 484 870058
11 10:40:21 1253 870058
13 11:00:01 578 870140
12 11:00:01 834 870140
14 11:05:55 159 870163
15 11:10:08 13 870184
16 11:26:35 59 870256
17 11:44:52 48 870304
18 11:46:00 428 870305
20 11:48:03 1010 870312
19 11:48:03 532 870312
21 12:02:10 107 870242
22 12:02:55 210 870300
23 12:06:16 189 870300
24 12:09:32 1999 871222
26 12:10:00 76 871500
25 12:10:00 50 871300
28 12:28:25 592 870242
27 12:28:25 558 870242