2 09:03:13 226 861001
1 09:03:13 300 863000
3 09:05:11 496 862000
4 09:07:36 340 861500
5 09:11:05 138 862000
6 09:11:42 300 862000
7 09:14:33 428 862001
8 09:15:51 17 862001
9 09:26:55 90 862500
10 09:28:52 21 862500
11 09:31:38 389 862500
12 09:31:47 350 862500
13 09:48:50 220 862550
14 10:11:55 180 863000
15 10:21:05 14 863000
17 10:21:22 2045 864000
16 10:21:22 800 863999
18 10:23:00 10 862500
19 10:23:22 452 862500
20 10:24:29 1355 864000
22 10:41:20 889 859005
21 10:41:20 10 859010
23 11:02:05 10 862000
24 11:05:05 150 860000
25 11:07:01 454 860400
26 11:08:03 148 862000
28 11:15:57 1410 864999
27 11:15:57 20 864999
29 11:16:23 147 863400
30 11:19:04 622 863400
31 11:21:36 25000 864900
32 11:22:10 25000 864900
33 11:22:42 25000 864900
34 11:23:06 3975 864900
35 11:48:05 600 860000
36 12:00:51 70 861000
37 12:02:40 7618 861000
38 12:04:56 105 861000
45 12:13:02 827 866000
44 12:13:02 500 866000
43 12:13:02 3000 865990
42 12:13:02 50 865976
41 12:13:02 180 865976
40 12:13:02 1000 865975
39 12:13:02 20 865900
46 12:23:06 1325 865989