2 09:00:04 6 860002
1 09:00:04 450 860002
3 09:08:26 84 861000
4 09:37:09 24 861010
7 09:46:39 25 863000
6 09:46:39 188 862800
5 09:46:39 50 862700
7 09:46:39 25 863000
6 09:46:39 188 862800
5 09:46:39 50 862700
8 09:50:20 2000 864500
10 09:54:21 900 864900
9 09:54:21 100 864800
11 10:03:03 543 862111
12 10:32:41 604 863000
13 10:33:17 450 863000
14 10:37:28 433 861111
16 10:39:36 697 862684
15 10:39:36 700 862684
17 10:40:09 4746 861111
18 10:54:02 596 862001
19 10:56:09 8 862684
20 10:56:50 300 862001
21 10:57:19 1196 862684
22 11:01:00 6 863000
23 11:02:22 20 863000
24 11:03:53 133 863000
25 11:08:55 6 863995
28 11:24:27 969 863000
27 11:24:27 310 863000
26 11:24:27 40 863100
29 11:25:24 2245 863995
31 11:29:48 10 864000
30 11:29:48 10 863999
33 11:37:21 297 864000
32 11:37:21 50 863999
34 11:38:17 20 863010
36 11:45:33 1420 863000
35 11:45:33 20 863010
37 11:58:28 1042 863799
39 12:15:38 1486 863000
38 12:15:38 10 863010
40 12:22:30 40 861011