1 09:20:47 83 860000
2 09:28:24 343 860000
3 09:37:10 24729 860100
4 09:41:46 294 863000
5 09:42:13 7 863000
6 09:49:47 130 860158
7 09:50:18 1080 861500
8 09:50:41 3920 861500
9 09:54:32 574 861500
10 10:03:49 600 861500
11 10:06:31 3826 861500
13 10:15:42 5000 861500
12 10:15:42 516 861500
15 10:16:43 253 860500
14 10:16:43 8 860555
16 10:18:41 5000 861500
18 10:30:37 5000 861500
17 10:30:37 120 861500
19 10:35:03 10 860000
20 10:37:07 174 860000
21 10:37:31 13 860000
22 10:42:51 5000 861500
23 11:00:26 250 860010
24 11:03:48 489 860200
25 11:09:57 133 860200
26 11:12:36 233 860200
28 11:14:13 128 860200
27 11:14:13 10 861000
29 11:16:45 521 860200
31 11:17:00 5000 861500
30 11:17:00 187 861500
32 11:17:24 1434 860200
33 11:18:48 1326 860200
34 11:19:34 3938 860200
35 11:22:02 73 860200
36 11:30:33 5000 861500
37 11:36:30 225 860250
38 11:40:43 60 860251
39 11:41:31 719 860250
41 11:42:03 60 861500
40 11:42:03 5000 861500
42 11:45:08 170 860250
43 12:08:09 448 860250
44 12:19:33 750 861010
45 12:24:23 50 861010
48 12:27:27 460 863500
47 12:27:27 500 863500
46 12:27:27 100 863500