1 09:18:38 104 850030
2 09:26:39 220 855000
3 09:28:57 259 855000
4 09:32:37 200 852000
5 09:32:59 24 850500
6 09:39:22 4940 850500
7 09:40:01 198 850500
8 09:40:03 60 850500
10 09:41:58 19 850500
9 09:41:58 500 850622
11 09:47:55 741 850500
12 09:53:05 1000 850500
13 09:53:41 510 850500
14 09:58:29 1000 850500
18 10:17:48 250 855000
17 10:17:48 553 855000
16 10:17:48 900 854990
15 10:17:48 500 854990
19 10:32:47 200 855000
20 10:37:35 242 855000
21 10:38:57 11332 855000
22 10:39:15 960 855000
23 10:48:24 1600 855000
24 10:49:21 92 855000
25 10:52:34 1000 855000
26 10:52:42 951 855000
27 10:56:05 1032 855000
28 11:08:16 367 855000
29 11:08:26 843 855000
30 11:09:34 700 855000
31 11:22:54 208 855000
32 11:26:55 233 855100
33 11:31:28 1048 855000
34 11:33:33 500 855000
35 11:41:18 256 855000
36 11:42:10 318 855000
37 11:43:13 1039 855000
41 11:55:49 3500 855992
40 11:55:49 50 855990
39 11:55:49 1000 855990
38 11:55:49 662 855100
43 11:58:16 40 855000
42 11:58:16 10 855000
44 12:00:12 100 855000
45 12:02:18 45 854501
46 12:21:03 88 854511
47 12:23:48 58 854511