1 09:18:06 180 860101
2 09:19:13 451 860101
3 09:19:32 888 860100
3 09:19:32 888 860100
4 09:34:08 60 863000
5 09:34:09 1 863000
7 09:34:33 84 864000
6 09:34:33 250 864000
8 09:35:26 668 864000
11 09:38:06 1553 864895
10 09:38:06 1204 864894
9 09:38:06 180 864893
12 10:05:02 669 862001
13 10:09:49 3200 862001
14 10:21:17 745 862001
15 10:26:46 1 864000
17 10:27:11 141 864000
16 10:27:11 9 864000
18 10:28:52 1000 864000
20 10:34:25 6 864700
19 10:34:25 2 864700
22 10:37:00 745 864700
21 10:37:00 2 864700
23 10:38:18 11 864500
24 10:53:30 622 862001
25 11:11:51 10 862001
26 11:15:38 64 862800
27 11:21:00 450 862011
28 11:34:30 1062 862011
29 11:35:25 1288 862011
31 11:43:32 4970 864000
30 11:43:32 30 864000
32 11:49:56 578 862011
33 11:53:50 9 862011
35 12:18:10 96 864000
34 12:18:10 64 863999
36 12:19:39 1785 863888
37 12:24:30 400 862021