1 10:16:51 500 877777
2 10:31:03 200 865702
4 10:37:45 27 865700
3 10:37:45 6 865700
6 10:39:13 448 865700
5 10:39:13 5 865700
7 10:39:53 552 865700
8 10:53:13 216 864000
9 10:58:40 200 874992
10 10:58:51 450 874992
11 10:59:14 490 875000
13 10:59:52 1370 878000
12 10:59:52 230 878000
14 11:02:35 2000 878000
15 11:06:54 1990 876000
16 11:12:59 552 875005
17 11:23:03 8 875005
20 11:25:16 2419 875004
19 11:25:16 6 875004
18 11:25:16 291 875005
21 11:36:10 498 864034
23 11:36:26 425 864033
22 11:36:26 2 864034
24 11:43:06 1355 870000
25 11:44:31 1045 870000
26 12:12:02 24 864033
28 12:18:53 1807 864001
27 12:18:53 335 864033
29 12:18:56 200 864001
30 12:19:26 797 864001
31 12:26:30 258 864001
32 12:27:04 100 864001