1 09:23:10 1000 860203
2 09:29:10 8 862000
3 09:34:54 28 862000
4 09:46:29 174 862990
5 09:49:16 1051 863800
6 09:53:39 5 862005
10 10:00:56 3500 866990
9 10:00:56 200 866500
8 10:00:56 8 866000
7 10:00:56 100 864000
11 10:01:00 100 862800
12 10:07:58 85 862800
14 10:08:00 518 864426
13 10:08:00 2603 864426
15 10:15:42 28 862801
16 10:25:20 196 862821
17 10:40:36 2000 866811
18 10:41:37 385 866811
19 11:03:46 57 866820
20 11:07:27 34 866811
22 11:15:56 17 866811
21 11:15:56 581 866811
23 11:22:31 80 862802
24 11:27:05 35 862802
25 11:34:32 54 862802
26 11:44:01 334 865249
27 11:51:50 891 866001
28 11:57:16 100 866001
29 12:04:20 193 865249
30 12:06:55 8 866000
31 12:07:54 1000 866000
32 12:14:22 102 865249
33 12:17:03 50 865249
34 12:22:23 300 865249