1 09:00:05 243 853786
2 09:00:14 50 855000
3 09:12:49 50 853761
4 09:17:27 6 860000
5 09:19:15 99 853762
6 09:28:17 470 853762
7 09:28:28 331 853762
12 09:55:03 3021 853760
11 09:55:03 1778 853761
10 09:55:03 2571 853763
9 09:55:03 10 853777
8 09:55:03 1000 853777
14 10:22:00 10 853800
13 10:22:00 53 853800
15 10:25:20 10 853760
16 10:25:25 442 854900
17 10:28:26 1969 853760
19 10:30:04 4000 852500
18 10:30:04 1000 854000
20 10:54:23 950 853100
22 10:56:12 846 853100
21 10:56:12 8 853500
23 10:56:29 75 853777
24 10:58:00 535 853100
25 11:09:32 292 853100
26 11:18:08 1 853510
27 11:26:22 343 853100
28 11:30:09 22 853100
30 11:31:27 392 853100
29 11:31:27 12 853100
31 11:36:17 77 855000
32 11:36:35 500 855000
33 11:36:39 7267 853449
35 11:42:10 1508 853200
34 11:42:10 500 853201
38 11:55:16 26 856900
37 11:55:16 15 856800
36 11:55:16 293 855700
39 11:56:30 15 856990
40 11:56:56 1666 856990
41 11:57:12 203 854001
42 11:59:46 63 856000
43 11:59:47 120 854002
44 12:01:10 78 856000
45 12:07:32 1160 854061
46 12:08:16 1 854061
47 12:08:43 499 856000
48 12:09:35 550 856990
49 12:10:13 2005 856000
50 12:11:02 32 856989
51 12:11:59 138 856000
52 12:18:14 7 856000
53 12:19:01 1030 856000