2 09:00:05 215 844595
1 09:00:05 272 844595
3 09:03:25 399 844595
4 09:11:31 148 844595
6 09:20:08 205 844595
5 09:20:08 13 844600
7 09:20:46 934 844595
8 09:23:25 1536 844595
9 09:26:31 692 844595
10 09:30:44 491 844595
11 09:38:21 685 844595
12 09:43:02 367 844595
13 09:43:24 2000 844595
14 09:51:13 88 844600
15 09:53:02 1425 844595
17 09:54:25 68 844595
16 09:54:25 232 844595
18 10:02:43 272 844595
19 10:03:15 975 844595
20 10:03:49 3000 844595
21 10:07:48 353 844595
22 10:08:40 224 844595
23 10:14:17 27 844600
24 10:14:32 471 844595
25 10:23:50 1553 844595
26 10:28:18 283 844595
27 10:35:40 144 844595
28 10:39:29 74 844595
29 10:41:13 2875 844595
30 10:41:35 451 844595
31 10:41:43 30 844595
32 10:45:50 1382 844595
33 10:49:52 1443 844595
34 10:51:39 87 844600
35 10:54:48 436 844595
36 10:58:29 1323 844595
37 11:00:17 2524 844595
38 11:10:47 50 844595
39 11:16:45 4322 844595
40 11:17:00 512 844595
42 11:18:38 1098 844496
41 11:18:38 100 844500
43 11:25:30 552 844496
44 11:25:36 584 844590
47 11:25:41 3477 844495
46 11:25:41 18750 844495
45 11:25:41 584 844496
48 11:28:33 17000 844595
49 11:29:34 570 844495
50 11:29:35 407 844495
51 11:30:15 1913 844495
52 11:33:45 260 844561
53 11:43:15 281 844561
54 11:46:38 24 844598
55 11:49:25 1976 844590
56 11:55:51 516 844000
57 11:56:08 216 844000
58 11:56:18 289 844000
59 11:57:16 213 844000
60 11:58:27 53 844000
61 12:02:45 12823 844000
62 12:09:00 1350 844595
68 12:10:20 3000 847999
67 12:10:20 64 847998
66 12:10:20 602 847990
65 12:10:20 351 845000
64 12:10:20 345 844600
63 12:10:20 1447 844600
72 12:10:25 1249 850000
71 12:10:25 865 850000
70 12:10:25 1000 849980
69 12:10:25 119 848880
73 12:10:30 122 844595
74 12:11:04 15528 844595
75 12:14:10 249 844595
76 12:15:02 16751 844595
77 12:17:38 1000 844595
79 12:19:04 9242 844595
78 12:19:04 758 844596
80 12:19:33 1000 844595
81 12:26:32 8500 844595