1 09:22:57 228 844401
2 09:23:31 132 844401
3 09:23:33 200 844401
4 09:23:40 658 844401
5 09:25:52 956 844402
6 09:28:05 48 844401
7 09:30:37 80 844401
9 09:34:35 545 844405
8 09:34:35 11 844410
10 09:39:06 729 845000
11 09:44:47 13 845000
12 09:51:42 450 844511
13 09:56:18 100 844511
14 09:56:41 241 844511
15 09:58:24 1000 844524
16 10:01:44 300 844518
18 10:04:18 4269 844555
17 10:04:18 74 844555
19 10:04:49 50 844555
21 10:05:00 6 844551
20 10:05:00 681 844555
22 10:05:15 420 844516
23 10:07:25 370 844514
24 10:09:57 1000 844514
25 10:14:44 207 844514
26 10:19:35 4413 844552
28 10:23:13 2387 844552
27 10:23:13 613 844553
29 10:48:06 140 844555
30 10:52:36 167 844555
31 11:00:42 385 844555
32 11:07:49 838 844553
33 11:23:41 454 844553
34 11:24:57 10 844554
35 11:27:08 304 844553
37 11:27:34 226 844555
36 11:27:34 2 844554
38 11:30:33 164 844553
39 11:33:17 374 844555
40 11:37:01 550 844553
41 11:49:15 581 844553
42 11:54:12 539 844553
43 12:04:55 2742 844553
44 12:10:19 439 844553
45 12:10:52 1280 844560
46 12:11:04 608 844553
47 12:11:23 121 844553
48 12:12:35 136 844553
49 12:21:08 100 844552
50 12:22:26 289 844552
51 12:22:50 97 844552
52 12:25:02 591 844552
54 12:25:55 273 844243
53 12:25:55 1623 844552
55 12:26:03 176 844243
56 12:28:11 1405 844243
57 12:29:59 2000 844248