1 09:02:47 500 876989
2 09:03:09 591 877990
3 09:05:43 219 871501
4 09:13:09 6 877990
5 09:24:03 911 875000
6 09:29:13 472 875000
7 09:40:09 715 873007
9 09:40:25 582 873007
8 09:40:25 507 873007
10 10:43:07 6 873604
11 11:11:36 100 873724
17 11:12:19 5395 873526
16 11:12:19 3710 873609
15 11:12:19 6 873705
14 11:12:19 1757 873724
13 11:12:19 528 873724
12 11:12:19 735 873725
18 11:12:22 200 874851
19 11:18:23 1156 875000
20 11:26:22 94 875000
21 11:36:18 33 873529
22 11:41:25 5 873553
23 11:41:38 580 873553
25 11:42:49 500 875851
24 11:42:49 6 875850
26 11:42:50 2319 876000
27 11:57:54 6 874010
28 11:57:55 108 874010
29 12:01:23 150 874019
30 12:04:34 58 874033
31 12:13:40 30 875002
32 12:28:18 93 875086