1 09:09:26 1328 870000
2 09:22:39 333 868000
3 09:29:45 300 871000
5 09:55:34 410 868000
4 09:55:34 558 868001
6 10:03:24 38 870000
7 10:11:45 140 871000
8 10:23:42 300 871000
9 10:28:21 106 871000
11 10:32:23 248 870000
10 10:32:23 552 870001
12 10:43:45 85 870001
13 10:57:01 427 870223
14 10:57:02 183 870223
16 10:57:16 798 870333
15 10:57:16 485 870334
17 10:57:42 137 870333
18 10:57:50 448 870334
19 10:59:27 395 871333
20 11:13:37 26 870445
21 11:18:21 43 870451
22 11:18:23 20 870451
23 11:27:56 6 871500
24 11:29:15 162 870493
26 11:34:49 646 870501
25 11:34:49 356 870502
27 11:46:37 30 870501
29 11:59:56 282 870502
28 11:59:56 544 870503
30 12:02:58 1222 870502
31 12:05:20 38 870503
33 12:09:58 670 870504
32 12:09:58 530 870504
34 12:12:21 30 870601
36 12:29:38 46 871500
35 12:29:38 29 871500