1 09:06:37 360 854594
2 09:20:56 111 854594
3 09:21:37 529 854594
4 09:22:41 270 854594
5 09:50:31 89 854594
8 09:54:18 319 854594
7 09:54:18 100 854594
6 09:54:18 51 854594
9 10:12:53 910 854595
10 10:32:16 1 855000
12 10:42:19 100 859995
11 10:42:19 806 859995
13 10:47:29 66 859996
14 10:51:07 680 859996
15 10:54:53 378 859990
17 11:04:18 20 859950
16 11:04:18 173 859950
18 11:05:16 55 859950
19 11:05:53 125 859950
20 11:18:32 2554 856601
21 11:18:49 664 856601
22 11:19:05 964 856601
23 11:23:05 75 859000
24 11:25:00 500 859988
25 11:56:08 95 856018
26 12:01:42 826 856064
27 12:05:30 186 856075
28 12:06:45 403 856076
29 12:07:48 25 856076
30 12:22:16 14000 856093
31 12:22:28 4814 856092
33 12:22:51 9990 856071
32 12:22:51 10 856076
34 12:23:13 1085 856072
35 12:23:36 30 856072
36 12:25:06 58 856072
37 12:26:02 1207 856073