1 09:07:59 78 859011
5 09:12:20 2288 851000
4 09:12:20 20 851100
3 09:12:20 1030 851101
2 09:12:20 10 861000
6 09:15:19 28 859017
8 09:26:02 3800 859353
7 09:26:02 770 859356
9 09:26:04 787 859348
10 09:31:01 999 859303
11 09:31:06 1 859303
14 09:33:45 312 859302
13 09:33:45 11 859302
12 09:33:45 77 859303
15 09:42:06 244 859302
16 09:42:24 154 859302
17 10:00:20 383 863000
18 10:02:30 204 863000
19 10:30:32 58 859302
20 10:40:12 20 859302
21 10:43:15 66 860500
22 10:43:39 100 861000
23 10:43:58 100 861900
24 10:44:08 14 862000
25 10:44:36 325 862490
26 10:44:46 1046 862500
28 10:45:15 1288 863000
27 10:45:15 1851 863000
29 10:45:29 2 863500
31 10:45:44 296 864400
30 10:45:44 25 864400
32 10:45:56 1399 864500
33 10:46:08 24 864800
34 10:46:18 2500 864990
35 10:46:58 3000 865981
36 10:47:15 5361 865981
37 10:47:16 3000 865981
38 11:03:08 999 865000
39 11:28:06 116 860000
45 11:29:24 2335 865990
44 11:29:24 780 865900
43 11:29:24 100 865500
42 11:29:24 70 864990
41 11:29:24 100 864990
40 11:29:24 287 864980
46 11:30:17 116 866988
47 11:36:28 781 859551
48 11:45:17 300 860001
49 11:48:54 116 860002
50 11:52:46 117 860002
51 11:57:12 214 861590
52 11:57:29 91 861591
54 11:58:01 4 864900
53 11:58:01 203 864900
55 11:58:15 550 866000
56 11:58:41 421 866799
57 12:01:12 1577 860101
59 12:08:08 91 861271
58 12:08:08 117 861300
60 12:11:06 72 861310
61 12:12:08 468 861316
62 12:17:39 1041 865000
63 12:30:02 804 867500