1 09:13:49 385 851000
3 09:30:09 1562 851112
2 09:30:09 500 851555
4 09:31:12 117 854000
6 09:38:04 477 851334
5 09:38:04 200 851555
7 10:08:14 434 851555
10 10:15:18 321 851334
9 10:15:18 10 851555
8 10:15:18 181 851555
11 10:34:18 5508 851334
12 11:02:07 1514 851410
16 11:03:00 498 854000
15 11:03:00 56 854000
14 11:03:00 10 853999
13 11:03:00 34 853500
17 11:03:48 222 854000
18 11:05:15 720 854000
21 11:33:40 28 851334
20 11:33:40 20 851334
19 11:33:40 100 852000
22 11:41:10 99 851440
23 11:43:52 216 852010
24 11:47:35 171 852010
30 11:52:19 1310 855999
29 11:52:19 2100 855998
28 11:52:19 700 855990
27 11:52:19 179 854000
26 11:52:19 58 854000
25 11:52:19 20 853999
31 11:57:33 559 855001
32 11:58:06 173 855001
33 12:00:51 2893 859991
33 12:00:51 2893 859991
34 12:01:11 300 855001
35 12:02:11 49 859999
37 12:02:24 500 860000
36 12:02:24 183 860000
38 12:04:29 3 855001
39 12:16:17 80 856001
40 12:18:00 80 856001
41 12:19:46 2400 856001
42 12:24:51 10871 858001
43 12:26:41 599 858001
44 12:27:09 6310 858001