1 09:00:06 79 861025
2 09:01:06 50 861000
3 09:15:43 33 861005
5 09:17:38 180 861005
4 09:17:38 358 861005
6 09:18:10 169 861000
7 09:20:57 131 861005
8 09:24:44 10 861000
10 09:28:56 20 861005
9 09:28:56 240 861000
11 09:44:47 10 860603
12 09:47:00 10 860700
13 09:47:12 94 860700
14 09:47:59 40 860700
15 09:48:59 10 860602
16 09:50:01 4 860700
17 09:52:06 53 860660
18 09:55:12 529 860707
19 09:57:14 607 860702
20 10:01:03 200 860702
21 10:16:13 700 860712
28 10:18:30 104 865500
27 10:18:30 365 865341
26 10:18:30 1075 865000
25 10:18:30 179 865000
24 10:18:30 574 865000
23 10:18:30 259 864800
22 10:18:30 260 864700
29 10:19:29 520 865999
30 10:19:43 180 866000
31 10:25:03 185 866000
32 10:30:12 2046 866000
33 10:31:58 30 866000
34 10:39:09 1392 866000
35 10:39:40 373 866000
36 10:46:15 3154 866000
37 10:46:18 187 866000
38 10:54:22 11 866000
39 11:12:18 493 862001
40 11:12:41 914 863001
41 11:13:16 115 864000
42 11:14:20 629 861401
43 11:20:46 571 861404
44 11:23:03 520 861404
45 11:32:11 324 861506
46 11:45:02 169 862001
47 11:47:27 124 862007
48 11:50:01 99 862007
50 11:51:11 339 865000
49 11:51:11 300 865000
51 11:54:19 882 866000
52 11:59:29 74 866000
53 12:15:04 1845 866745
54 12:15:31 50 866000
55 12:18:04 1102 866000
56 12:18:23 1155 866000
57 12:19:05 6 866000
58 12:20:05 9995 866000
59 12:21:32 450 864000
60 12:22:03 30 863000
62 12:22:35 104 861700
61 12:22:35 10 861710
63 12:22:51 170 861513
67 12:26:57 2597 861400
66 12:26:57 7 861401
65 12:26:57 20 861513
64 12:26:57 130 861513