1 09:00:04 2147 845500
2 09:00:18 64 845500
3 09:06:35 311 845500
4 09:06:39 139 845500
5 09:09:26 112 845501
8 09:14:56 700 845500
7 09:14:56 10 845555
6 09:14:56 400 845555
9 09:16:07 158 845500
10 09:18:50 193 845501
12 09:19:31 338 845500
11 09:19:31 107 845501
13 09:22:08 34 845501
14 09:24:58 117 845501
15 09:30:25 9 845501
16 09:31:41 21 845500
17 09:31:48 1000 845500
18 09:34:08 3280 845500
19 09:49:11 434 845500
20 10:12:11 190 845900
25 10:12:15 500 850000
24 10:12:15 3902 850000
23 10:12:15 400 849990
22 10:12:15 53 848000
21 10:12:15 320 846000
31 10:12:19 10000 851991
30 10:12:19 6134 851991
29 10:12:19 95 851990
28 10:12:19 572 851989
27 10:12:19 100 851989
26 10:12:19 10 850783
32 10:12:23 9005 851992
35 10:12:29 9000 853990
34 10:12:29 9900 852991
33 10:12:29 628 851999
37 10:12:33 11271 853995
36 10:12:33 105 853995
38 10:13:50 7 853000
39 10:14:14 79 854560
40 10:16:55 20 846001
41 10:30:16 58 851001
42 10:32:57 971 851001
43 10:37:32 222 851001
44 10:45:53 2976 851001
45 10:46:00 500 851001
46 10:46:20 500 851001
49 10:47:41 20 853500
48 10:47:41 10 853000
47 10:47:41 720 852900
50 10:47:54 20 853800
52 10:48:07 50 853898
51 10:48:07 209 853898
53 10:48:44 8592 853999
55 10:48:50 481 853999
54 10:48:50 7 854559
56 10:49:12 300 854560
57 10:49:22 757 855000
58 10:52:02 883 851001
59 10:57:34 2554 852501
61 11:08:04 22 852500
60 11:08:04 89 852500
62 11:08:27 111 854999
63 11:13:57 420 845750
64 11:22:39 1 850001
65 11:23:26 1000 850001
66 11:39:09 100 852003
67 11:41:24 178 852001
68 11:47:11 1151 852001
69 11:51:39 1000 852001
70 11:51:55 588 854990
71 11:56:32 205 846006
72 11:58:06 900 852000
73 11:58:16 324 854000
74 11:58:29 900 854989
75 12:02:52 323 846053
76 12:11:43 1000 852001
77 12:19:49 1000 852502
78 12:29:44 2000 854001