1 09:13:54 60 853055
2 09:29:59 100 862490
3 09:30:10 69 862990
4 09:37:43 68 861501
5 09:38:12 1437 861501
6 09:42:02 26 861501
7 09:42:11 56 861501
8 09:42:27 25000 863000
9 09:43:33 50 861501
10 09:57:43 43 861801
11 10:02:13 25 862301
12 10:14:22 12 861849
13 10:22:57 45 862001
14 10:28:29 229 862001
15 10:29:38 227 862001
16 10:32:06 45 862602
17 10:40:59 100 862882
18 10:43:59 1553 862611
19 10:50:09 25 862611
20 11:10:20 104 862614
21 11:15:26 2451 862651
22 11:19:30 733 862651
24 11:22:19 580 863000
23 11:22:19 100 862999
25 11:26:33 10 863010
26 11:27:32 80 863010
27 11:29:27 10 863010
30 11:40:02 581 864000
29 11:40:02 353 864000
28 11:40:02 498 864000
31 11:40:05 250 863001
32 11:51:16 24 863050
36 11:59:11 537 864999
35 11:59:11 100 864900
34 11:59:11 500 864900
33 11:59:11 200 864900
37 12:09:01 10 863060
38 12:12:45 800 863050
39 12:13:14 350 863050
40 12:19:02 331 863050
41 12:22:31 52 863050
42 12:29:46 100 863050