5 09:00:05 107 826781
4 09:00:05 240 826781
3 09:00:05 1000 826781
2 09:00:05 2000 826781
1 09:00:05 2282 826781
6 09:03:55 100 850155
7 09:04:30 357 846001
8 09:07:30 80 846010
9 09:20:12 7 851000
11 09:22:20 263 846223
10 09:22:20 500 846333
12 09:22:42 87 846223
13 09:23:32 225 846333
14 09:25:42 300 846355
15 09:29:30 92 846666
16 09:29:44 1179 849999
18 09:30:38 725 850990
17 09:30:38 921 849999
23 09:30:42 2282 854989
22 09:30:42 317 851999
21 09:30:42 20 851500
20 09:30:42 255 851000
19 09:30:42 153 851000
24 09:30:48 107 854990
25 09:35:15 166 847111
26 09:48:07 797 849001
28 09:49:27 159 855000
27 09:49:27 7 855000
29 09:50:08 7 855585
30 09:56:08 1612 855000
31 09:56:13 106 855000
32 09:56:23 900 855000
33 09:56:33 143 855000
34 09:59:40 198 852000
35 10:09:15 10 852000
37 10:10:40 189 852000
36 10:10:40 515 852000
38 10:10:58 704 855000
39 10:29:42 1160 849803
40 10:37:29 12 854000
41 10:40:29 200 849803
42 10:44:22 813 853500
44 10:44:30 1685 854000
43 10:44:30 1688 854000
45 10:44:37 2449 854800
46 10:44:43 877 855000
47 10:44:47 813 855000
48 11:06:24 316 852000
49 11:06:35 102 854888
50 11:06:42 1000 854999
51 11:06:45 316 854999
52 11:08:14 300 849811
53 11:26:34 861 854001
54 11:28:38 44 854001
55 11:44:43 1000 854001
56 11:57:30 500 854001
57 11:58:39 77 854001
58 12:01:25 500 854001
59 12:03:30 430 854001
60 12:08:01 433 854001
61 12:12:09 1000 854001
62 12:13:26 720 854001
63 12:13:42 712 854001
64 12:14:01 12 854001
65 12:14:59 300 854001
66 12:22:52 1179 854001
67 12:27:25 1000 854001
68 12:27:45 34 854001