3 09:21:10 81 858363
2 09:21:10 400 858364
1 09:21:10 69 858400
4 09:23:31 46 858364
5 09:46:57 119 858502
6 10:34:49 240 859555
7 10:36:33 683 859555
10 10:36:34 385 859500
9 10:36:34 231 859500
8 10:36:34 79 859555
11 11:00:05 80 860001
12 11:23:17 717 861031
13 11:28:37 1179 861310
14 11:30:25 7 861500
15 11:31:22 20 861500
16 11:34:31 1000 861310
17 11:34:54 1524 861310
18 11:49:31 100 862000
21 11:51:41 56 861320
20 11:51:41 259 861321
19 11:51:41 80 862000
22 12:02:00 1387 861400
23 12:10:19 42 861413
24 12:12:38 131 861501
28 14:43:21 16 862005
27 14:43:21 55 862005
26 14:43:21 84 862005
25 14:43:21 616 862005