1 09:09:04 600 856860
2 09:13:52 82 856971
3 09:17:59 520 857002
4 09:22:04 1013 857101
5 09:40:18 5440 857202
6 09:42:56 459 857202
7 09:54:09 100 857205
8 10:00:15 1294 857502
9 10:02:27 6 860000
10 10:05:15 588 858002
11 10:05:58 703 860000
12 10:13:59 230 862000
13 10:15:36 230 862000
14 10:20:46 200 863500
15 10:21:42 398 864000
16 10:23:31 877 863999
17 10:40:45 410 861000
18 10:41:49 1032 862000
19 10:44:59 1000 860000
20 10:49:33 100 860000
21 10:50:39 2000 860000
22 10:51:09 2900 860000
23 10:53:39 10 862000
24 10:54:43 764 861998
25 10:55:09 10 862000
26 10:55:45 10 861999
27 11:04:40 80 861000
28 11:04:46 27 861990
29 11:05:31 24920 861000
30 11:06:20 300 861999
32 11:22:58 93 859710
31 11:22:58 7 860999
33 11:24:58 1000 859711
34 11:29:10 1860 859202
35 11:30:56 100 860500
36 11:39:45 1223 860500
37 11:41:54 450 860139
38 11:42:53 31 860139
43 11:44:20 1950 862000
42 11:44:20 4990 862000
41 11:44:20 262 861990
40 11:44:20 4320 861980
39 11:44:20 289 861980
44 11:45:47 1826 862500
45 11:49:50 29 860139
47 11:57:56 3698 860139
46 11:57:56 445 860300
52 11:58:59 426 863000
51 11:58:59 1500 862999
50 11:58:59 5000 862000
49 11:58:59 1710 861970
48 11:58:59 100 861500
53 12:02:52 34 860202
54 12:23:26 317 860618
55 12:28:42 1000 861890
56 12:29:37 1000 862000
57 12:29:48 220 862000