1 09:00:03 50 861001
2 09:02:52 400 861032
3 09:05:48 103 865990
4 09:10:02 185 865011
5 09:14:15 330 865011
6 09:14:31 500 865011
7 09:21:43 77 865011
8 09:26:53 55 865011
9 09:27:20 201 865011
10 09:27:22 7 865011
11 09:36:09 70 865011
12 09:40:03 6 865011
13 09:40:05 78 865011
14 09:42:39 11 865011
15 09:46:46 1513 865011
16 09:57:49 271 865011
17 10:02:34 878 865011
19 10:15:47 72 863001
18 10:15:47 10 865010
20 10:20:46 153 864000
21 10:21:27 13 863002
22 10:24:01 679 863002
23 10:28:28 38 864000
26 10:29:37 1249 863002
25 10:29:37 34 863002
24 10:29:37 96 864000
27 10:32:39 11 864200
31 10:47:37 427 861000
30 10:47:37 9000 861042
29 10:47:37 726 863001
28 10:47:37 3751 863002
32 11:02:57 480 861013
33 11:14:13 750 864000
34 11:14:28 142 861015
35 11:20:10 813 861016
36 11:32:40 359 865000
37 11:34:50 26 861025
38 11:40:38 266 861036
39 11:50:14 739 862000
40 11:53:56 259 861040
41 12:06:39 488 861042
42 12:09:10 351 861043
43 12:10:47 600 861048
44 12:18:03 122 861103
45 12:25:55 54 862001
46 12:27:00 177 863001