1 09:02:14 136 846550
2 09:10:17 23 846673
3 09:28:37 230 846702
5 09:29:16 369 846711
4 09:29:16 181 846712
6 09:36:53 439 847000
7 09:43:36 60 847001
8 09:47:04 822 847001
9 09:53:49 441 847111
11 09:58:51 137 847111
10 09:58:51 120 847111
12 10:02:22 39 847111
13 10:04:03 793 847111
14 10:07:41 101 847111
15 10:11:09 10 847112
16 10:16:11 8 847114
19 10:22:36 6 847500
18 10:22:36 990 847500
17 10:22:36 310 847501
20 10:27:35 524 847521
21 10:31:07 681 847521
22 10:33:49 207 847408
23 10:34:39 184 847500
24 10:39:03 522 847400
25 10:39:40 1000 846000
26 10:39:43 204 847400
28 10:40:15 77 847500
27 10:40:15 3 847400
29 10:40:16 11 847500
30 10:42:43 94 846000
31 10:53:27 142 846000
33 10:57:44 453 846000
32 10:57:44 267 846000
34 10:58:24 7 846000
38 11:05:38 2510 845115
37 11:05:38 1540 845117
36 11:05:38 2500 845500
35 11:05:38 950 846100
39 11:06:37 44 845115
40 11:10:51 872 845201
41 11:15:14 17 845500
42 11:16:18 15 845500
43 11:18:11 178 845500
44 11:27:50 576 845201
45 11:30:28 258 845210
46 11:35:55 420 845211
47 11:35:59 175 845500
48 11:37:52 243 845211
49 11:47:41 224 845241
50 11:48:51 446 845242
51 11:53:27 287 845243
52 11:57:30 200 845699
53 12:10:40 264 845248
54 12:11:41 434 845500
55 12:12:16 351 845500
56 12:12:30 1645 845500
57 12:12:33 1006 845500
58 12:12:39 321 845500
59 12:19:25 147 845998
60 12:27:22 100 846000
61 12:28:10 573 846000
62 12:29:31 561 846000
63 12:29:57 369 846000