1 09:08:10 10 870000
2 09:10:32 5399 868445
3 09:14:57 155 870000
4 09:17:23 80 868000
5 09:19:40 300 870000
6 09:21:53 3000 870000
7 09:23:09 3000 870000
8 09:56:24 310 868501
9 10:05:10 284 868502
10 10:05:20 578 868502
11 10:05:57 1609 868501
12 10:06:11 583 867002
13 10:11:01 2 867002
14 10:20:44 300 870000
15 10:58:25 100 870000
16 11:00:24 100 870000
17 11:13:43 34 870000
19 11:19:47 156 868502
18 11:19:47 602 868503
20 11:21:59 519 870000
21 11:34:17 2260 870000
22 11:35:25 656 870000
23 11:52:21 273 870001
24 12:24:26 47 871000
25 12:28:43 50 870002