1 09:05:04 157 844901
2 09:12:43 4 844925
3 09:14:56 121 844937
4 09:17:52 35 847800
5 09:35:15 222 846004
6 09:39:31 6 846004
8 09:44:28 172 846003
7 09:44:28 217 846004
9 09:56:28 920 846010
10 09:56:53 100 846010
11 09:57:32 1743 846010
12 09:58:33 105 846011
15 09:59:43 500 846009
14 09:59:43 4500 846012
13 09:59:43 1200 846013
16 10:02:08 138 845262
17 10:15:35 1160 845101
18 10:20:49 200 845103
19 10:21:47 227 845104
20 10:21:55 295 845106
22 10:22:42 1223 847000
21 10:22:42 450 846990
27 10:29:41 749 847818
26 10:29:41 1293 847800
25 10:29:41 685 847700
24 10:29:41 100 847600
23 10:29:41 500 847600
32 10:41:57 400 848000
31 10:41:57 10 847818
30 10:41:57 5702 847818
29 10:41:57 127 847818
28 10:41:57 1516 847818
33 10:45:08 25000 847000
34 10:45:47 15408 847000
35 10:50:27 100 846500
36 10:50:35 59 846202
37 10:50:38 58 846201
38 10:50:52 1841 846202
39 11:19:42 500 846376
40 11:20:23 81 846376
41 11:20:57 240 846376
43 11:26:32 10 846376
42 11:26:32 1179 846376
44 11:26:42 404 846202
45 11:27:36 50 846202
46 11:28:19 71 846202
47 11:28:51 697 846200
48 11:33:24 711 846200
50 11:55:54 8 846200
49 11:55:54 20 846200
51 11:58:39 236 846201
52 12:04:20 105 846100
53 12:10:32 663 847900
54 12:13:17 570 847999
55 12:14:07 5000 848000
56 12:14:17 500 847999
57 12:17:25 70 847999
58 12:18:31 630 847999
59 12:20:19 140 846500
60 12:26:21 355 846500
61 12:27:23 876 846600
62 12:27:34 88 846600
63 12:29:47 108 846700