1 09:12:54 400 855555
2 09:15:45 190 855555
3 09:19:31 10 855555
4 09:19:44 580 854021
5 09:19:56 2245 854020
6 09:25:30 47 852706
7 09:28:21 100 852708
8 09:30:11 1236 852625
9 09:53:07 24 853555
10 09:53:59 217 855555
11 09:54:29 1884 856000
12 09:55:21 1236 859998
14 09:55:26 380 859999
13 09:55:26 590 859999
16 09:55:31 169 860000
15 09:55:31 1284 860000
17 09:55:47 1884 863999
19 09:55:57 27 863999
18 09:55:57 7 864997
21 09:57:41 587 863999
20 09:57:41 3047 863999
22 09:58:15 250 865898
23 09:58:39 250 868000
24 10:05:10 5109 865000
25 10:05:45 580 865000
26 10:06:03 8311 865000
28 10:06:14 5109 867999
27 10:06:14 580 867999
29 10:16:32 1000 860001
31 10:19:47 100 860000
30 10:19:47 546 860001
32 10:20:04 213 854000
33 10:25:14 217 860000
34 10:25:37 580 860001
35 10:25:40 460 860001
36 10:28:34 460 860000
37 10:35:30 251 860100
38 10:40:53 100 860100
39 10:42:27 109 860100
40 10:48:19 778 860100
41 10:49:43 115 860100
42 11:09:45 867 860100
43 11:12:31 42 861000
46 11:16:05 2620 860000
45 11:16:05 780 860100
44 11:16:05 600 860200
47 11:16:48 250 858101
48 11:23:24 5 860200
49 11:34:27 50 860500
49 11:34:27 50 860500
50 11:38:56 260 860200
52 11:40:41 580 861000
51 11:40:41 76 860600
53 11:46:38 50 860200
54 11:48:32 150 860200
55 11:48:39 562 860200
56 11:49:24 50 860200
57 12:00:08 1000 860200
58 12:05:34 1649 860200
59 12:08:18 162 860200
61 12:09:33 430 860110
60 12:09:33 12 860200
63 12:16:13 1939 860110
62 12:16:13 1900 860200
66 12:21:09 1828 860010
65 12:21:09 631 860110
64 12:21:09 1900 860200
67 12:28:08 612 860010
68 12:28:32 700 860010