1 09:02:53 102 872180
2 09:17:26 1598 872180
3 09:24:48 87 872000
4 09:28:13 413 872000
5 09:29:10 87 872000
6 09:36:51 450 872100
7 09:40:00 373 872100
8 09:40:45 127 872100
9 09:41:02 4097 872000
10 09:41:14 1603 872000
11 09:42:42 2400 872100
12 09:46:30 1000 872100
13 09:47:22 180 872100
14 10:27:30 583 872063
15 10:45:40 77 872063
16 10:56:12 100 872065
18 11:06:58 29 872071
17 11:06:58 47 872100
19 11:10:55 517 872071
20 11:35:07 1303 872073
21 11:57:36 260 872072
22 12:00:05 539 872072
23 12:21:37 420 873000
24 12:22:01 30 872560