1 09:00:04 114 876990
2 09:02:24 127 876990
3 09:10:09 64 872201
3 09:10:09 64 872201
4 09:10:42 1000 876990
4 09:10:42 1000 876990
5 09:13:10 500 876990
5 09:13:10 500 876990
6 09:22:13 1145 876900
6 09:22:13 1145 876900
7 10:02:00 914 876076
8 10:32:30 90 876165
9 10:34:40 20 876173
10 10:34:44 50 876173
11 10:35:43 50 876175
12 10:36:08 147 876177
13 10:47:51 150 876301
14 10:55:49 4146 876311
15 11:17:22 100 876529
16 11:31:33 13 876562
17 11:51:59 500 877990
18 11:52:03 500 876602
19 11:59:52 37 876604
21 12:08:52 737 876603
20 12:08:52 238 876604
22 12:26:03 1000 877777