1 09:51:16 262 862500
3 09:54:01 790 862500
2 09:54:01 238 862500
4 10:07:57 754 860305
8 10:19:04 77 862480
7 10:19:04 720 862480
6 10:19:04 720 862480
5 10:19:04 720 862479
9 10:20:26 2860 861201
10 10:27:57 181 861501
11 10:35:36 6 861501
12 10:43:20 1719 861501
13 10:47:47 134 861501
17 10:47:57 175 862500
16 10:47:57 914 862489
15 10:47:57 386 862489
14 10:47:57 120 862489
18 11:02:09 1300 862500
20 11:04:41 160 862300
19 11:04:41 20 862310
22 11:09:25 818 862300
21 11:09:25 20 862310
23 11:32:54 1683 862011
24 11:38:07 10 862300
26 11:38:19 707 862300
25 11:38:19 209 862300
28 11:39:15 249 862500
27 11:39:15 10 862500
29 11:40:01 568 862500
30 11:52:36 569 862011
31 11:54:25 674 862011
33 11:57:35 1562 862888
32 11:57:35 2726 862888
36 12:09:32 1122 862101
35 12:09:32 194 862101
34 12:09:32 6 862299
37 12:09:54 20 862500
38 12:12:46 226 861005
39 12:13:20 872 861005
41 12:15:41 460 862000
40 12:15:41 1201 862000
42 12:24:02 118 861010
43 12:26:15 168 862300
45 12:29:56 1611 862300
44 12:29:56 10 862310