3 09:01:06 3367 864999
2 09:01:06 313 864998
1 09:01:06 400 862400
4 09:02:14 3732 865994
6 09:03:51 1375 866998
5 09:03:51 250 866298
7 09:28:57 420 862000
8 09:35:20 385 862000
9 09:55:07 10 862010
10 09:55:27 258 862000
11 09:56:58 82 862000
12 10:06:05 352 862000
13 10:17:15 1148 862000
14 10:21:33 1200 862000
18 10:26:43 506 860000
17 10:26:43 10 861999
16 10:26:43 1155 862000
15 10:26:43 20 862010
20 10:28:00 96 860000
19 10:28:00 20 860010
21 10:28:22 1029 860000
24 10:53:19 626 860000
23 10:53:19 1369 860000
22 10:53:19 200 860254
26 11:05:20 297 860500
25 11:05:20 10 860510
28 11:06:38 1362 860500
27 11:06:38 10 860510
29 11:08:48 200 860500
32 11:18:20 747 860500
31 11:18:20 10 860550
30 11:18:20 105 860600
34 11:20:15 244 860500
33 11:20:15 10 860510
36 11:22:49 2716 860000
35 11:22:49 10 860100
38 11:29:43 401 860000
37 11:29:43 10 860010
39 11:31:36 10 860010
40 11:31:46 92 860000
41 11:58:26 104 860020
43 12:00:28 123 860000
42 12:00:28 10 860010
45 12:01:11 1550 860000
44 12:01:11 10 860010
47 12:03:53 240 860000
46 12:03:53 10 860010
49 12:20:38 432 860000
48 12:20:38 10 860010
51 12:23:52 76 860000
50 12:23:52 10 860010
52 12:25:08 210 860000