1 09:20:14 100 870550
2 09:20:28 100 870559
3 09:20:53 100 870575
4 09:21:50 50 870602
5 09:28:40 10 870617
6 09:37:05 364 872439
8 09:40:12 120 872439
7 09:40:12 96 872439
9 09:41:54 224 872439
10 09:47:56 78 872439
11 09:53:18 578 872439
12 09:57:30 55 872439
13 10:07:27 224 872439
15 10:28:43 1466 872081
14 10:28:43 10 873000
17 10:42:32 79 872121
16 10:42:32 486 872122
18 11:08:46 100 872134
19 11:19:48 150 872198
20 11:42:30 433 872198
22 11:44:54 172 872198
21 11:44:54 1169 872198
24 11:45:28 1188 872149
23 11:45:28 431 872150
25 11:50:22 432 872150
26 11:51:06 23 872150
28 12:07:07 83 872140
27 12:07:07 11 872141
29 12:26:56 250 873000
30 12:28:54 100 872181
31 12:29:31 47 872181