1 09:06:14 592 870035
1 09:06:14 592 870035
2 09:08:13 210 872000
2 09:08:13 210 872000
3 09:14:41 170 875000
4 09:33:01 200 876000
4 09:33:01 200 876000
5 09:34:34 79 876000
5 09:34:34 79 876000
6 09:34:37 190 876000
6 09:34:37 190 876000
7 09:36:27 1431 876000
7 09:36:27 1431 876000
11 09:59:07 161 876000
10 09:59:07 23569 876000
9 09:59:07 660 875999
8 09:59:07 610 875999
13 09:59:43 303 876000
12 09:59:43 581 876000
14 10:10:06 9 875001
15 10:11:55 117 875000
16 10:14:21 23710 876000
17 10:16:54 295 875000
18 10:22:15 1290 874444
19 10:43:11 250 874501
20 11:06:26 20 875400
21 11:22:04 500 875999
22 12:00:04 483 875011
23 12:04:24 84 875011
24 12:14:42 656 875012
25 12:17:28 1330 876000