1 09:08:28 94 861000
2 09:12:45 501 858102
3 09:18:06 172 860001
4 09:19:13 302 860002
5 09:24:14 15 861000
6 09:52:20 404 862000
7 10:02:49 841 861600
8 10:18:09 374 861600
9 10:19:14 548 861600
10 10:20:47 237 861600
11 10:20:48 430 861600
12 10:22:07 29 858103
13 10:27:27 894 862994
14 10:27:33 397 862999
15 10:36:27 430 863000
16 10:36:36 259 863000
18 10:44:10 63 864990
17 10:44:10 17 864990
19 11:03:39 10 864989
20 11:16:02 933 863000
26 12:04:50 1300 864500
25 12:04:50 27 864400
24 12:04:50 300 864200
23 12:04:50 1632 864199
22 12:04:50 46 864190
21 12:04:50 20 864190
33 12:15:36 3000 865990
32 12:15:36 7 865000
31 12:15:36 1000 864990
30 12:15:36 100 864989
29 12:15:36 170 864989
28 12:15:36 10 864980
27 12:15:36 290 864000
34 12:23:52 285 863011