1 09:05:30 232 870041
2 09:08:11 30 870041
3 09:15:39 54 868010
4 09:16:30 500 868010
5 09:29:03 307 869001
6 09:43:13 164 870222
7 09:45:10 4500 868013
10 09:48:32 100 868016
9 09:48:32 128 868016
8 09:48:32 100 868016
11 10:06:45 287 868250
13 10:18:44 750 872100
12 10:18:44 500 872000
14 10:24:48 24 870403
15 10:43:50 240 873000
16 10:59:01 196 871112
17 11:03:01 30 871202
18 11:05:42 315 871202
19 11:18:49 70 871302
20 11:20:40 313 871302
21 11:26:47 100 871303
22 11:58:49 519 871552
23 12:05:32 1000 871601
24 12:06:12 345 872550
25 12:06:15 318 872600
27 12:06:22 200 873000
26 12:06:22 760 873000
28 12:21:54 8 872102
29 12:29:07 360 872102