1 09:10:53 8 859000
2 09:12:08 6 859000
3 09:14:37 600 859001
4 09:27:22 1000 860000
5 09:28:44 36 859502
6 09:32:23 6 859502
7 09:34:10 413 860000
11 09:38:28 3500 864990
10 09:38:28 1000 864980
9 09:38:28 258 863200
8 09:38:28 60 862000
12 09:39:53 3087 860000
13 09:40:08 2675 860000
14 09:41:43 20 860000
15 09:42:42 22 860000
16 09:43:29 1100 860000
17 09:43:46 20 860000
18 09:46:06 25 860000
19 09:47:36 104 860000
20 09:47:54 139 859001
21 09:50:16 93 860000
22 09:50:40 264 860000
23 10:15:01 10 860010
24 10:15:45 520 860010
25 10:16:00 401 860010
26 10:25:37 10 860010
27 10:25:54 10 860010
28 10:25:56 78 860010
31 10:38:29 1223 864978
30 10:38:29 3096 864970
29 10:38:29 100 863990
32 10:41:45 50 864000
33 10:41:54 480 864000
34 10:50:52 502 863801
35 10:54:32 39 863801
36 11:00:35 502 863801
37 11:02:29 535 863801
39 11:05:25 25 864000
38 11:05:25 1000 864000
40 11:05:38 22 864000
41 11:06:37 20 864000
42 11:20:26 126 863801
44 11:45:40 10 864000
43 11:45:40 1074 864000
45 12:16:06 1567 860111
46 12:16:54 3800 860111
47 12:17:12 500 860111
48 12:17:14 1094 860111