1 09:03:55 390 843000
2 09:08:45 220 843000
3 09:14:23 63 843222
5 09:14:30 271 843000
4 09:14:30 537 843222
6 09:14:57 217 847000
8 09:26:33 244 843222
7 09:26:33 18 843223
10 09:26:59 127 843222
9 09:26:59 256 843222
12 09:31:15 400 843000
11 09:31:15 200 843111
13 09:36:40 507 843000
19 09:46:42 168 843000
18 09:46:42 200 843000
17 09:46:42 42 843000
16 09:46:42 14 843011
15 09:46:42 180 843011
14 09:46:42 10 843100
20 09:59:28 63 843255
25 10:00:00 1307 843102
24 10:00:00 550 843102
23 10:00:00 1170 843103
22 10:00:00 900 843255
21 10:00:00 37 843255
28 10:08:14 259 843103
27 10:08:14 130 843103
26 10:08:14 490 843104
28 10:08:14 259 843103
27 10:08:14 130 843103
26 10:08:14 490 843104
30 10:20:57 15 843104
29 10:20:57 60 843109
31 10:23:55 170 843105
33 10:28:17 89 843107
32 10:28:17 31 843107
35 10:32:07 22 843202
34 10:32:07 165 843202
36 10:35:03 185 843202
38 10:35:29 216 843201
37 10:35:29 283 843202
39 10:38:21 200 843202
48 10:46:30 1180 847050
47 10:46:30 491 847000
46 10:46:30 825 847000
45 10:46:30 428 847000
44 10:46:30 933 847000
43 10:46:30 10 847000
42 10:46:30 817 847000
41 10:46:30 586 846999
40 10:46:30 2161 846999
49 10:47:56 217 849300
50 10:48:09 500 849350
51 10:48:20 780 849499
52 10:48:36 394 849500
53 10:48:53 205 849780
55 10:49:08 5020 849998
54 10:49:08 104 849998
57 10:49:21 800 849999
56 10:49:21 1000 849999
59 10:49:38 184 850000
58 10:49:38 127 850000
60 10:50:04 11500 850000
61 10:50:07 102 850973
62 10:50:37 7 850000
63 10:51:16 493 850000
64 10:51:27 202 851996
66 10:51:32 1000 851996
65 10:51:32 768 851996
73 10:53:07 1835 843202
72 10:53:07 390 843219
71 10:53:07 768 843510
70 10:53:07 600 844000
69 10:53:07 200 844444
68 10:53:07 10 848000
67 10:53:07 1604 848001
74 11:04:29 2257 844002
75 11:09:46 500 844068
76 11:21:37 189 844556
77 11:22:02 12 844556
80 11:24:04 200 844555
79 11:24:04 400 844556
78 11:24:04 19 844556
81 11:24:05 963 844555
82 11:27:01 101 846000
90 11:34:31 7343 849999
89 11:34:31 410 849990
88 11:34:31 600 849990
87 11:34:31 289 849499
86 11:34:31 101 847000
85 11:34:31 182 847000
84 11:34:31 100 847000
83 11:34:31 88 847000
92 11:44:57 1835 849998
91 11:44:57 50 849990
93 11:45:02 768 850001
94 11:45:08 101 850924
95 11:45:18 1885 851981
95 11:45:18 1885 851981
96 11:54:22 300 848001
97 11:59:36 170 848001
98 12:00:48 2077 848001
99 12:08:49 94 848001
100 12:12:34 400 848001