1 09:14:33 482 859000
2 09:31:31 47 857541
3 09:37:55 200 858000
4 09:39:23 60 858000
5 09:44:46 196 857544
6 09:58:23 434 859901
7 10:03:46 120 861000
8 10:05:18 3 862000
9 10:06:25 8 864996
10 10:07:06 447 862002
11 10:07:17 120 863099
12 10:08:27 30 863000
13 10:08:58 60 863000
14 10:09:36 7 863099
15 10:09:53 113 863000
16 10:22:41 758 859901
17 10:27:51 45 859901
18 10:32:16 6 862000
20 10:40:38 69 862000
19 10:40:38 109 862000
22 10:41:20 6 862999
21 10:41:20 47 862999
23 10:41:41 6 863000
25 10:42:04 192 863000
24 10:42:04 10 863097
26 10:43:12 174 863098
27 10:43:27 319 864500
28 10:43:41 188 864997
29 10:56:47 351 859901
30 11:03:41 660 859901
31 11:13:08 117 862990
32 11:15:52 100 860003
33 11:16:15 717 860003
34 11:25:30 1818 864000
34 11:25:30 1818 864000
35 11:25:51 172 864000
36 11:26:11 359 864500
38 11:26:21 117 864998
37 11:26:21 855 864998
39 11:32:36 230 860004
40 11:32:56 240 860004
45 11:56:53 1542 865000
44 11:56:53 10 865000
43 11:56:53 493 865000
42 11:56:53 3500 864999
41 11:56:53 300 864900
46 11:59:10 116 865000
47 12:19:06 1100 859501