4 09:18:25 7 861000
3 09:18:25 11 861000
2 09:18:25 6 861000
1 09:18:25 6 861000
5 09:19:47 1402 861000
6 09:25:18 241 860015
7 09:44:09 6450 859788
8 09:48:19 402 860940
9 09:52:52 273 861990
12 09:53:19 2000 862000
11 09:53:19 52 862000
10 09:53:19 290 862000
13 09:55:08 325 861990
14 09:56:14 175 861990
15 10:09:15 611 861000
16 10:21:32 1853 861000
18 10:45:09 200 862000
17 10:45:09 181 862000
19 10:45:31 119 862169
20 10:48:58 10 861501
21 11:06:59 110 860647
22 11:23:05 7 861000
23 11:28:00 500 861010
24 11:28:59 1000 861111
25 11:29:11 78 861111
27 11:30:00 489 861111
26 11:30:00 117 861111
29 11:32:31 500 862169
28 11:32:31 132 862169
30 11:33:55 2679 861250
31 11:33:58 2059 861250
32 11:35:09 989 861333
33 11:40:57 250 861500
34 11:49:22 1000 861777
35 11:50:16 1521 861888
36 11:55:27 192 861888
37 11:55:53 13 862000
38 11:57:25 300 861700
39 12:08:17 409 862000
40 12:11:48 1133 862000
41 12:12:31 20 862000
42 12:22:22 713 862222