1 09:00:05 310 858000
2 09:05:42 240 858000
3 09:09:39 185 858000
4 09:10:18 1145 858000
5 09:12:21 27 858000
6 09:17:03 150 858000
7 09:21:51 220 858000
8 09:27:58 561 858001
12 09:47:36 5850 863946
11 09:47:36 76 863945
10 09:47:36 303 861000
9 09:47:36 4508 861000
12 09:47:36 5850 863946
11 09:47:36 76 863945
10 09:47:36 303 861000
9 09:47:36 4508 861000
13 09:50:46 497 859001
14 09:53:16 379 860001
15 10:03:32 493 864000
16 10:03:37 300 861526
17 10:04:20 493 863000
18 10:20:09 1262 861526
20 10:24:50 823 863000
19 10:24:50 627 863000
21 10:29:57 70 861526
22 10:33:33 600 861526
25 10:41:34 18 862500
24 10:41:34 400 862500
23 10:41:34 180 862500
26 10:42:24 5000 862800
28 10:42:35 20 862800
27 10:42:35 11144 862800
29 10:42:55 5000 863000
30 10:45:10 1776 861531
31 10:57:08 1095 861541
32 11:00:50 1694 861541
33 11:11:41 535 862001
34 11:14:31 7 862001
35 11:19:48 150 862001
36 11:20:18 653 862001
37 11:33:19 381 862001
38 11:37:33 81 862500
39 11:39:20 98 862995
40 11:58:51 18 862001
41 12:02:13 30 862001
45 12:03:01 300 864800
44 12:03:01 11 862999
43 12:03:01 100 862990
42 12:03:01 7 862990
46 12:03:07 9000 864900
47 12:28:07 40 864900
48 12:28:23 150 864900
50 12:29:09 317 863000
49 12:29:09 10 864900