1 09:00:04 61 854181
2 09:06:30 180 854181
4 09:14:05 157 854181
3 09:14:05 288 854181
5 09:17:11 35 854181
6 09:22:27 1038 854181
7 09:23:59 423 854181
8 09:26:21 28 854181
9 09:27:17 307 854181
10 09:30:16 200 854180
11 09:31:36 300 854180
12 09:39:24 185 854180
13 09:40:59 400 854180
14 09:46:29 89 854180
16 09:55:51 640 854186
15 09:55:51 360 854189
17 10:08:40 24 854187
18 10:17:50 297 854187
19 10:32:32 500 854189
21 10:43:15 376 854188
20 10:43:15 349 854189
22 10:47:37 64 854188
24 10:54:48 200 856000
23 10:54:48 360 855990
25 10:59:02 1774 856000
26 11:00:39 1086 854501
27 11:00:40 479 854501
28 11:01:53 495 854200
30 11:02:53 831 854200
29 11:02:53 91 854200
32 11:15:25 101 854188
31 11:15:25 10 854188
33 11:15:55 140 854188
34 11:30:09 345 854188
35 11:56:46 240 854188
39 12:08:49 776 854180
38 12:08:49 8 854188
37 12:08:49 6 854188
36 12:08:49 38 854188
40 12:12:43 30 854180
41 12:12:56 500 854180
42 12:15:14 222 854180
43 12:17:51 10 855555
44 12:19:45 671 855700
45 12:21:02 500 854180
46 12:23:47 252 854180
49 12:28:52 444 854000
48 12:28:52 10 854180
47 12:28:52 546 854180