3 09:00:04 2 870110
2 09:00:04 89 870110
1 09:00:04 91 870110
5 09:00:12 138 873000
4 09:00:12 96 873000
6 09:07:54 275 872001
7 09:15:11 1650 874000
8 09:20:04 100 874950
9 09:27:04 180 874998
10 09:29:45 1940 875000
11 09:37:39 350 874000
12 09:40:42 17 874000
13 09:40:58 329 874000
17 09:42:56 9 873808
16 09:42:56 687 873809
15 09:42:56 500 874000
14 09:42:56 804 874000
18 09:51:28 606 873823
19 10:02:18 1584 874001
20 10:07:05 70 874300
21 10:27:30 109 874501
22 10:41:45 6153 874501
23 10:43:12 500 874999
24 10:44:49 374 875000
25 10:47:19 10 876700
26 10:58:54 337 874502
27 11:13:13 30 874502
28 11:16:37 1168 875000
29 11:23:19 2832 874503
31 11:31:34 1579 874501
30 11:31:34 10 874502
32 11:36:49 122 874501
33 11:42:33 70 874501
34 11:56:58 609 874501
35 12:08:38 74 874501
36 12:20:58 790 874501