2 09:05:16 900 872990
1 09:05:16 100 872000
3 09:16:22 577 873000
5 09:38:09 49 876600
4 09:38:09 200 876600
6 09:40:49 250 876750
7 10:56:13 40 872000
7 10:56:13 40 872000
8 10:58:11 100 872000
8 10:58:11 100 872000
9 11:03:46 450 871601
10 11:04:37 51 871601
11 11:11:48 1914 871701
12 11:12:25 786 872000
13 11:16:05 181 872000
13 11:16:05 181 872000
14 11:31:37 884 872002
15 11:38:53 40 872031
16 11:43:18 14 876699
17 12:04:01 631 872031
18 12:14:43 91 872500
19 12:24:35 96 872500
20 12:29:18 314 872500