1 09:00:03 297 844600
2 09:04:38 1 844600
3 09:05:32 725 844600
4 09:07:08 1250 844600
5 09:09:06 400 844600
6 09:09:08 136 844600
8 09:09:23 1673 844595
7 09:09:23 191 844600
9 09:10:12 500 844595
12 09:11:53 1207 844595
11 09:11:53 7 844596
10 09:11:53 19 844596
13 09:12:22 770 844595
14 09:12:26 96 844595
15 09:12:57 421 844595
17 09:13:21 364 844595
16 09:13:21 72 844596
18 09:13:56 284 844595
19 09:14:54 393 844595
20 09:15:31 18 844596
21 09:17:12 390 844595
22 09:25:15 236 844595
23 09:27:55 421 844595
24 09:29:26 1107 844595
25 09:31:19 1757 844595
26 09:38:38 408 844595
27 09:39:08 118 844595
28 09:48:56 179 844595
29 09:55:17 989 844595
30 10:04:15 72 844596
38 10:14:39 9146 849998
37 10:14:39 720 849990
36 10:14:39 10430 849990
35 10:14:39 758 849989
34 10:14:39 3007 847990
33 10:14:39 500 847000
32 10:14:39 144 847000
31 10:14:39 295 847000
39 10:15:26 393 849998
40 10:15:34 72 849997
41 10:16:52 5195 849997
42 10:17:49 72 844601
43 10:18:11 8668 849997
44 10:18:44 5588 854999
45 10:32:08 295 848006
46 10:33:32 947 848006
47 10:34:02 508 848008
48 10:37:06 53 848009
49 10:38:28 735 848010
50 10:40:21 353 848011
51 10:40:49 518 848011
52 10:42:19 300 850000
53 10:42:37 301 848010
55 10:42:51 200 854639
54 10:42:51 300 854639
56 10:54:32 927 848021
57 10:59:14 125 848972
58 11:01:17 58 848975
59 11:13:44 369 848976
60 11:14:30 125 854100
61 11:17:35 5 848976
62 11:18:14 50 848976
63 11:24:32 33 848103
64 11:25:01 263 848103
66 11:28:40 341 848103
65 11:28:40 6 848104
67 11:32:04 355 848021
68 11:36:45 120 848021
69 11:37:45 203 848103
70 11:38:01 203 854097
71 11:41:38 142 848021
72 11:56:51 556 849000
73 11:57:09 556 854079
74 12:01:32 346 848023
75 12:08:57 480 849001
76 12:10:48 400 851001
77 12:11:33 84 852000
78 12:19:03 42 844708
80 12:19:08 333 844705
79 12:19:08 47 844707
81 12:19:17 355 844705
82 12:19:24 70 844705
83 12:19:31 41 844705
84 12:19:39 283 844702
86 12:19:45 2766 844702
85 12:19:45 2 844702
87 12:20:15 17 844705
88 12:21:40 49 844705
89 12:21:44 60 844705
90 12:21:46 1708 844705
92 12:25:17 676 844702
91 12:25:17 60 844705
93 12:26:52 72 844705