1 09:04:25 90 861001
2 09:16:31 155 862500
4 09:16:51 241 861501
3 09:16:51 10 862000
5 09:17:58 115 861110
6 09:37:24 9 864000
7 09:37:25 66 864000
8 09:41:00 2000 865000
9 09:44:33 1807 861503
10 09:51:52 1136 861602
11 09:55:04 512 861602
12 09:55:53 1228 861602
13 09:57:43 6302 862989
14 10:13:01 140 864900
15 10:18:21 521 862376
16 10:18:41 1985 862376
17 10:21:02 149 864900
18 10:42:08 30 861612
19 10:42:57 3 861612
20 10:59:01 22 861619
21 11:05:24 1 861619
22 11:08:01 24 861619
23 11:08:12 81 861619
24 11:10:52 60 865699
25 11:13:51 390 865700
26 11:15:20 100 865600
27 11:16:40 390 865700
28 11:17:10 949 861619
29 11:21:28 1593 861619
30 11:28:33 1322 862990
31 11:29:33 1000 863500
32 11:31:20 18 861619
33 11:31:32 18 861619
34 11:49:07 38 861619
35 12:06:52 40 865698
36 12:07:02 200 865699
37 12:07:19 220 865700
38 12:16:05 174 865000
39 12:24:10 472 861650