1 09:00:05 115 864155
3 09:06:56 1106 866750
2 09:06:56 1670 866750
5 09:15:11 108 866750
4 09:15:11 108 866750
6 09:42:57 200 866750
7 10:02:10 181 867851
8 10:23:32 1502 867853
9 10:48:41 26 867853
10 10:50:27 188 867853
11 10:57:09 65 867853
12 11:00:43 100 867854
13 11:09:20 600 867856
14 11:25:20 142 867860
15 11:38:51 8 868000
17 12:01:41 631 867915
16 12:01:41 122 867915
18 12:03:03 993 867915
19 12:04:07 570 867915
20 12:06:37 200 867915
21 12:09:42 10 867915
22 12:25:06 100 867915
23 12:26:11 123 867915
24 12:27:00 66 867915