1 09:12:54 126 856309
2 09:21:51 10142 856900
3 09:23:05 126 858100
4 09:46:29 1500 855017
5 09:57:13 743 857221
6 09:59:58 871 855017
7 10:05:14 111 855017
8 10:10:29 41 855017
9 10:21:06 308 856575
10 10:23:48 1 858999
12 10:42:41 1166 856575
11 10:42:41 1 856575
13 10:55:28 489 856701
14 10:56:07 200 856700
15 10:57:10 1589 856700
16 11:01:02 246 856700
18 11:22:48 419 856593
17 11:22:48 6 857000
19 11:23:20 90 856593
21 11:32:23 10 858000
20 11:32:23 1000 858000
22 11:34:11 197 856893
23 11:37:29 205 857000
27 11:43:48 1567 858999
26 11:43:48 104 858990
25 11:43:48 734 858700
24 11:43:48 200 858600
28 11:44:24 1284 857000
29 11:58:57 117 857000
30 11:59:08 100 857500
31 12:01:35 2340 858500
32 12:05:23 827 857022
33 12:06:24 5 857010
34 12:17:38 5 857010
35 12:17:45 1095 857010
36 12:22:53 710 857444
37 12:25:45 409 858000