1 09:34:28 100 852001
3 09:45:48 119 852010
2 09:45:48 500 852011
4 09:51:29 188 852011
5 09:52:53 383 852019
6 09:54:13 2000 855000
7 09:59:39 150 853556
8 09:59:54 710 855000
9 10:00:10 180 855000
11 10:01:53 1100 855000
10 10:01:53 781 855000
12 10:19:48 800 855000
13 10:20:06 600 855000
14 10:32:19 322 857010
15 10:33:41 130 857010
18 10:35:12 128 856011
17 10:35:12 10 857000
16 10:35:12 8 857010
19 10:36:35 50 856011
20 10:42:56 17 856011
21 10:52:22 200 856011
23 10:52:46 55 856011
22 10:52:46 5 856011
24 10:53:17 1200 856011
25 10:58:25 110 856011
26 11:04:38 2631 856011
27 11:05:17 748 856011
29 11:05:51 19 856000
28 11:05:51 72 856011
30 11:07:26 47 856001
32 11:08:29 575 856000
31 11:08:29 8 856001
33 11:11:30 349 856000
35 11:19:35 989 856000
34 11:19:35 6 856002
36 11:24:51 2710 856000
37 11:26:54 795 856000
38 11:30:09 674 856000
39 11:30:44 12 856000
40 11:30:57 10 856000
41 11:35:11 551 856000
42 11:36:26 1133 856000
43 11:42:19 464 856000
44 11:43:40 879 856000
45 11:48:51 59 856000
46 12:00:39 361 856000
47 12:01:29 212 856000
48 12:01:30 430 856000
49 12:03:13 6 858000
50 12:03:49 762 856000
51 12:04:21 200 856000
52 12:29:12 994 856000
53 12:29:58 400 856000
54 12:29:59 588 856000