1 09:04:31 80 861000
2 09:17:03 93 862500
3 09:18:44 9058 861008
4 09:25:30 18 861053
5 09:27:08 237 861053
6 09:33:00 16 861056
8 09:40:07 251 863000
7 09:40:07 101 862990
9 09:44:26 958 861094
13 09:47:07 948 864000
12 09:47:07 40 863900
11 09:47:07 100 863900
10 09:47:07 100 863000
14 09:47:39 93 864490
15 09:49:14 300 864490
16 10:06:19 30 865800
17 10:07:06 165 864491
18 10:08:24 1470 865800
19 10:16:44 242 861055
20 10:21:16 221 861111
21 10:24:02 100 864000
22 10:26:50 16 864000
24 10:32:46 115 865000
23 10:32:46 1000 865000
25 10:39:44 24 865000
26 10:40:16 97 862502
27 10:45:47 200 864491
28 10:49:24 26 864491
29 10:49:42 958 864491
30 10:50:27 548 864491
31 10:50:58 227 864491
32 11:05:30 1036 865500
33 11:13:24 1500 865999
34 11:18:20 32 864491
35 11:29:09 824 864491
36 11:31:25 1700 864491
37 11:53:36 300 864491
38 11:53:50 41 864491
39 12:04:00 50 864491
40 12:05:48 60 864491
41 12:11:00 115 864491
42 12:22:24 432 864491