1 09:01:37 99 875000
2 09:10:19 641 872001
3 09:12:05 208 872001
4 09:12:06 42 872001
5 09:13:54 52 872001
6 09:30:30 352 872001
7 09:34:26 1100 875000
8 09:47:50 476 872014
9 09:47:51 17 872014
10 09:56:40 43 872501
11 10:15:23 15 872511
12 10:22:45 143 875000
13 10:28:32 192 872513
14 10:46:49 48 872516
15 11:05:20 84 872521
16 11:11:48 1530 874000
17 11:11:54 434 875000
19 11:12:03 6 876000
18 11:12:03 977 876000
20 11:21:03 3070 876000
22 11:33:04 237 875000
21 11:33:04 880 875001
23 11:33:33 347 875002
24 11:45:10 1 875002
25 11:49:00 50 875002
26 11:54:23 213 875002
27 11:54:40 92 875002
28 12:11:15 30 875003
29 12:12:03 141 875003
30 12:12:04 246 875003
31 12:25:28 189 875003
32 12:29:01 461 875003