1 09:01:46 30 867853
2 09:03:06 233 867853
3 09:07:33 156 867854
4 09:18:22 18 867889
6 09:22:08 834 867888
5 09:22:08 385 867889
7 09:25:24 8 867889
8 09:30:35 827 867889
9 09:52:39 13 867889
10 09:52:41 276 867889
13 09:52:59 2475 867888
12 09:52:59 466 867888
11 09:52:59 876 867889
14 09:53:00 3064 867888
15 10:02:07 841 867888
16 10:02:46 219 868000
17 10:12:01 39 868500
18 10:24:24 105 868500
19 10:27:15 382 867431
20 10:36:03 166 867000
21 11:00:20 150 866510
22 11:03:14 1473 867869
23 11:08:43 687 866667
24 11:10:01 3673 867794
25 11:16:39 418 868000
26 11:20:27 500 868500
27 11:22:42 598 868000
28 11:24:53 1 866667
30 11:25:52 52 866666
29 11:25:52 104 866667
32 11:33:32 2193 867999
31 11:33:32 950 868000
33 11:47:16 191 866510
34 11:48:34 175 866510
35 11:51:35 74 866510
36 11:52:42 125 868000
37 12:12:53 57 868500