2 09:00:03 500 868900
1 09:00:03 933 868900
3 09:03:03 94 868900
4 09:13:00 275 863077
8 09:14:22 26 864000
7 09:14:22 517 864000
6 09:14:22 38 864000
5 09:14:22 110 864000
9 09:18:22 517 869000
12 09:18:50 681 864012
11 09:18:50 502 864022
10 09:18:50 564 864023
14 09:18:57 38 869000
13 09:18:57 26 869000
15 09:19:37 110 868990
17 09:19:43 110 869000
16 09:19:43 390 868990
18 09:37:04 1000 869997
20 09:58:20 1399 867009
19 09:58:20 865 867010
21 09:58:55 382 867817
22 10:06:50 463 867012
24 10:18:55 344 867011
23 10:18:55 406 867012
25 10:50:04 101 867016
26 11:00:42 719 867025
27 11:02:21 39 867030
28 11:03:28 10 867030
31 11:04:41 10 869000
30 11:04:41 39 869000
29 11:04:41 719 869000
33 11:05:56 1743 867021
32 11:05:56 551 867022
34 11:08:17 781 868000
35 11:09:21 200 867030
36 11:15:33 54 867106
38 11:19:11 588 867105
37 11:19:11 276 867106
39 11:34:12 7 867116
40 11:39:55 415 867900
41 11:41:19 212 867116
43 11:42:17 2194 867115
42 11:42:17 302 867116
44 11:46:16 216 869000
45 12:01:12 700 869000
46 12:05:43 100 868900
47 12:06:36 4 867152
48 12:07:07 4 867153
49 12:10:41 4 867159
51 12:13:10 352 867162
50 12:13:10 36 867162
54 12:14:29 893 867500
53 12:14:29 536 867502
52 12:14:29 134 867503
55 12:15:26 893 869000
56 12:25:11 224 869000
57 12:26:39 12 868001