3 09:00:04 2 844990
2 09:00:04 20 844990
1 09:00:04 23 844990
4 09:03:34 38 844243
5 09:03:35 41 844243
6 09:06:03 52 844300
7 09:08:17 2149 844301
8 09:09:31 143 844303
10 09:13:38 173 844351
9 09:13:38 125 844400
11 09:16:36 2036 844244
12 09:22:42 138 844351
13 09:23:06 650 844351
14 09:33:24 216 844360
16 09:38:43 16 844244
15 09:38:43 784 844360
17 09:39:44 1000 844244
19 09:41:11 100 844244
18 09:41:11 7105 844244
20 09:43:33 587 844244
21 09:54:12 437 844245
22 09:55:49 30 844990
23 10:00:04 305 844246
24 10:12:33 867 844272
25 10:14:19 826 844244
26 10:19:16 96 844500
27 10:19:31 36 844244
28 10:19:56 540 844244
29 10:20:55 1210 844300
30 10:35:41 495 844300
32 10:35:55 66 844300
31 10:35:55 59 844300
33 10:36:27 3875 844244
34 10:36:44 1541 844244
35 10:40:26 5000 844244
36 10:45:37 1000 844251
38 10:47:18 46 844500
37 10:47:18 4 844490
39 10:48:07 50 844400
40 10:49:39 150 844300
41 10:50:22 5200 844251
42 10:53:04 181 844244
43 10:53:49 3 844244
44 10:54:43 698 844244
45 10:55:28 605 844262
46 11:04:00 146 844244
48 11:06:14 785 844244
47 11:06:14 847 844244
49 11:11:04 200 844244
50 11:22:51 868 844244
51 11:27:22 200 844244
52 11:28:55 31 844244
53 11:31:40 60 844244
54 11:32:29 500 844244
55 11:36:05 891 844244
56 11:36:49 55 844244
57 11:37:20 639 844244
58 11:37:50 1230 844244
59 11:38:07 1255 844244
60 11:39:32 152 844251
61 11:39:45 41 844251
62 11:41:37 6 844489
63 11:44:11 1010 844244
64 12:01:30 4000 844243
66 12:02:06 818 844243
65 12:02:06 3924 844243
67 12:08:10 423 844243
68 12:09:26 900 844243
69 12:12:19 5004 844243
70 12:13:17 6 844350
71 12:20:35 786 844243
72 12:21:58 491 844243
73 12:25:40 2402 844243
74 12:26:30 94 844243
75 12:28:28 23 844300
76 12:29:11 127 844243