1 09:08:29 245 844705
2 09:11:29 50 844800
3 09:11:37 564 844800
4 09:14:06 191 845000
5 09:14:57 21 849000
6 09:18:38 53 849000
7 09:20:48 9 845000
8 09:21:10 550 845000
9 09:21:23 10 845000
10 09:21:51 415 845000
11 09:23:23 1100 845000
12 09:23:53 44 845000
13 09:27:07 109 845000
14 09:32:24 605 845000
15 09:35:15 322 845000
16 09:39:54 21 845000
17 09:40:11 26 844900
18 09:40:26 26 844900
19 09:40:31 311 844900
21 09:44:40 4 844900
20 09:44:40 26 844900
22 09:50:36 253 844900
24 09:59:58 106 844900
23 09:59:58 143 844900
26 10:00:58 91 844800
25 10:00:58 294 844900
27 10:03:00 26 845000
29 10:08:31 473 847000
28 10:08:31 153 847000
30 10:08:54 460 848000
31 10:09:17 108 848900
32 10:09:25 200 848999
33 10:09:32 845 849000
35 10:09:41 950 849999
34 10:09:41 50 849999
37 10:09:48 460 849999
36 10:09:48 93 849999
38 10:10:01 467 849999
39 10:10:11 588 849999
41 10:10:12 190 850000
40 10:10:12 950 850000
42 10:10:26 7 854875
43 10:11:09 2591 854501
44 10:11:10 758 854501
45 10:12:11 7 845003
46 10:12:33 560 854499
47 10:12:39 1575 854499
48 10:13:05 251 845499
49 10:13:16 8 845490
50 10:13:19 192 845490
51 10:13:52 259 854391
52 10:13:55 192 854391
53 10:34:57 270 846123
54 10:43:24 6 853989
55 10:52:16 91 849536
56 10:54:08 91 853899
57 11:02:41 1747 849001
58 11:07:55 202 849001
59 11:08:49 9424 849001
60 11:09:28 942 849001
63 11:13:35 13854 848101
62 11:13:35 500 849000
61 11:13:35 2993 849001
64 11:24:28 37 848956
65 11:24:52 21 847001
66 11:26:01 300 847001
67 11:40:01 1750 847101
68 11:46:12 237 847101
69 11:50:25 8838 847101
70 11:50:49 266 848000
75 11:54:11 11500 845101
74 11:54:11 768 845102
73 11:54:11 4900 845200
72 11:54:11 300 845200
71 11:54:11 30 847100
80 11:57:37 10000 845000
79 11:57:37 540 845000
78 11:57:37 5000 845100
77 11:57:37 210 845100
76 11:57:37 30 845100
82 12:03:34 3200 842000
81 12:03:34 400 842222
83 12:14:48 7 844000
84 12:14:49 22 844000
85 12:18:09 100 845255
87 12:18:31 623 844000
86 12:18:31 77 844000
88 12:23:07 236 844501
89 12:24:21 10 844855
90 12:25:43 924 844052
91 12:28:08 110 844800
92 12:28:18 333 844800
93 12:29:05 623 844800
94 12:29:56 400 844800