2 09:11:52 3329 868000
1 09:11:52 651 868001
5 09:21:11 145 868021
4 09:21:11 10 868021
3 09:21:11 502 868022
6 09:22:03 200 870616
7 09:23:07 10 868100
9 09:23:15 353 868100
8 09:23:15 114 868100
11 09:23:53 169 870616
10 09:23:53 140 870616
12 09:26:13 114 872969
13 09:27:31 353 872979
15 09:38:12 414 872949
14 09:38:12 200 872940
16 09:39:05 200 872959
17 09:39:58 121 868206
18 09:40:50 522 872959
20 09:43:35 244 872968
19 09:43:35 128 872968
21 09:53:34 20 872989
22 09:55:42 1316 872800
23 10:00:45 104 870106
24 10:06:33 50 872989
26 10:07:36 1000 873000
25 10:07:36 566 873000
27 10:16:40 500 873990
28 10:26:50 73 874000
30 10:45:17 1000 874845
29 10:45:17 425 874845
32 10:53:21 4678 874850
31 10:53:21 180 874845
34 11:30:26 184 874000
33 11:30:26 138 874000
35 11:32:34 1000 872103
36 11:32:58 350 872103
37 11:42:33 68 872103
38 11:46:26 200 872122
39 12:02:25 789 873000
40 12:04:51 1184 873000
41 12:07:58 124 873000
42 12:21:45 570 873000
43 12:25:08 600 873100
45 12:26:39 6190 874950
44 12:26:39 100 874950