1 09:02:36 500 860000
2 09:21:51 20 853672
3 09:52:48 246 860000
4 10:06:12 250 860002
5 10:20:49 365 860002
6 10:32:07 274 860002
8 10:38:42 18889 860000
7 10:38:42 6111 860002
9 10:53:11 1095 860000
13 10:57:35 6111 860000
12 10:57:35 3905 860000
11 10:57:35 200 860010
10 10:57:35 200 860010
14 11:31:14 1213 860000
17 11:33:36 5787 860000
16 11:33:36 19213 860000
15 11:33:36 787 860000
18 11:43:27 1 858520
22 11:50:21 103 858201
21 11:50:21 50 858210
20 11:50:21 200 858210
19 11:50:21 9 858520
24 11:54:47 357 858201
23 11:54:47 10 858210
25 11:55:34 59 857000
26 11:57:26 441 857000
28 12:00:11 417 856511
27 12:00:11 16 856515
29 12:01:26 2536 857000
30 12:01:29 537 856511
31 12:05:55 26 851011
32 12:13:10 100 856000
33 12:18:07 40 856000
34 12:20:59 7821 857000