1 09:08:23 25 872001
2 09:16:47 1000 875900
3 09:17:46 323 876000
4 09:21:29 47 876000
5 09:21:46 402 876000
6 09:21:52 264 876000
7 09:28:55 500 876000
8 09:44:07 155 876004
9 09:49:23 573 876005
10 09:49:24 1710 876005
11 09:49:39 300 876005
12 09:51:22 434 876005
13 09:55:25 56 876011
14 09:55:26 573 876011
15 09:55:43 500 876011
17 09:55:55 500 876600
16 09:55:55 500 876500
18 10:23:38 172 876054
19 10:28:40 466 876056
20 10:44:37 300 876058
21 10:54:05 297 876082
22 10:57:11 200 876081
23 10:57:28 53 876082
24 11:03:24 1 876083
26 11:14:26 725 876085
25 11:14:26 7 876085
27 11:15:54 1473 876084
28 11:17:01 200 876085
29 11:22:52 388 876082
31 11:36:53 457 876081
30 11:36:53 141 876082
32 11:56:10 114 876090
33 11:56:29 477 876091
35 11:59:05 411 876091
34 11:59:05 144 876092
36 12:05:44 6 876095
37 12:10:51 57 876102
38 12:11:45 690 876103
40 12:25:40 562 876103
39 12:25:40 35 876104