1 09:14:26 97 870070
2 09:30:52 429 872000
4 09:31:07 903 872000
3 09:31:07 71 872000
5 09:32:32 150 868006
6 09:42:44 1907 870000
7 09:42:44 93 870000
8 09:43:50 1229 870000
9 09:52:01 526 872000
10 09:55:29 158 871002
11 09:55:52 143 871002
13 09:56:09 23301 870001
12 09:56:09 1699 871002
14 09:56:49 1699 870001
15 09:58:00 6782 870001
16 10:08:50 29 870001
17 10:12:39 466 870001
18 10:21:12 713 870007
19 10:30:26 57 870021
20 10:38:34 1500 873000
21 11:05:48 700 872001
22 11:14:43 164 872001
23 11:29:50 4381 872001
24 11:40:33 754 872001
25 12:16:40 80 873980
26 12:16:40 2131 873980