2 09:12:14 50 865990
1 09:12:14 1000 865990
3 09:17:04 1170 861201
4 09:19:34 341 862101
5 09:20:04 341 865900
6 09:32:56 252 865000
7 09:34:35 1807 866000
8 09:41:53 3327 866000
11 09:42:31 1193 863001
10 09:42:31 999 863111
9 09:42:31 10 864000
13 09:45:16 43 863001
12 09:45:16 7 865155
14 09:45:30 7 864999
15 09:45:41 24 862402
16 09:47:00 100 866000
17 09:47:42 100 866000
17 09:47:42 100 866000
19 09:50:12 758 863001
18 09:50:12 742 863005
20 09:50:44 742 866000
21 09:50:47 3345 865000
22 09:53:54 500 865990
24 09:56:10 280 863001
23 09:56:10 730 863010
25 09:56:33 730 866000
26 09:56:48 211 862402
27 10:07:31 129 866000
28 10:08:39 110 866000
29 10:14:20 500 865990
30 10:28:56 462 863562
31 10:55:36 234 864616
32 11:01:41 474 864618
34 11:15:09 904 864679
33 11:15:09 786 864680
35 11:16:28 904 866000
36 11:35:47 161 865003
37 11:43:53 144 865006
38 11:48:26 14 865006
40 11:49:48 2000 866988
39 11:49:48 1000 866980
41 12:11:51 294 866988
42 12:16:56 105 866988
43 12:29:51 2000 866988