1 09:04:37 2000 853001
2 09:04:39 3000 853001
3 09:12:08 70 857000
4 09:15:06 1729 857000
5 09:19:04 50 857000
6 09:19:46 788 857000
7 09:24:43 2000 859000
8 09:50:01 363 860000
9 09:54:16 58 860000
11 10:08:33 8 860000
10 10:08:33 40 860010
12 10:09:00 300 860000
14 10:14:45 706 860000
13 10:14:45 10 860010
18 10:21:59 800 862990
17 10:21:59 100 862990
16 10:21:59 363 862990
15 10:21:59 500 861000
19 10:39:28 986 856701
20 10:50:36 455 856702
22 10:58:11 460 862000
21 10:58:11 1709 862000
22 10:58:11 460 862000
21 10:58:11 1709 862000
23 11:07:40 58 859001
24 11:07:42 324 859001
26 11:24:29 83 860000
25 11:24:29 20 860010
27 11:31:22 20 860010
28 11:32:10 20 860010
29 11:33:31 72 860010
30 11:35:20 84 860010
31 11:36:36 230 860010
32 11:45:15 100 860010
33 11:45:20 76 860010
34 11:56:13 4 860010
36 12:04:21 394 860000
35 12:04:21 2 860010
37 12:19:28 50 860000