1 09:13:36 555 780284
2 09:13:36 40 780284
3 09:33:54 10 781500
4 09:33:54 139 781500
5 09:54:45 10 779202
6 10:34:14 517 781505
7 11:00:47 2800 781506
8 11:01:26 400 781506
9 11:05:24 10 782450
10 11:05:24 5000 782450
11 11:05:24 39 784900
12 11:05:24 16000 785000
13 11:05:24 254 785000
14 11:18:29 5800 781508
15 11:18:41 300 781505
16 11:40:18 1187 781505
17 11:41:26 600 781505
18 11:45:17 857 781505
19 11:49:17 360 781505
20 11:50:11 41 781505
21 11:54:31 4825 782500
22 11:54:31 56 782500
23 11:54:31 20119 785000
24 11:54:31 4881 785000
25 11:54:31 20119 785000
26 11:54:32 4881 785000
27 11:54:32 20119 785000
28 11:54:36 3716 785000
29 12:03:41 210 781505
30 12:04:14 5000 783000
31 12:04:14 5374 785000
32 12:25:16 6000 781505
33 12:25:37 40 783000
34 12:25:37 5411 784000
35 12:26:18 800 784000
36 12:26:25 1459 784000