1 09:24:44 7 767082
2 09:31:07 200 765600
3 09:42:51 600 765600
4 09:47:19 44 765600
5 10:07:25 1235 765600
6 10:20:42 60 769989
7 10:24:48 10000 764911
8 10:29:11 1219 769989
9 10:29:39 13 768000
10 10:33:34 700 764911
11 10:40:50 5000 768000
12 10:41:05 9287 765000
13 10:43:26 1157 765583
14 10:44:02 1157 768000
15 10:57:42 7 764912
16 11:33:49 914 765999
17 11:34:36 58 768000
18 11:34:46 914 768000
19 11:57:49 261 764926
20 12:01:53 60 764926
21 12:16:44 300 765902
21 12:16:44 300 765902
22 12:19:11 1312 764926
23 12:19:46 40 766999
24 12:20:18 300 767999
25 12:20:59 7 767999
26 12:22:57 100 767999
27 12:23:42 500 764926