1 09:17:54 22 745166
2 09:32:51 8 748905
3 09:32:51 3400 745189
4 09:32:51 2537 745180
5 09:32:51 1663 745179
6 09:32:59 8 753990
7 09:41:37 271 749000
8 09:51:38 45 749122
9 09:51:38 1189 749122
10 09:55:43 4729 749000
11 09:55:43 8 749000
12 09:56:10 1953 749000
13 09:59:48 8 749833
14 09:59:48 4676 746009
15 10:02:45 1967 751900
16 10:03:02 700 749000
17 10:03:06 500 749000
18 10:05:30 1500 749000
19 10:23:11 8 748534
20 10:23:11 7 747501
21 10:23:12 170 747000
22 10:32:34 3600 751000
23 10:32:53 3000 751000
24 10:44:42 8 748163
25 10:44:43 992 748163
26 10:45:04 8 751987
27 10:47:06 1426 751900
28 10:58:04 10 751970
29 11:04:01 620 751500
30 11:05:54 5000 751970
31 11:06:18 5000 751970
32 11:06:32 5000 751970
33 11:06:46 5000 751970
33 11:06:46 5000 751970
34 11:06:53 5000 751970
34 11:06:53 5000 751970
35 11:07:01 5000 751970
35 11:07:01 5000 751970
36 11:07:43 5000 751970
37 11:08:19 5000 751970
38 11:08:25 5000 751970
39 11:08:29 5000 751970
39 11:08:29 5000 751970
40 11:08:32 5000 751970
40 11:08:32 5000 751970
41 11:08:40 5000 751970
41 11:08:40 5000 751970
42 11:16:46 1499 751959
43 11:16:49 3000 751960
44 11:16:53 3212 751965
45 11:16:56 5000 751967
46 11:17:09 5000 751965
47 11:17:31 5000 751960
48 11:17:48 3212 751960
49 11:24:41 12 750000
50 11:25:01 12 751900
51 11:27:50 30 751900
52 11:33:08 1788 751960
53 11:46:49 10 749276
54 11:46:50 990 749276
55 11:47:11 8 751977
56 11:52:14 4130 751800
57 11:56:04 8 749833
58 11:56:05 59 749833
59 11:56:23 8 751977
60 12:05:05 10 748720
61 12:05:05 57 748720
62 12:05:26 8 751975
63 12:09:37 8 748720
64 12:09:37 8 748163
65 12:09:37 10 746111
66 12:09:37 227 746004
67 12:09:52 7 751973
68 12:13:31 973 751971
69 12:13:31 27 751972
70 12:13:34 973 751972
71 12:19:32 8 749276
72 12:23:51 992 750000
73 12:24:00 310 751000
74 12:28:31 250 750000