1 09:06:14 100 767000
2 09:36:30 502 767120
3 09:44:46 1616 767229
4 10:07:25 870 768010
5 10:09:02 2332 768010
6 10:11:27 176 768001
7 10:21:27 82 768012
8 10:44:28 194 768011
9 10:56:27 503 768101
11 10:57:31 4654 769000
10 10:57:31 846 769000
12 10:57:56 300 769000
13 10:58:14 46 769000
14 10:59:38 501 769100
15 11:00:35 5000 770000
16 11:03:12 7 770164
17 11:05:03 550 770000
18 11:05:58 791 769999
19 11:06:09 4443 770000
20 11:17:16 1076 770000
21 11:33:08 5000 770000
23 11:33:19 7 770000
22 11:33:19 4032 770000
24 11:35:26 3407 768500
25 11:37:55 961 770000
26 11:39:32 1000 770000
27 11:42:12 20000 770000
29 11:42:29 7 770000
28 11:42:29 3039 770000
30 11:46:38 290 768500
31 11:46:50 2040 768500
32 11:47:44 854 768500
33 11:48:33 1500 768500
34 11:50:34 6464 768500
35 11:53:42 1 768500
36 11:54:19 100 768500
37 11:55:38 549 768500
38 11:57:10 100 768500
39 11:58:53 130 768500
40 12:09:37 1500 768500
41 12:09:41 100 768500
42 12:09:54 564 768500
43 12:12:47 100 768500
44 12:14:46 1565 768500
45 12:19:08 216 768500
48 12:29:34 1226 767601
47 12:29:34 200 768010
46 12:29:34 10 768100