1 09:36:20 100 774000
2 09:45:18 4347 774000
3 10:07:30 100 774000
4 10:21:58 90 775000
6 10:43:24 92 774000
5 10:43:24 44 774010
8 10:57:39 9910 775000
7 10:57:39 1500 774999
9 11:09:46 1416 775000
11 11:27:54 12826 775000
10 11:27:54 12174 775000
12 11:28:01 10000 775000
13 11:43:37 15 775001
14 11:46:20 47 775001
15 12:08:31 1762 775003
16 12:09:27 7 775450
17 12:10:28 7 775500
19 12:29:37 3162 775003
20 12:29:37 6838 775002
21 12:29:37 18162 775002
22 12:29:37 2174 775002
23 12:29:37 4664 775002
18 12:29:37 10000 775003
24 12:29:54 10000 775002