1 09:13:15 1840 785011
2 10:01:58 74 786500
3 10:41:38 95 786500
4 10:46:45 1271 786500
5 10:48:23 3 786500
6 10:49:48 707 786500
7 11:09:33 18 786500
12 11:25:32 2145 789700
11 11:25:32 300 789000
10 11:25:32 5000 789000
9 11:25:32 20 788990
8 11:25:32 3300 788990
13 11:27:46 40 786500
15 11:46:28 5030 787000
14 11:46:28 25000 787000
17 11:47:37 10000 788231
16 11:47:37 5000 788000
18 12:08:44 5000 788000
20 12:13:27 5000 788000
19 12:13:27 1000 788000
21 12:16:28 3135 788000
24 12:25:57 5000 788000
23 12:25:57 300 788000
22 12:25:57 1865 788000
26 12:28:00 3213 786500
25 12:28:00 7 786510