5 09:46:23 818 763155
4 09:46:23 500 763555
3 09:46:23 1000 763557
2 09:46:23 500 763666
1 09:46:23 90 765000
6 10:07:47 847 767000
7 10:07:55 427 768000
9 10:09:41 745 765000
8 10:09:41 100 765000
11 10:12:56 790 765000
10 10:12:56 10 765111
13 10:47:29 137 765112
12 10:47:29 200 765112
14 10:54:17 92 765555
18 10:54:34 200 765127
17 10:54:34 200 765127
16 10:54:34 63 765127
15 10:54:34 200 765127
22 10:54:58 110 765100
21 10:54:58 500 765100
20 10:54:58 445 765100
19 10:54:58 1000 765101
23 11:00:58 450 765100
25 11:08:46 224 765112
24 11:08:46 200 765112
28 11:10:34 119 765122
27 11:10:34 200 765122
26 11:10:34 500 765122
30 11:19:14 127 765122
29 11:19:14 81 765122
33 11:22:15 392 765122
32 11:22:15 500 765122
31 11:22:15 149 765122
38 11:29:29 100 765122
37 11:29:29 200 765122
36 11:29:29 300 765122
35 11:29:29 300 765122
34 11:29:29 208 765122
39 11:29:34 500 765120
40 11:31:39 500 765200
41 11:32:43 14762 765199
42 11:33:49 1200 765200
43 11:33:57 100 765200
44 11:33:59 100 765200
45 11:34:01 100 765200
46 11:36:05 100 765200
47 11:36:07 100 765200
48 11:36:16 50 765200
49 11:37:00 332 765120
50 11:39:36 1650 765120
51 11:40:33 52 765200
53 11:41:50 3000 765600
52 11:41:50 768 765200
54 11:49:01 513 765120
55 11:59:26 100 765200
57 12:09:59 851 765200
56 12:09:59 46 765255
59 12:11:20 12000 766980
58 12:11:20 549 766500
60 12:24:08 261 765205
61 12:28:06 1274 765205