1 09:04:47 158 776000
2 09:13:39 60 776150
3 09:15:36 1940 776150
4 09:16:52 653 776500
7 09:23:08 2000 776500
6 09:23:08 7500 776501
5 09:23:08 1000 776600
8 09:24:15 5000 776500
9 09:24:34 5000 776500
11 09:25:05 500 776500
10 09:25:05 4500 776500
12 09:25:37 24500 776500
13 09:28:51 1121 776203
14 09:43:41 55 776214
16 09:44:39 24440 776500
15 09:44:39 560 776481
18 09:44:44 23060 776500
17 09:44:44 560 776500
19 09:51:08 1607 776301
20 10:06:44 856 776306
21 10:26:50 128 776700
23 10:51:19 360 776700
22 10:51:19 10 776800
24 11:08:01 1000 776800
26 11:09:17 1000 778500
25 11:09:17 3140 778400
27 11:16:44 6362 776800
29 11:22:25 25000 777500
28 11:22:25 25000 777500
30 11:22:26 25000 777500
31 11:22:31 5000 777500
32 11:28:09 30 777500
33 11:48:49 645 777600
34 12:08:43 3000 777600
35 12:11:27 20000 778900
36 12:24:36 454 777600
37 12:29:44 53 779000