7 09:13:25 755 763000
6 09:13:25 150 764100
5 09:13:25 325 764150
4 09:13:25 250 764200
3 09:13:25 245 764221
2 09:13:25 225 764353
1 09:13:25 100 764500
8 09:13:51 8 771990
10 09:26:36 6488 765001
9 09:26:36 2100 765099
11 09:34:12 7 771988
12 09:39:33 520 765250
13 10:22:08 1104 765300
14 10:22:24 226 765300
20 10:25:22 1000 771899
19 10:25:22 110 771799
18 10:25:22 1100 771799
17 10:25:22 461 769800
16 10:25:22 2000 769800
15 10:25:22 380 769800
21 10:54:12 120 771000
22 10:54:17 25000 771000
23 10:54:39 25000 771000
24 10:55:13 17408 771000
25 10:55:36 1000 771000
26 11:02:29 130 771000
27 11:03:09 226 770001
28 11:29:05 2000 771000
29 11:30:44 100 770300
30 11:40:22 129 770113
32 11:45:17 2634 770512
31 11:45:17 7 771499
33 12:01:10 2589 770114
34 12:01:54 150 770114
35 12:08:52 3900 770114
36 12:10:39 5000 771000
37 12:12:45 3740 770114
38 12:16:11 35 771000
39 12:29:19 700 770114