1 09:01:07 338 752000
2 09:03:00 69 751001
3 09:07:59 160 751002
4 09:15:29 285 751003
5 09:15:31 2565 751003
6 09:22:16 2000 751011
6 09:22:16 2000 751011
6 09:22:16 2000 751011
7 09:34:51 134 752000
9 09:43:03 4 752000
8 09:43:03 30 752010
10 09:47:45 30 759890
11 09:47:50 90 759900
12 09:48:51 460 760000
13 09:49:01 9 752001
14 09:54:51 358 752301
15 09:58:07 2006 756000
16 09:58:31 2006 759997
18 10:12:57 2541 759900
17 10:12:57 370 759900
19 10:32:30 357 753211
20 10:34:20 393 753211
21 10:39:49 4141 758100
22 10:40:48 4343 758999
23 10:41:04 800 759800
24 10:41:22 4141 759899
25 11:06:25 25000 753211
26 11:06:45 25000 753211
27 11:07:10 20687 753211
28 11:14:29 10 759700
29 11:15:13 1086 754003
30 11:33:57 2410 754001
32 11:36:22 1000 754001
31 11:36:22 10000 754001
33 11:39:59 464 754001
35 11:41:14 1909 754000
34 11:41:14 5040 754001
36 11:42:53 4551 754000
38 11:56:37 10000 756000
37 11:56:37 5000 755999
40 12:10:04 2313 754122
39 12:10:04 60 754123
42 12:22:44 6072 754124
41 12:22:44 50 754126
45 12:29:37 1895 754124
44 12:29:37 11 754126
43 12:29:37 44 754126