1 09:05:25 614 750268
2 09:09:47 1500 750269
3 09:09:47 14386 750268
4 09:10:23 450 750000
5 09:11:46 6000 750268
6 09:13:26 3028 750268
7 09:15:48 62 750269
8 09:21:26 196 750269
9 09:27:09 1737 750269
10 09:31:08 2604 750269
11 09:33:39 614 750269
12 09:33:52 9386 750269
13 09:33:52 11990 750268
14 09:34:17 5217 750268
16 09:50:24 10000 750270
15 09:50:24 500 750270
17 09:50:32 25000 750269
18 09:50:36 123 750268
19 09:51:28 500 750269
20 09:51:35 16877 750268
23 10:01:03 5364 750270
22 10:01:03 3600 750270
21 10:01:03 1000 750270
24 10:04:00 145 750900
25 10:04:44 25000 750271
26 10:04:58 4636 750270
27 10:06:54 17000 750269
28 10:08:08 154 750269
29 10:09:42 49 750900
30 10:23:19 82 750270
31 10:35:33 424 750276
32 10:37:07 2040 750276
33 10:42:40 3311 750276
34 10:53:38 10 750271
35 11:06:55 9400 750273
36 11:08:11 300 750273
37 11:09:28 783 750273
38 11:10:55 2165 750275
39 11:11:17 12342 750275
40 11:11:17 2693 750274
41 11:27:14 550 750273
42 11:45:22 420 750273
43 11:48:54 4183 750273
44 11:49:49 20817 750273
45 12:00:07 1000 750269
46 12:02:27 14823 750269
47 12:03:27 450 750269
48 12:12:01 270 750269
52 12:12:24 15023 750268
51 12:12:24 1000 750269
50 12:12:24 520 750269
49 12:12:24 8457 750269
53 12:12:27 1977 750268
54 12:14:57 500 750268
55 12:15:10 16500 750268
58 12:21:46 1240 713012
57 12:21:46 500 723580
56 12:21:46 10 739051
59 12:22:21 8 753789
60 12:22:29 2000 718733
61 12:22:38 8 753789
62 12:23:36 1240 750268
63 12:23:37 2000 750268
64 12:23:38 5049 750268
65 12:26:19 2117 750268