1 09:40:36 100 784999
2 09:40:36 10 784999
3 09:53:27 129 784999
4 10:25:31 10 785100
5 10:25:31 10 785100
6 10:25:31 230 785011
7 10:25:31 805 785000
8 10:27:43 1500 784526
9 10:46:15 375 785000
10 11:01:31 49 785000
11 11:02:53 2674 785800
12 11:02:53 2122 785900
13 11:02:53 1200 786000
14 11:02:53 6466 786000
15 11:09:13 392 786000
16 11:20:54 129 786797
17 11:20:54 10000 786800
18 11:38:26 10000 788000
19 11:47:41 407 786010
20 12:09:34 5000 788000
21 12:10:23 10000 789000
22 12:12:59 62 786011
23 12:16:33 5000 788000
24 12:16:33 20000 788000