2 09:43:15 9606 775150
1 09:43:15 3500 775159
4 09:43:18 9606 775123
3 09:43:18 15394 775124
5 09:54:01 2514 777000
6 10:04:14 473 775202
7 10:06:49 470 775215
8 10:08:30 209 775216
10 10:15:39 500 777000
9 10:15:39 4689 777000
11 10:21:15 1000 776211
12 10:45:21 229 776216
13 11:23:04 63 777800
14 11:36:06 505 776221
16 11:36:44 1971 777800
15 11:36:44 1209 777800
17 12:03:48 5125 776223
18 12:04:01 5000 777900
20 12:04:10 10390 778000
19 12:04:10 1420 778000
21 12:11:50 100 776223
22 12:19:04 104 777000
23 12:20:34 2 777000
24 12:27:51 2 777001