1 09:14:46 140 778000
2 09:15:14 2300 778000
3 09:19:16 1000 778005
4 09:29:25 1500 778008
5 09:40:53 419 778051
6 09:49:10 13 778346
7 09:51:26 129 778346
8 10:01:49 90 778200
9 10:14:09 740 778200
10 10:42:19 129 779999
11 10:42:19 1000 780000
12 10:42:19 100 781000
13 10:47:51 371 781000
14 10:49:46 22400 781000
15 11:08:35 497 778200
18 11:10:38 7 781000
17 11:10:38 2600 781000
16 11:10:38 1233 780999
19 11:11:19 21160 781000
20 11:11:36 3840 781000
21 11:13:36 21160 781000
22 11:15:19 3840 781000
23 11:18:55 21160 781000
24 11:19:51 3840 781000
25 11:20:13 1000 781000
26 11:27:47 53 781000
27 11:29:33 1000 781000
28 11:49:39 157 782980
29 11:49:39 3000 782980
30 11:49:39 21843 782990
31 11:49:40 3157 782990
32 11:49:40 12 782990
33 11:49:40 120 782990
34 11:49:40 5000 783000
35 11:49:40 1001 783000
36 11:55:53 2000 781000
37 12:05:01 805 781000
38 12:24:17 16302 781000
39 12:24:17 8698 781000
40 12:24:21 16302 781000