1 09:14:34 115 763002
2 09:14:52 410 763002
3 09:23:09 8 764948
4 09:29:58 5907 764011
5 09:30:23 276 764011
6 09:44:50 1242 764020
8 09:55:05 834 764010
7 09:55:05 758 764020
9 09:55:18 2166 764010
13 09:56:10 2569 766993
12 09:56:10 3000 766990
11 09:56:10 1142 764948
10 09:56:10 1834 764940
14 10:12:29 450 766990
15 10:12:37 8 766993
16 10:12:53 1000 768999
17 10:13:58 1458 768000
18 10:14:18 8 768000
19 10:26:04 435 768000
20 11:07:46 244 764101
21 11:16:16 133 764450
22 11:43:42 1694 768000
23 11:45:00 133 768000
24 11:54:52 200 768000
25 11:56:02 500 765571
26 11:57:34 2000 765571
27 11:59:55 345 765576
28 12:02:23 150 765576
29 12:04:39 1210 765576
30 12:19:09 1000 765576
31 12:20:32 2000 765576
32 12:26:39 540 765576