1 09:01:16 266 755064
2 09:21:16 3 756000
3 09:22:10 51 756000
4 09:43:17 8 756000
5 10:06:36 70 771120
6 10:06:37 38 771120
7 10:09:08 1002 776090
8 10:09:12 100 771120
10 10:09:21 116 776090
9 10:09:21 290 776090
11 10:09:31 110 776090
12 10:09:45 74 776090
13 10:09:45 70 776090
14 10:11:25 81 776090
15 10:11:49 100 771120
16 10:11:59 45 780000
17 10:12:16 3187 780000
18 10:12:16 1554 780000
19 10:12:16 1549 780000
20 10:12:25 1306 780000
21 10:12:25 142 780000
22 10:25:13 300 779900
25 10:27:24 1101 779900
24 10:27:24 300 779900
23 10:27:24 3 779900
27 10:30:10 161 779899
26 10:30:10 189 779899
28 10:41:03 350 775000
29 10:44:06 10 771200
30 10:49:33 69 771200
31 10:52:08 25000 774500
32 10:52:24 9 771200
33 10:52:24 724 771120
34 10:52:24 322 771120
35 10:52:24 354 771120
36 10:52:24 362 771120
37 10:52:24 400 771120
38 10:52:54 25000 774500
39 10:53:16 10000 774500
50 10:56:32 579 771120
51 10:56:32 658 771120
52 10:56:32 301 771120
53 10:56:32 301 771120
54 10:56:32 301 771120
55 10:56:32 322 771120
56 10:56:32 298 771120
57 10:56:32 781 771120
58 10:56:32 223 771120
59 10:56:32 351 771120
60 10:56:32 351 771120
61 10:56:32 355 771120
62 10:56:32 724 771120
49 10:56:32 1107 771120
48 10:56:32 369 771120
47 10:56:32 348 771120
46 10:56:32 682 771120
45 10:56:32 351 771120
44 10:56:32 369 771120
43 10:56:32 711 771120
42 10:56:32 362 771120
41 10:56:32 322 771120
40 10:56:32 382 771120
63 11:26:54 531 755700
64 11:42:03 5000 755804
65 11:56:30 540 767500
66 11:56:30 531 768000
67 11:56:30 1000 769600
68 11:56:30 1929 769977
69 11:56:39 700 769977
70 11:56:47 500 769977
71 11:57:03 1871 769977
72 11:57:03 729 771120
73 11:57:19 13723 771120
74 11:57:19 1796 771120
75 11:57:26 1444 773000
77 11:57:40 70 774573
76 11:57:40 770 774573
79 11:57:46 1556 775000
78 11:57:46 150 775000
80 11:57:50 5200 775000
81 11:57:56 291 775000
82 12:00:19 77 756004
85 12:22:38 3700 760001
84 12:22:38 30 760002
83 12:22:38 7 760002
86 12:24:26 3456 760000
87 12:29:44 2309 760000