1 09:19:10 100 777000
2 09:24:04 421 774014
3 09:36:11 20 775036
4 09:51:14 49 775202
5 10:13:45 11 778000
6 10:14:20 119 778000
7 10:17:13 130 776000
8 10:43:46 3600 777583
9 10:47:21 613 775320
10 10:54:25 230 775352
11 11:13:18 500 777580
12 11:13:18 2 777580
13 11:13:18 67 777580
14 11:13:38 8202 777583
15 11:25:43 3000 775401
16 11:47:05 1000 775501
17 11:52:40 212 777500
19 11:52:53 1000 778000
18 11:52:53 610 778000
20 11:55:43 64 778000
24 11:59:47 55 778000
23 11:59:47 1000 778000
22 11:59:47 50 778000
21 11:59:47 936 778000
25 12:13:59 500 777000
26 12:14:09 1000 777000
27 12:14:15 83 777000
28 12:14:32 1000 777000
29 12:16:03 50 777000
30 12:22:35 3 777998
31 12:29:10 100 777900