2 09:07:27 2107 772200
1 09:07:27 20 772201
3 09:19:37 582 772200
6 09:31:52 88 772300
5 09:31:52 20 772510
4 09:31:52 100 773000
7 09:38:31 200 772300
8 09:39:29 200 773000
9 09:53:58 17000 773000
15 10:14:20 2258 775000
14 10:14:20 686 775000
13 10:14:20 200 775000
12 10:14:20 326 774990
11 10:14:20 200 774989
10 10:14:20 660 774000
16 10:15:06 7 778000
17 10:26:31 196 772304
18 10:28:30 6 772324
19 11:29:11 21000 774000
20 11:37:41 1997 773900
21 11:37:41 4000 774000
22 11:37:41 19003 774000
24 11:37:43 19003 774000
23 11:37:43 5997 774000
26 11:37:50 19003 774000
25 11:37:50 5997 774000
27 11:37:52 5997 774000
28 11:53:49 1788 774000
29 11:56:10 130 774000
30 11:59:15 48 774000
31 12:02:53 300 774000
32 12:03:04 338 774000
33 12:09:50 5000 774300
34 12:09:58 1000 774600
35 12:21:13 503 774000
36 12:23:53 4000 774000
37 12:24:07 186 774000
38 12:24:30 3000 774000
39 12:28:37 5000 774000
40 12:29:02 2000 774000