1 09:18:06 2800 786000
2 09:29:52 675 781704
3 09:29:52 115 781703
4 09:29:52 2 781702
5 09:29:52 7752 781700
6 09:55:29 2 781715
7 09:55:29 128 781715
8 10:00:23 100 781720
9 10:00:23 900 781715
10 10:26:23 100 781816
11 11:00:04 2 781836
12 11:09:24 135 781832
14 11:12:46 198 781836
13 11:12:46 216 781832
17 11:32:32 3080 784000
16 11:32:32 136 783000
15 11:32:32 80 783000
18 11:41:47 3696 783100
22 11:45:22 1000 784998
21 11:45:22 1028 784996
20 11:45:22 264 784900
19 11:45:22 1000 784899
23 11:55:39 191 784001
24 12:05:17 1234 784001
25 12:16:40 2 784002
26 12:20:29 414 784993
27 12:20:29 1000 784994
28 12:20:29 1000 784994
32 12:23:07 5000 786000
31 12:23:07 100 785990
30 12:23:07 100 785990
29 12:23:07 679 784999
33 12:29:48 5000 786000