1 09:17:08 455 774023
2 09:48:33 32 774302
3 09:59:16 87 774302
4 10:25:55 876 774500
5 10:32:31 150 774500
9 11:03:59 23974 776500
8 11:03:59 1026 774500
7 11:03:59 2500 774500
6 11:03:59 1474 774500
10 11:06:24 64 775000
11 11:06:24 677 775000
12 11:09:10 1026 776500
13 11:09:10 20000 776500
14 11:09:26 5653 776656
15 11:25:58 20000 776600
16 11:44:38 756 775003
17 11:55:23 72 775003
18 11:55:41 1731 775003
19 12:06:33 4 775003
20 12:18:13 671 775100
21 12:19:11 2130 775100
22 12:21:20 2 775101
23 12:21:20 404 775100
24 12:23:47 5000 775100
25 12:26:56 5000 776297
26 12:26:56 2870 776300
27 12:26:56 5000 777999
28 12:29:12 5200 782990