1 09:08:58 8 768050
2 09:12:09 250 800000
3 09:12:09 520 800000
4 09:12:09 4230 808078
5 09:36:54 500 770000
6 09:37:04 50 770000
7 09:37:12 245 770000
13 09:37:46 2455 800000
12 09:37:46 50 800000
11 09:37:46 1000 799999
10 09:37:46 245 799980
9 09:37:46 700 799900
8 09:37:46 550 799899
14 09:37:59 545 800000
15 09:37:59 1302 800000
16 09:40:59 2500 800000
17 09:45:02 653 800000
18 09:45:25 347 800000
19 09:45:25 800 808049
20 09:45:25 3649 808049
21 09:45:25 204 808050
22 09:45:31 5000 808050
23 09:47:36 371 771011
24 09:49:39 361 808000
25 09:49:39 2300 808040
26 09:49:39 2339 808050
27 09:57:16 47 807900
28 09:57:16 592 808000
29 09:57:16 4361 808000
33 10:05:23 656 773002
32 10:05:23 86 773534
31 10:05:23 620 773535
30 10:05:23 570 773536
34 10:12:40 88 771095
35 10:12:40 92 771092
36 10:24:49 174 788798
37 10:38:05 10 775001
38 10:41:40 10 776000
39 10:43:38 656 780000
40 10:44:26 92 780000
41 10:44:35 10 780000
42 10:44:42 42 780000
43 10:50:06 10 778000
44 10:50:34 354 780000
45 10:55:59 34 778000
46 11:03:40 20 778000
47 11:03:40 30 778000
48 11:11:27 50 778000
50 11:14:01 340 778000
49 11:14:01 170 778000
51 11:15:41 279 777003
52 11:15:59 221 777003
53 11:20:31 355 772501
54 11:33:59 300 772502
55 11:33:59 716 772502
56 11:38:53 500 772501
57 11:39:04 620 772501
58 12:02:24 15 772501
59 12:02:24 10 770200
60 12:02:24 1975 770101
61 12:04:43 500 770101
62 12:25:13 3525 770500
63 12:25:28 1475 770500
64 12:26:40 450 770500
65 12:27:07 4550 770500
66 12:29:16 1659 770500
67 12:29:30 8 770500
68 12:29:34 450 770500