1 09:04:18 4000 779000
2 09:04:18 4098 766724
3 09:04:18 3294 766723
4 09:08:05 232 777001
5 09:59:44 30 784990
6 09:59:44 812 789000
7 10:22:20 158 789000
8 10:30:25 687 779012
9 10:41:37 224 779026
10 11:34:25 10 785000
11 11:34:25 490 781021
12 11:35:07 500 781021
13 11:50:27 14600 782500
14 11:50:27 10400 782500
15 11:50:27 1300 782500
16 11:50:27 6460 782500
17 11:50:27 12630 782500
18 11:50:27 4610 782500
19 11:50:27 4460 782500
20 11:50:27 3290 782500
21 11:50:28 10000 782500
22 11:50:28 7250 782500
23 11:50:28 2750 782500
24 11:50:28 5000 782500
25 11:50:28 6250 782500
26 11:50:28 6000 782500
27 11:50:28 5000 782500
28 11:54:20 4921 784000
29 11:54:20 1 784000
30 12:06:43 3925 784000
31 12:11:35 4211 784500
32 12:16:59 1680 784500
33 12:28:01 5000 785000