1 09:14:16 2500 765300
2 09:14:23 1314 765300
3 09:14:23 2186 765300
4 09:15:06 2500 765350
5 09:15:06 3500 765302
6 09:15:57 5000 765353
7 09:16:36 2500 765400
11 09:18:21 1 767194
10 09:18:21 2 767194
9 09:18:21 200 767194
8 09:18:21 1 767194
12 09:19:42 20000 766101
13 09:21:56 20 768193
14 09:21:56 2153 766205
15 09:26:53 7 770920
16 09:27:22 2500 766429
17 09:27:22 17500 766413
18 09:29:26 2500 766490
19 09:30:25 10000 766501
20 09:32:48 2200 766530
21 09:34:02 595 766600
22 09:34:02 22500 766521
23 09:34:31 2500 766509
24 09:34:44 20000 766411
25 09:34:50 3436 766509
26 09:34:58 1484 766509
27 09:34:58 652 766509
28 09:34:58 1626 766509
29 09:34:58 1121 766509
30 09:34:58 32 766509
31 09:34:58 656 766509
32 09:34:58 7 766509
33 09:34:59 7 766509
34 09:34:59 315 766509
35 09:34:59 1022 766509
36 09:34:59 628 766509
37 09:34:59 1021 766509
38 09:34:59 2269 766509
39 09:34:59 1304 766509
40 09:34:59 1126 766509
41 09:34:59 488 766509
42 09:34:59 655 766509
43 09:34:59 1951 766509
44 09:34:59 272 766509
45 09:34:59 1127 766509
46 09:34:59 1301 766509
47 09:35:51 5000 766511
48 09:37:06 25000 766511
49 09:40:22 250 766525
50 09:41:37 750 766533
51 09:42:34 20 766533
52 09:42:37 1500 766531
53 09:43:03 383 766531
54 09:43:18 367 766531
55 09:45:27 2500 766409
56 09:45:37 25000 766310
57 09:48:32 317 766320
58 09:48:39 10000 766321
59 09:49:22 1500 766325
60 09:49:38 388 766322
61 09:49:49 2183 766320
62 09:49:55 550 766320
63 09:50:11 30 766320
64 09:50:29 2000 766315
65 09:51:01 1431 766315
66 09:58:44 3221 768000
67 09:59:25 3201 768501
68 09:59:33 1121 768501
69 09:59:38 652 768501
70 09:59:41 2269 768501
71 09:59:44 1126 768501
72 09:59:47 315 768501
73 09:59:51 7 769899
74 09:59:51 1477 768501
76 09:59:55 1120 768501
75 09:59:55 7 769899
77 10:03:34 1304 768482
78 10:03:41 7 768482
79 10:03:44 7 768490
80 10:03:44 1294 768482
81 10:03:47 1951 768482
82 10:03:50 488 768482
83 10:03:52 587 768482
84 10:03:57 655 768482
85 10:04:01 628 768483
86 10:04:04 1626 768483
87 10:04:05 3436 768483
88 10:04:07 272 768483
89 10:09:56 963 766567
90 10:17:12 200 768481
91 10:26:04 1471 766751
92 10:26:51 40 766751
93 10:26:52 300 766751
94 10:27:18 29 766751
95 10:27:27 580 766751
96 10:27:33 5392 766751
97 10:30:08 22 766751
98 10:32:10 10 766751
101 10:44:28 226 766750
100 10:44:28 548 766751
99 10:44:28 500 766760
122 11:02:16 1774 766750
123 11:02:16 10 766750
126 11:03:16 20 766725
127 11:03:16 2000 766723
129 11:03:48 6196 766723
173 11:31:12 1000 766731
174 11:31:12 10 766731
175 11:31:12 482 766730
176 11:31:12 3000 766723
177 11:31:36 3508 766723
178 11:34:59 170 766723
179 11:36:39 1322 766723
180 11:36:39 10 766723
181 11:36:39 1265 766720
182 11:41:56 1735 766723
183 11:43:20 100 766990
184 11:50:45 13 766990
185 12:01:14 100 766723
186 12:02:39 1165 766723
187 12:02:39 820 766723
188 12:02:54 1180 766723
189 12:02:54 9473 766720
190 12:13:57 2000 766741
191 12:13:57 5000 766740
192 12:14:18 201 766723
193 12:14:21 1799 766723
194 12:14:21 401 766709
195 12:14:26 1599 766709
196 12:14:33 1314 766620
197 12:14:39 580 766620
198 12:15:50 580 766620
199 12:16:47 121 766740
200 12:16:47 4879 766740
201 12:17:23 928 766630
203 12:21:15 928 766633
202 12:21:15 4072 766635
206 12:21:18 1902 766609
205 12:21:18 1526 766620
204 12:21:18 1572 766633
208 12:21:36 3902 766600
207 12:21:36 1098 766609
209 12:21:48 5000 766601
210 12:23:52 116 766600
211 12:24:01 419 766600
212 12:24:13 121 766600
213 12:25:02 9 766610
214 12:25:02 4991 766601
215 12:25:11 9 766601
216 12:25:11 2344 766600
217 12:25:11 2647 766600
218 12:25:43 3000 766603
219 12:25:43 2000 766600
220 12:25:49 488 766600
221 12:25:49 4512 766600
222 12:25:59 5000 766600
223 12:26:03 5000 766600
224 12:26:20 5000 766603