1 09:13:22 910 772377
2 09:30:05 10 776000
3 09:53:36 160 774007
5 10:03:51 48 774954
4 10:03:51 2 774999
9 10:22:32 1789 776000
8 10:22:32 750 775990
7 10:22:32 2390 775990
6 10:22:32 161 775980
10 10:42:16 50 776000
11 11:06:55 1000 777000
14 11:25:23 9973 775100
13 11:25:23 20 775143
12 11:25:23 7 775143
15 11:52:30 2 775100
16 12:13:51 430 775200
17 12:15:47 44 775200
18 12:16:42 160 776000
19 12:19:56 10000 775200
21 12:23:22 366 775200
20 12:23:22 154 775210
22 12:25:55 205 775200
23 12:25:59 15 775200