1 09:00:48 322 747510
2 09:02:07 215 745060
3 09:07:21 67 745176
4 09:08:08 67 745176
5 09:09:00 800 745176
6 09:10:49 67 745176
7 09:11:43 69 745176
8 09:17:38 70 745214
9 09:20:53 6050 748000
10 09:30:51 54 745701
11 09:33:12 1346 745801
12 09:34:45 269 746011
13 09:51:46 3131 750800
14 09:52:09 2000 750900
15 09:54:38 1593 747003
16 09:57:59 231 747005
17 10:02:35 10000 750000
18 10:03:16 108 747212
19 10:04:49 5000 750000
20 10:09:48 1330 750900
21 10:09:53 2247 750980
22 10:09:58 1593 750990
26 10:10:51 1150 751700
25 10:10:51 2000 751600
24 10:10:51 1053 751100
23 10:10:51 1000 751000
30 10:11:03 69 755000
29 10:11:03 50 755000
28 10:11:03 3500 755000
27 10:11:03 125 754899
31 10:31:56 975 747248
32 10:40:42 975 751990
33 10:42:46 975 753999
34 10:47:05 2026 750002
35 10:53:46 2746 750002
36 11:00:09 9 750002
37 11:09:42 10 751900
38 11:10:04 858 751701
39 11:10:34 5738 750002
40 11:12:13 356 750002
41 11:20:59 676 750004
42 11:30:10 10 750006
43 11:31:27 4340 750006
44 11:32:53 7266 750007
45 11:32:53 30 750006
48 11:32:53 14661 750000
47 11:32:53 1000 750003
46 11:32:53 1000 750005
49 11:47:27 2000 750000
50 11:49:13 549 748000
51 12:07:02 541 748001
52 12:16:29 158 748000
53 12:21:44 10 751500
55 12:22:40 111 748000
54 12:22:40 20 748100
56 12:24:31 4182 748000
57 12:24:57 516 748000
59 12:26:15 970 747211
58 12:26:15 30 747212
60 12:29:54 4030 747211
61 12:29:54 1576 747000