1 09:02:07 68 770000
3 09:05:29 450 770003
2 09:05:29 200 770010
5 09:43:54 10 776999
4 09:43:54 450 776999
6 09:45:19 10 776999
8 09:47:23 430 777000
7 09:47:23 3477 777000
10 10:58:50 500 778800
9 10:58:50 2637 778799
11 10:59:01 260 775111
12 10:59:34 82 775111
13 11:00:46 342 775111
15 11:01:31 165 775111
14 11:01:31 82 775112
16 11:04:52 3 775112
17 11:06:11 509 775112
18 11:07:39 100 777990
19 11:18:57 18 778990
20 11:53:18 10 775112
21 11:53:54 2000 777000
22 12:10:45 4350 777000
23 12:14:52 75 777000
24 12:17:58 100 777000
25 12:19:08 9 777000
26 12:22:22 612 777000
27 12:29:44 4512 777000