1 09:00:05 450 749778
2 09:21:44 143 749779
3 09:27:43 29 749779
4 09:34:40 100 749779
5 09:49:17 831 749779
8 10:01:08 5397 749779
7 10:01:08 1485 749779
6 10:01:08 2509 749780
9 10:24:44 10 753130
10 10:24:44 2677 750000
12 10:25:17 7059 750000
11 10:25:17 10 751000
13 10:27:30 100 749781
14 10:31:47 69 749781
15 10:49:29 250 751450
16 10:49:29 1507 753000
17 10:49:29 23243 753000
18 10:49:31 1757 753000
19 10:49:31 23243 753000
20 11:01:30 118 750701
21 11:10:07 644 750701
21 11:10:07 644 750701
22 11:20:28 2872 750701
23 11:30:12 117 750701
24 11:34:39 489 750701
32 11:35:02 13000 753000
31 11:35:02 739 753000
30 11:35:02 249 753000
29 11:35:02 1757 753000
28 11:35:02 1500 752995
27 11:35:02 990 752990
26 11:35:02 70 752990
25 11:35:02 1300 752225
33 11:37:03 2500 753100
34 11:37:11 50 753132
35 11:37:18 48 754990
37 11:37:37 7361 755740
36 11:37:37 323 755740
38 11:37:45 500 756900
39 11:38:03 87 759990
41 11:38:17 2492 760000
40 11:38:17 8 761000
42 11:38:30 8 751001
43 11:45:04 839 751001
44 11:47:24 1794 751001
45 11:58:34 337 752251
46 12:01:47 4386 752552
47 12:04:26 20 760000
48 12:07:16 7092 760000
49 12:11:11 895 753062
50 12:17:30 541 752610
51 12:17:59 23423 752610
52 12:21:43 376 752610
53 12:22:40 10 752610
54 12:22:57 336 752610