1 09:23:30 2072 775012
2 09:24:01 30 775014
3 09:29:40 25000 777000
4 09:37:13 5000 777000
5 09:37:17 20000 777000
6 09:37:35 1456 777000
7 09:37:48 2544 777000
8 09:37:53 10564 777000
9 09:51:39 1851 777000
10 10:11:07 74 778000
11 10:54:31 2000 778002
12 10:59:29 500 778002
13 11:00:36 317 778002
14 11:10:28 1494 778002
15 11:11:21 20000 778003
16 11:22:41 2692 778005
17 11:39:46 1194 778009
20 11:57:27 17997 778008
19 11:57:27 2000 778009
18 11:57:27 806 778009
21 12:06:49 842 778015
22 12:08:44 350 778015
23 12:10:37 7 778015
24 12:16:19 20702 778017
25 12:17:07 20000 778800
26 12:17:23 1000 778900
27 12:17:23 24000 778900
28 12:17:24 756 778900
29 12:20:54 17130 778025