1 09:00:04 443 750000
2 09:08:20 616 750000
3 09:11:16 2061 750000
4 09:17:12 30 750000
5 09:26:34 1 750000
6 09:38:48 3000 750000
7 09:52:40 260 750000
9 10:03:21 1959 750000
8 10:03:21 990 750000
10 10:12:44 41 750000
11 10:12:44 31 745212
12 10:12:51 8 752000
19 10:18:05 3300 760000
18 10:18:05 8000 760000
17 10:18:05 217 760000
16 10:18:05 45 759990
15 10:18:05 165 759000
14 10:18:05 3504 756500
13 10:18:05 192 752000
20 10:18:38 200 761000
22 10:21:33 29 759665
21 10:21:33 11 768000
24 10:22:17 2034 760000
23 10:22:17 10 768998
25 10:28:45 2 765000
26 10:29:19 8 765000
27 10:33:09 4928 760000
28 10:33:29 205 760000
29 10:33:39 364 760000
30 10:38:27 307 760000
31 10:52:35 977 760000
32 10:54:44 10699 760000
33 11:01:16 64 760000
34 11:08:25 200 760000
35 11:08:37 5000 760000
36 11:09:38 193 760000
37 11:11:45 1337 749000
39 11:59:38 1204 750001
38 11:59:38 120 751000
41 12:04:36 910 750000
40 12:04:36 90 750002
42 12:14:03 472 750002
43 12:19:55 5000 752000
44 12:21:48 1037 750100
45 12:26:15 2470 752000