3 09:00:04 650 750620
2 09:00:04 1502 750620
1 09:00:04 3909 750620
4 09:04:34 1500 750620
5 09:05:18 722 750620
6 09:12:10 307 750620
7 09:21:06 202 750620
8 09:21:10 802 750620
9 09:23:16 70 750520
10 09:24:41 1000 750520
11 09:27:20 50 750520
12 09:39:16 50 750520
13 09:47:37 1696 750520
14 09:51:49 898 750520
15 10:02:02 4123 750520
16 10:05:23 163 750520
17 10:05:51 350 750520
18 10:17:41 800 750583
19 10:23:56 150 750583
21 10:25:45 594 750521
20 10:25:45 7 750521
22 10:26:42 174 750521
24 10:31:45 1367 750521
23 10:31:45 1633 750521
25 10:34:09 2500 750521
26 10:35:19 435 750521
27 10:40:13 2068 750521
30 10:42:38 4388 750520
29 10:42:38 10 750521
28 10:42:38 1236 750521
31 10:43:08 3605 750520
32 11:00:57 842 750520
33 11:11:58 1249 750520
34 11:33:24 120 750520
35 11:33:38 5000 750520
36 12:00:16 50 750000
37 12:02:39 1000 750000
38 12:09:14 500 750000
39 12:14:35 500 750000
40 12:15:04 179 750000
41 12:15:27 3554 750583
42 12:23:53 935 750000
43 12:29:04 1549 750000