3 09:20:34 255 766251
2 09:20:34 125 766252
1 09:20:34 150 766552
4 09:26:20 482 766552
5 09:27:08 1910 766552
6 09:34:37 40 766252
7 09:42:19 2000 766400
8 09:48:22 291 766353
9 09:49:03 2802 766500
10 10:01:13 553 768000
11 10:07:16 8207 768000
12 10:09:53 718 768000
13 10:10:12 518 768000
14 10:15:24 634 768000
15 10:42:32 125 768000
16 10:49:56 1129 768000
17 10:51:34 204 768000
20 11:00:09 23252 770000
19 11:00:09 1604 769990
18 11:00:09 144 769989
22 11:00:12 23252 770000
21 11:00:12 1748 770000
23 11:06:13 600 768000
24 11:06:32 1000 770000
25 11:08:13 110 768001
26 11:09:32 305 768001
27 11:14:56 2598 768000
28 11:15:03 130 768000
29 11:24:51 100 768100
30 11:26:17 44 768000
31 11:42:36 935 768001
34 11:46:20 4752 769998
33 11:46:20 864 769997
32 11:46:20 305 769997
38 12:24:11 1165 768000
37 12:24:11 16 768002
36 12:24:11 754 768002
35 12:24:11 1065 768003
39 12:29:18 1000 768001