1 09:09:14 1000 764200
2 09:09:23 2000 764200
3 09:09:23 613 764115
4 09:27:26 122 764401
4 09:27:26 122 764401
6 09:46:31 502 764522
5 09:46:31 945 764550
7 10:25:02 15 764751
8 10:26:18 1000 764751
9 10:29:29 855 774000
10 10:29:54 170 774980
11 10:30:19 425 775000
12 10:30:22 3800 774999
13 10:30:30 125 775000
14 10:30:30 14 775000
15 10:31:06 52 779900
16 10:31:06 46 779900
17 10:31:09 477 780000
18 10:31:09 150 780000
19 10:31:42 80 792100
20 10:31:56 627 803001
21 10:31:58 1450 803001
22 10:32:47 800 764801
23 10:34:20 500 799000
24 10:34:20 16491 799000
25 10:50:27 2 766000
26 10:59:52 18 766000
27 10:59:52 788 765301
28 11:03:18 8 778984
29 11:05:18 8 775000
30 11:17:36 854 766051
31 11:20:49 658 766045
32 11:31:21 127 767000
33 11:31:21 16 768000
34 11:31:30 143 771990
35 11:31:42 1852 766045
36 11:32:03 143 768000
37 11:40:25 8 767001
38 12:05:32 200 766047
39 12:08:16 2189 766046
40 12:11:14 1169 766046
41 12:17:32 790 766046
42 12:28:48 1942 766046
43 12:28:48 3500 766046
44 12:28:56 8 767000
45 12:29:41 135 768000