1 09:07:32 3749 749948
2 09:08:11 155 749948
3 09:24:43 5900 749948
4 09:28:49 658 749948
5 09:37:20 389 749948
6 09:45:45 300 749948
7 09:46:34 1917 749948
8 09:50:14 8750 749948
9 09:58:52 128 749948
10 10:00:14 485 749948
11 10:00:32 3485 749948
12 10:00:36 400 749948
13 10:01:34 150 749948
14 10:26:20 100 749948
15 10:31:27 1350 749948
16 10:32:16 1864 750000
17 10:40:03 405 750000
18 10:47:02 330 750000
19 10:47:29 265 750000
20 11:10:09 2000 749948
21 11:28:50 121 749948
22 11:32:50 10 749948
23 11:36:53 1799 749948
24 11:44:40 238 749948
25 11:49:53 1085 749948
26 11:54:36 10000 749948
27 11:55:56 17297 749948
28 11:58:13 887 749948
29 12:07:56 400 749948
30 12:08:24 317 749948
31 12:14:45 26 749948
32 12:16:54 4491 749948
33 12:19:14 611 749948
34 12:21:55 1600 749948
35 12:27:57 970 749948
36 12:28:23 1847 749948