1 09:05:52 850 778000
2 09:07:37 708 777002
3 09:07:44 108 777002
4 09:47:56 2050 777013
6 09:57:23 2000 777013
5 09:57:23 450 777013
7 09:57:54 4058 777013
11 10:08:46 1896 777010
10 10:08:46 2000 777013
9 10:08:46 942 777013
8 10:08:46 24 789000
14 10:12:58 26 789990
13 10:12:58 44 789990
12 10:12:58 274 789990
15 11:51:37 7 777200
17 11:52:48 1500 777200
16 11:52:48 1493 777200
19 11:53:00 393 777111
18 11:53:00 7 777112
21 12:07:16 370 777201
20 12:07:16 110 777210
23 12:22:03 626 777300
22 12:22:03 7 777301
24 12:25:07 3000 779000