1 09:38:23 4771 781247
2 09:49:11 4003 780000
3 09:53:08 997 780000
4 10:07:38 25000 778002
5 10:07:50 4000 778000
6 10:08:43 39 765200
8 10:08:56 60 780000
7 10:08:56 1003 780000
9 10:12:32 21000 780000
10 10:13:34 2937 780000
11 10:13:56 2063 780000
12 10:17:32 1520 780000
13 10:43:12 600 780003
14 10:48:42 18 780003
15 10:50:44 1382 780003
16 10:50:44 95 780000
17 11:36:29 1500 782000
18 11:36:29 5000 782000
19 11:36:29 694 782000
20 11:36:29 11179 782900
21 11:36:29 5000 783000
22 12:11:15 10 782998
23 12:28:21 20000 781101
24 12:29:41 1000 781102