1 09:03:19 3696 767194
2 09:06:15 746 766300
3 09:19:25 1898 773000
4 09:19:25 20 774000
5 09:19:25 30 774900
6 09:19:25 9 774990
7 09:19:25 8 774999
8 09:19:25 100 775990
9 09:19:25 8 777880
10 09:19:25 100 779900
11 09:19:25 2619 800000
12 09:19:25 500 807790
13 09:20:03 100 770010
15 09:23:41 19 807700
14 09:23:41 491 800000
16 09:23:50 171 807700
17 09:30:38 400 808000
18 09:30:38 4208 808078
19 09:30:53 5000 807700
20 09:31:09 319 807700
21 09:31:17 4000 807700
22 09:31:34 810 807700
23 09:31:34 3190 808078
24 09:31:43 500 808078
25 09:31:50 100 808078
26 09:31:56 100 808078
27 09:32:02 100 808078
28 10:44:39 300 768301
29 10:45:12 40 768451
30 11:00:22 1200 798000
31 11:03:26 313 769599
32 11:04:07 313 797899
33 11:04:07 182 797900
34 11:04:07 1800 798000
35 11:04:07 2705 798500
36 11:55:32 371 770105
37 12:05:04 149 770105
38 12:05:04 851 770105
39 12:21:30 300 778000
40 12:27:56 179 772000
41 12:27:56 2229 770500
42 12:27:56 794 770500