1 09:01:42 100 776001
2 09:10:35 604 776002
3 09:10:35 400 776001
4 09:10:35 3000 776000
5 09:11:12 5000 776000
6 09:11:30 1022 776000
7 09:11:37 100 776000
8 09:15:24 180 775010
9 09:15:39 838 775010
10 09:23:31 300 775011
11 09:26:41 97 775010
12 09:26:41 673 775000
13 09:33:32 1848 775000
14 09:44:16 123 775000
15 09:48:50 66 775000
16 09:51:15 79 777139
17 09:51:25 79 777139
18 09:52:10 121 777139
19 09:52:19 888 777140
20 09:52:19 11 777140
21 11:03:31 25000 777080
22 11:03:40 5249 777080
29 11:19:47 5247 777777
28 11:19:47 129 777700
27 11:19:47 299 777140
26 11:19:47 356 777080
25 11:19:47 838 777080
24 11:19:47 500 777000
23 11:19:47 500 777000
31 11:43:46 3000 777777
30 11:43:46 2000 775111
32 11:44:06 3729 775101
33 12:02:47 2000 777000
34 12:10:02 1057 775170
35 12:12:41 3510 775170
36 12:20:29 1 775170
37 12:24:16 1454 775170
38 12:24:41 5000 778000
39 12:29:36 40 778999
40 12:29:36 20 779990