1 09:27:01 11 788400
2 09:41:49 61 786510
4 09:44:04 612 786500
3 09:44:04 447 786510
5 10:01:42 125 786510
6 10:01:58 249 786500
7 10:10:46 65 786500
8 10:12:13 200 786500
15 10:28:41 23564 790000
14 10:28:41 240 789850
13 10:28:41 200 789500
12 10:28:41 100 789500
11 10:28:41 7 788400
10 10:28:41 89 788400
9 10:28:41 800 788000
19 10:28:42 20320 790000
18 10:28:42 1436 790000
17 10:28:42 23564 790000
16 10:28:42 1436 790000
20 10:50:52 240 786550
21 10:51:07 181 786501
22 11:56:14 305 787500
23 12:11:11 6 789980
24 12:26:32 650 788000