1 09:09:41 2500 751418
2 09:09:42 22500 751418
3 09:13:13 350 751417
5 09:21:47 24990 751420
4 09:21:47 10 751430
9 09:25:33 24610 751420
8 09:25:33 10 751420
7 09:25:33 300 751421
6 09:25:33 80 751430
12 09:27:50 343 751420
11 09:27:50 390 751420
10 09:27:50 10 751430
14 09:28:19 343 751420
13 09:28:19 24657 751420
15 09:37:57 2449 751709
16 09:55:23 65 754300
17 09:55:23 1304 754500
18 09:55:23 1733 754500
19 09:55:23 2000 754800
20 09:55:23 153 754900
21 09:55:23 350 754999
22 09:56:54 241 752102
23 09:56:54 152 752102
24 09:57:04 7 755000
25 10:15:19 2440 754999
25 10:15:19 2440 754999
26 10:15:56 1260 755000
26 10:15:56 1260 755000
27 10:16:06 283 755000
27 10:16:06 283 755000
28 10:26:13 212 754000
29 10:37:18 566 754200
30 10:50:23 300 754200
31 11:02:12 41 754200
32 11:03:35 500 755900
33 11:03:35 1120 755900
34 11:04:00 80 755990
35 11:04:08 200 756700
36 11:04:12 1000 756800
37 11:04:38 20 756900
38 11:04:38 128 756900
39 11:04:38 1559 757000
40 11:04:56 1500 757000
41 11:05:01 200 757000
42 11:05:09 200 757000
43 11:05:13 1541 757000
44 11:05:36 170 758500
45 11:05:42 60 758997
46 11:05:54 10000 759000
47 11:06:19 13021 759000
48 11:06:27 1749 759000
49 11:07:17 7 759299
50 11:07:26 7 758999
52 11:08:49 140 754211
51 11:08:49 10 754212
53 11:18:58 1250 754700
54 11:21:34 450 754700
55 11:22:29 96 754502
56 11:22:38 550 754700
57 11:40:55 128 754502
58 11:44:53 67 754502
64 11:45:15 1946 759300
63 11:45:15 44 759240
62 11:45:15 91 759240
61 11:45:15 67 758990
60 11:45:15 2460 758499
59 11:45:15 152 758000
70 11:45:24 15767 760000
69 11:45:24 2907 759995
68 11:45:24 5565 759995
67 11:45:24 50 759900
66 11:45:24 364 759799
65 11:45:24 347 759600
71 11:45:48 309 755000
72 11:46:05 309 759998
73 12:01:15 1772 758000
74 12:01:30 1772 759998
75 12:17:07 5315 758000
76 12:17:13 3255 759000
77 12:17:51 67 759001
78 12:18:08 5315 759998
79 12:20:28 2100 759999
81 12:20:35 657 760000
80 12:20:35 9233 760000