1 09:07:14 1000 783000
2 09:14:11 977 784001
3 09:19:44 97 784001
4 09:48:41 100 784016
5 09:53:57 25 784078
6 09:58:05 1000 785000
7 09:59:18 400 785000
8 10:00:31 338 785000
9 10:29:35 200 785000
10 10:38:33 570 785000
11 10:57:33 1000 785000
13 11:04:01 5000 786000
12 11:04:01 1997 785999
14 11:06:27 3003 786000
15 11:09:17 1997 785999
16 11:09:17 3997 786000
17 11:09:17 673 786000
18 11:46:35 13333 786000
19 11:55:53 120 785002
20 11:55:53 280 785000
21 12:02:34 100 786000
22 12:04:39 1997 786000
23 12:06:42 255 786000
24 12:09:39 16 786000
25 12:14:20 5000 786000
26 12:14:37 2000 786000
27 12:15:27 4000 786000