3 09:05:00 902 785500
2 09:05:00 10 786876
1 09:05:00 9 786879
6 09:40:40 2713 790000
5 09:40:40 200 790000
4 09:40:40 214 790000
8 09:45:38 100 785530
7 09:45:38 200 785530
9 09:46:21 268 785530
11 09:59:20 100 785530
10 09:59:20 100 786530
14 10:21:36 1542 785525
13 10:21:36 300 785530
12 10:21:36 2500 785550
15 10:40:17 230 785525
29 11:08:06 200 789999
28 11:08:06 395 789998
27 11:08:06 377 789998
26 11:08:06 270 789990
25 11:08:06 200 789990
24 11:08:06 268 788998
23 11:08:06 2783 788000
22 11:08:06 5000 787138
21 11:08:06 5000 786999
20 11:08:06 2000 786998
19 11:08:06 65 786900
18 11:08:06 1000 786890
17 11:08:06 570 786880
16 11:08:06 64 786600
32 11:39:53 5000 790000
31 11:39:53 5000 789999
30 11:39:53 2000 788000
33 11:47:46 10000 790000
35 12:03:25 2587 790000
34 12:03:25 10000 790000
36 12:07:31 25000 790000
37 12:25:09 100 790000