1 09:14:34 120 758429
2 09:22:17 4345 759056
4 09:30:29 270 776896
3 09:30:29 300 776500
5 09:39:59 30 779000
6 09:45:01 200 779000
7 09:50:05 2000 779000
8 10:06:46 200 779000
9 10:07:25 200 779000
10 10:14:32 367 779000
11 10:17:14 21433 779000
12 10:34:06 13 775000
13 10:47:25 213 775000
14 10:58:15 441 775002
15 11:05:20 1000 777000
16 11:14:24 10000 775014
17 11:20:17 25000 775100
18 11:20:25 25000 775100
19 11:34:19 10 775560
20 11:34:19 1806 775555
21 11:54:26 10 775560
22 11:54:40 490 775560
23 12:00:25 10 775560
24 12:01:42 2458 775560
25 12:03:10 20 775560
26 12:03:10 390 775555
27 12:04:34 24402 778896
28 12:12:55 100 778896
29 12:12:55 100 779000
30 12:12:55 10 779000
31 12:14:42 100 775562
32 12:15:02 20 775560
33 12:15:33 441 775560
34 12:26:50 100 777000
35 12:29:35 702 778000