1 09:46:08 218 777002
3 10:03:52 147 777005
2 10:03:52 153 777005
7 10:15:16 167 789207
6 10:15:16 50 788000
5 10:15:16 1448 786000
4 10:15:16 120 785999
8 10:15:53 27 789206
9 10:16:24 216 789207
10 10:17:00 1352 789900
11 10:17:11 1958 789998
12 10:17:51 25000 790000
13 11:24:08 205 779003
14 11:33:33 482 780005
16 11:35:37 621 780005
15 11:35:37 353 780006
17 11:36:25 695 780005
18 11:36:47 49 780005
19 11:39:59 205 780005
22 11:44:07 7232 780004
21 11:44:07 200 780005
20 11:44:07 511 780005
24 11:53:23 144 770006
23 11:53:23 501 770006
25 12:05:35 129 772002
26 12:13:23 371 772002
27 12:29:51 270 767003