1 09:08:16 300 760000
2 09:08:31 58 760000
3 09:08:48 40 760000
5 09:17:37 450 760259
4 09:17:37 500 761000
6 09:34:56 439 760334
8 09:38:45 207 760600
7 09:38:45 20 762354
12 09:47:41 872 764990
11 09:47:41 58 764800
10 09:47:41 470 764790
9 09:47:41 40 764790
14 09:48:04 2872 765000
13 09:48:04 1128 764990
15 09:48:43 1464 765000
16 09:54:45 10 765111
17 09:54:45 1290 765000
17 09:54:45 1290 765000
16 09:54:45 10 765111
18 10:06:48 5913 765000
19 10:08:42 3092 765000
20 10:15:40 2776 765000
21 10:16:59 810 765000
22 10:19:57 5464 765000
23 10:29:07 5009 764999
24 10:31:44 10 762622
25 10:31:44 318 762620
26 10:43:55 867 762622
27 11:05:44 140 762622
31 11:27:03 554 762620
30 11:27:03 10 762622
29 11:27:03 993 762622
28 11:27:03 10 762650
32 11:28:37 7435 766000
36 11:28:59 10000 767900
35 11:28:59 250 767900
34 11:28:59 1440 767899
33 11:28:59 10 766900
37 11:50:15 1088 762664
38 11:54:39 386 765000
39 12:17:23 100 763556
40 12:23:22 350 764011