1 09:47:50 8514 768721
2 10:21:01 438 768760
3 10:24:36 219 769000
4 10:31:23 2000 769000
5 10:50:40 94 769000
6 11:13:25 77 769900
7 11:13:25 76 769900
8 11:13:25 900 769931
9 11:13:25 514 769990
10 11:13:25 3095 769990
11 11:22:41 143 769011
12 11:29:21 426 769011
13 11:31:41 1000 769012
14 11:36:01 7431 769012
15 11:36:36 10 769011
16 11:36:36 10000 769001
17 11:38:11 5000 769001
18 11:38:14 5000 769001
19 11:44:10 5000 769500
20 11:44:10 5000 769600
21 11:44:10 5000 769700
22 11:44:10 117 770000
23 11:44:10 9883 771000
24 11:44:10 11314 771000
25 12:25:21 100 770000
26 12:28:54 10 768702
27 12:28:54 4000 768600
28 12:28:54 990 768500