1 10:03:54 318 771000
2 10:11:30 600 771000
8 10:25:28 11781 773000
7 10:25:28 5375 772999
6 10:25:28 269 772998
5 10:25:28 385 772997
4 10:25:28 5690 772888
3 10:25:28 1500 772200
9 10:26:05 300 771000
10 10:41:56 500 770901
11 10:48:37 363 770800
12 11:04:49 2107 770901
13 11:08:12 1252 770901
14 11:14:31 300 770901
16 11:14:45 20000 772000
15 11:14:45 30 772000
17 11:26:58 177 772000
18 11:26:58 19070 772000
19 12:01:47 3174 772000
20 12:04:29 13219 773000
21 12:04:29 11781 773000
22 12:04:32 13219 773000
23 12:04:32 6000 774000
24 12:07:00 70 774000
25 12:07:18 716 774000
26 12:15:39 490 774000
27 12:19:52 400 774000
28 12:20:15 50 774200
29 12:21:52 1000 774000
30 12:22:54 250 774000
31 12:23:20 305 774000
32 12:23:34 2550 774000