1 09:04:12 11 768145
2 09:05:29 355 766009
3 09:07:45 350 766002
4 09:09:34 215 767001
5 09:10:22 422 767001
6 09:15:48 174 767009
7 09:25:36 10 767309
8 09:46:49 2000 767309
9 09:47:46 386 767309
10 09:49:00 9 767309
11 09:50:44 10 767309
14 09:51:25 652 767309
13 09:51:25 1275 767309
12 09:51:25 85 767309
15 10:02:07 100 767500
16 10:04:38 1000 767503
17 10:05:42 1618 767503
18 10:07:55 230 767504
19 10:12:25 100 767507
20 10:12:55 500 767507
21 10:13:40 1000 767507
27 10:15:05 3949 770990
26 10:15:05 637 770990
25 10:15:05 400 769979
24 10:15:05 50 768880
23 10:15:05 178 768130
22 10:15:05 7 768000
28 10:16:34 400 767508
29 10:17:12 963 767508
30 10:17:39 250 767511
37 10:31:32 3084 771000
36 10:31:32 7000 771000
35 10:31:32 13524 770999
34 10:31:32 970 770999
33 10:31:32 29 770980
32 10:31:32 50 770980
31 10:31:32 13 770980
38 10:41:02 200 769914
39 10:44:47 1350 769917
40 10:50:45 473 769926
41 10:59:58 7000 769952
42 11:03:13 43 769962
43 11:10:29 2000 769999
44 11:10:37 1571 770000
45 11:12:05 54 770000
46 11:32:28 15 770000
47 11:38:30 135 770000
48 11:38:56 197 770000
49 11:41:21 610 770000
50 11:46:26 581 770000
51 11:52:55 4000 770000
52 11:54:08 1500 770000
53 12:08:52 402 770000