1 09:04:24 999 775005
2 09:08:15 267 775008
3 09:12:50 82 776907
4 09:26:46 218 776907
5 09:31:10 5000 775109
6 09:49:11 520 775862
7 09:49:11 998 775855
8 09:54:42 58 776000
9 10:15:03 9 775900
10 10:19:00 314 775900
12 10:38:51 648 775900
11 10:38:51 10 775910
13 10:46:00 10 775910
14 11:06:26 300 775920
15 11:06:30 7 775920
16 11:11:58 80 775952
18 11:14:43 7 775952
17 11:14:43 4920 775952
19 11:16:25 25000 777951
20 11:16:33 25000 777951
21 11:16:36 25000 777951
22 11:16:40 2000 777951
23 11:47:13 2170 777951
24 11:47:13 10 777951
25 11:49:07 40 777990
26 11:49:07 520 777992
27 11:49:07 276 777993
28 11:49:07 80 777994
29 11:49:07 589 777995
30 11:49:07 50 778000
31 11:49:07 1500 778000
32 11:58:56 655 775960
33 12:24:48 257 775966