1 09:11:04 69 750620
2 09:11:54 67 750620
3 09:16:30 260 750620
4 09:17:54 76 750620
5 09:19:32 800 750620
6 09:31:19 500 750630
7 09:31:19 1339 750620
8 09:34:54 4877 750620
9 09:39:52 500 750620
10 09:47:11 2000 750620
11 09:47:48 301 750620
12 09:47:52 500 750620
13 09:49:47 5000 750620
14 09:52:03 30 750620
15 09:54:05 233 750620
16 09:55:39 385 750620
17 09:56:57 700 750620
18 10:05:25 517 750620
19 10:06:01 25000 750621
20 10:06:01 5800 750621
21 10:15:00 79 750620
22 10:15:23 16267 750620
23 10:18:40 1468 750620
24 10:18:49 3059 750620
25 10:22:41 1795 750950
26 10:22:41 58 751000
27 10:22:41 600 751000
28 10:22:41 8338 753998
29 10:25:33 129 753998
30 10:41:17 324 750621
31 10:44:42 4749 750621
32 10:45:48 204 750621
33 10:47:08 25000 750622
34 10:48:09 15000 750623
35 10:48:42 500 750622
36 10:55:48 599 750622
37 10:58:02 620 750622
38 11:01:11 401 750622
39 11:04:07 300 750622
40 11:08:32 1478 750622
41 11:21:24 49 752999
42 11:29:13 500 750622
43 11:31:27 938 750622
44 11:31:27 10 750621
45 11:34:54 10 750995
46 11:34:55 230 745000
47 11:37:49 8 750800
48 11:38:50 5874 750800
50 11:40:47 1726 747909
49 11:40:47 8 747909
51 11:41:02 8 751000
52 11:49:20 8 748093
53 11:49:20 831 740109
54 11:49:26 8 750900
55 11:56:57 8 748648
56 11:56:58 380 748000
57 11:57:06 8 750800
59 12:04:45 2000 750800
58 12:04:45 404 750800
60 12:04:53 1082 750897
61 12:06:35 1000 748018
62 12:06:35 1000 747500
64 12:09:18 500 753900
65 12:09:18 6738 753989
63 12:09:18 327 752000
67 12:13:09 18262 753989
66 12:13:09 10 753988
68 12:23:01 20 747510
69 12:23:01 867 747510