1 09:41:35 124 783021
6 10:16:54 5000 787000
5 10:16:54 13881 787000
4 10:16:54 717 786998
3 10:16:54 997 786997
2 10:16:54 338 786990
7 10:58:25 127 785001
8 10:58:41 800 785001
9 10:59:30 3240 785001
11 11:11:53 968 786000
10 11:11:53 997 785999
12 11:23:45 10 787299
13 11:35:45 10 786000
14 11:42:20 434 786000
18 12:00:46 5000 787000
17 12:00:46 1659 787000
16 12:00:46 1060 786999
15 12:00:46 987 786999
19 12:10:06 218 786000
20 12:15:53 262 786000
25 12:18:53 5000 787500
24 12:18:53 675 787490
23 12:18:53 3187 787000
22 12:18:53 100 787000
21 12:18:53 120 786999
26 12:19:09 186 786000