1 09:21:52 56 781701
2 09:23:56 619 781701
3 09:23:56 211 781701
4 09:29:01 1367 781701
5 10:18:02 2 781702
6 10:18:20 98 781701
7 10:38:19 3200 784000
8 10:38:19 5000 785000
8 10:38:19 5000 785000
7 10:38:19 3200 784000
9 10:55:01 179 781701
9 10:55:01 179 781701
10 11:02:18 118 781701
11 11:13:02 115 781702
12 11:13:02 2634 781701
14 11:32:53 1490 781701
13 11:32:53 38 781702
15 11:37:20 1736 784000
16 11:37:20 6040 784000
15 11:37:20 1736 784000
16 11:37:20 6040 784000
17 11:41:50 2705 784000
17 11:41:50 2705 784000
18 11:57:37 511 783999
19 11:57:37 677 784889
20 11:57:37 115 784890
21 11:57:37 38 784890
22 11:57:37 1500 784898
23 11:57:37 5000 785000
24 12:03:53 5000 785000