1 09:05:18 347 761558
2 09:38:53 69 764111
3 10:04:08 71 765111
4 10:18:15 360 765111
5 10:18:15 1392 765000
6 10:28:10 9 765000
7 10:28:30 10000 764112
8 10:35:42 18 765000
9 10:59:23 2048 765000
10 11:07:06 520 765000
11 11:07:54 347 765000
12 11:13:35 116 765000
13 11:35:52 3472 765000
14 11:47:46 18 765000
15 11:48:38 652 765000
16 12:01:39 1300 765000
17 12:04:02 1000 765000
18 12:12:51 4110 765001
19 12:14:48 500 765001
20 12:27:31 10 765010
21 12:28:11 10 765010
22 12:28:38 390 765001
23 12:28:48 156 763002