1 09:43:54 372 765700
2 09:48:55 878 766000
3 09:51:25 122 766000
4 09:51:41 268 766000
5 09:56:31 500 770000
6 09:56:31 200 770000
7 09:56:31 1085 770000
8 10:00:10 1090 765701
9 10:00:35 1000 770000
10 10:04:53 7 773990
11 10:06:49 100 767008
12 10:06:49 58 767004
13 10:14:41 25000 770000
14 10:14:58 827 768001
15 10:15:28 22912 770000
16 10:16:28 1825 768002
17 10:18:08 6248 768002
18 10:19:39 2607 768002
19 10:23:38 2621 778960
20 10:24:11 2241 778960
21 10:24:27 104 778960
22 10:26:23 268 778951
23 10:32:20 3394 778940
25 10:51:42 99 778970
24 10:51:42 345 778970
26 10:53:38 879 780698
28 10:54:45 1581 780699
27 10:54:45 300 780699
29 10:55:41 993 781000
30 10:55:41 609 781000
31 10:56:25 59 784000
32 11:09:31 100 770000
33 11:09:31 901 769201
34 11:09:55 1079 769201
35 11:15:05 100 779990
36 11:16:25 524 780699
37 11:16:25 1980 780699
38 11:16:37 3380 781000
39 11:16:44 6620 781000
40 11:16:51 1680 783990
41 11:16:58 2504 783990
42 11:17:14 1141 784000
43 11:17:14 10000 784000
44 11:17:23 100 785000
45 11:17:34 2855 789001
46 11:23:44 525 771000
47 11:24:23 525 787000
48 11:32:48 7 782499
49 11:47:10 625 770060
50 11:47:10 2700 770060
51 11:47:10 40 770060
52 11:47:10 100 770050
53 11:47:10 100 770020
54 11:53:20 11 770000
55 12:05:57 5 778998
56 12:06:03 2 778998
57 12:07:22 518 769100
58 12:08:22 518 778700
59 12:17:44 827 769000
60 12:17:58 5000 769000
61 12:18:09 950 769000
62 12:18:20 20 769000
63 12:18:41 8 768001
64 12:19:19 700 768000
65 12:19:51 1292 768000
66 12:26:33 144 765733
67 12:26:33 145 765732
68 12:26:33 8 765720
69 12:26:33 293 765702
70 12:26:36 14386 765702