1 09:00:05 150 766500
2 09:00:05 53 766500
3 09:02:41 150 766500
4 09:03:56 50 766500
5 09:04:30 50 766500
6 09:04:42 50 766500
7 09:22:23 116 766139
8 09:24:16 34 766139
9 09:29:45 500 766555
10 09:30:05 200 766555
11 09:30:21 184 766555
16 09:55:13 2420 766139
15 09:55:13 50 766140
14 09:55:13 200 766140
13 09:55:13 7 766555
12 09:55:13 16 766555
17 09:59:59 23 769700
18 10:03:55 356 766154
19 10:05:10 100 766140
20 10:05:10 100 766140
21 10:05:10 50 766140
22 10:05:10 100 766140
23 10:08:27 100 766140
24 10:09:43 100 766140
25 10:10:02 27 766140
27 10:14:23 2 766140
26 10:14:23 100 766140
30 10:15:13 10 766140
29 10:15:13 20 766140
28 10:15:13 18 766140
31 10:15:29 82 766139
32 10:30:43 232 768990
38 11:15:23 478 763555
37 11:15:23 100 766139
36 11:15:23 1148 766139
35 11:15:23 30 766140
34 11:15:23 100 766140
33 11:15:23 50 766140
43 11:22:59 179 767999
42 11:22:59 296 767999
41 11:22:59 275 767999
40 11:22:59 400 767999
39 11:22:59 21 767999
47 11:23:11 421 768000
46 11:23:11 301 768000
45 11:23:11 120 768000
44 11:23:11 42 768000
48 11:23:18 506 768000
50 11:28:08 233 763555
49 11:28:08 1000 763556
51 11:34:18 25 763223
52 11:34:18 75 762222
53 11:37:44 1000 767777
54 11:40:53 69 763501
56 11:43:26 40 763556
55 11:43:26 381 763557
59 12:09:16 951 762230
58 12:09:16 430 762231
57 12:09:16 500 763557
60 12:10:51 246 762230
61 12:28:25 3000 762222
62 12:29:32 275 762250
63 12:29:32 5 762250