1 09:00:04 460 750268
2 09:00:04 23 750268
3 09:11:45 414 750270
4 09:25:01 397 750270
5 09:28:51 643 750270
6 09:31:32 150 750270
7 09:33:43 515 750270
8 09:33:46 247 750270
9 09:47:06 2634 750270
10 09:47:06 60 750269
11 09:47:06 2306 750268
12 10:27:41 60 750500
13 10:41:34 1709 750269
14 10:45:26 1062 750268
15 10:47:36 4400 750268
16 10:57:03 570 750268
17 11:19:46 1000 750268
18 11:29:50 4 750268
19 11:34:40 350 750268
20 11:37:17 607 750268
21 11:37:24 10 750270
22 11:37:41 402 750268
23 11:38:10 160 750268
24 11:44:36 1152 750268
25 11:50:11 2063 750268
26 11:52:41 350 750268
27 11:56:23 10000 750268
28 11:57:29 1092 750268
29 11:58:51 6556 750268
33 11:59:14 2254 751250
32 11:59:14 500 751199
31 11:59:14 520 750600
30 11:59:14 1726 750270
34 11:59:55 8948 750268
35 12:01:51 1492 750268
36 12:03:33 373 751250
37 12:03:33 2027 751270
38 12:05:07 35 751270
39 12:25:44 500 750268
40 12:27:09 25000 751000
41 12:27:09 6581 751000
42 12:27:48 868 750268