1 09:03:58 25000 769511
2 09:03:58 24674 769511
3 09:05:49 10 784500
4 09:54:06 36 772000
5 10:00:30 7684 771001
6 10:09:16 2000 771001
7 10:16:18 625 771998
8 10:27:02 625 771002
9 10:32:09 1357 771002
10 10:37:25 175 771002
11 11:13:53 1000 771213
12 11:17:35 58 771799
13 11:17:35 3735 771500
14 11:37:58 385 771501
15 11:37:58 269 771501
16 11:37:58 2646 771500
17 11:45:31 462 771500
18 11:45:31 1372 771500
22 11:47:03 4567 771900
21 11:47:03 7700 771899
20 11:47:03 4733 771800
19 11:47:03 3000 771800
23 11:48:28 419 771500
24 12:01:34 79 771501
25 12:07:41 21 771900
26 12:20:12 4328 771501
27 12:21:03 324 771501
28 12:24:08 10 771501
29 12:27:34 3975 771501
30 12:27:46 5000 771501
31 12:28:15 412 771501