1 09:18:24 25 847000
2 10:03:19 25 844508
3 10:05:54 20 844509
4 10:25:37 20 844511
8 10:41:13 2547 844510
7 10:41:13 8379 844512
6 10:41:13 2 844512
5 10:41:13 2720 844513
9 10:42:43 10 844550
10 10:49:11 10 844590
11 10:53:35 1000 844854
12 10:57:45 10 844990
13 11:02:40 10 844997
14 11:08:18 2 844990
15 11:12:31 10 844529
16 11:12:44 300 844530
17 11:14:31 600 844532
18 11:17:11 36 844534
19 11:17:30 84 844534
20 11:24:28 250 844534
21 11:49:03 10 844565
22 11:51:38 898 844534
23 11:51:59 623 844535
24 11:56:22 1744 844536
25 12:00:17 7 844550
26 12:02:20 220 844920
27 12:24:53 10 844560
28 12:25:17 10 844570
29 12:25:58 10 844600
30 12:26:34 591 844536
31 12:26:35 1009 844536
32 12:27:25 10 844650
33 12:27:47 6 844800
35 12:28:40 4 844850
34 12:28:40 6 844800
36 12:28:43 6 844850