1 09:01:10 13 826000
2 09:03:11 8 826000
3 09:07:39 500 821000
4 10:02:23 1550 822004
5 10:16:54 1470 822004
6 10:18:02 186 822004
8 10:23:51 749 821632
7 10:23:51 88 822004
9 10:55:00 109 821501
10 10:56:25 206 821000
13 11:06:47 586 820330
12 11:06:47 23 820401
11 11:06:47 2051 820401
14 11:14:54 1600 820330
17 11:21:16 1000 820000
16 11:21:16 10000 820329
15 11:21:16 214 820330
18 11:23:06 9319 820000
19 11:30:18 876 820500
20 11:30:51 1234 820329
21 11:31:35 100 821000
25 11:36:51 850 821000
24 11:36:51 200 821000
23 11:36:51 1000 821000
22 11:36:51 385 821000
28 12:06:12 3000 821000
27 12:06:12 1000 821000
26 12:06:12 200 821000
29 12:13:40 10 822000
32 12:24:49 24377 820500
31 12:24:49 100 820600
30 12:24:49 523 820600
34 12:25:00 17447 820329
33 12:25:00 623 820500
35 12:25:35 6930 820329
36 12:25:54 10070 820329
37 12:26:04 14930 820329
38 12:26:34 3742 820329
39 12:26:52 609 820329
40 12:27:04 12649 820329
41 12:27:21 12351 820329