5 09:00:04 8 824400
4 09:00:04 450 824400
3 09:00:04 529 824400
2 09:00:04 600 824400
1 09:00:04 2200 824400
6 09:07:31 10 824400
7 09:24:00 1073 824400
8 09:27:37 650 826000
9 10:08:41 216 826000
11 10:16:13 10 825100
10 10:16:13 7 825999
12 10:16:30 983 824642
13 10:21:05 1500 824645
14 10:32:54 861 826999
15 10:40:34 418 827001
16 10:41:00 3882 827500
17 10:41:06 6086 827500
18 10:41:38 7 828990
19 10:42:21 610 828000
23 10:43:11 654 829996
22 10:43:11 529 829990
21 10:43:11 107 829000
20 10:43:11 10 828999
24 10:44:06 10 828000
25 11:02:19 50 828001
26 11:03:52 50 828010
28 11:12:37 799 828000
27 11:12:37 201 828010
39 11:53:21 100 835000
38 11:53:21 1000 835000
37 11:53:21 2550 830899
36 11:53:21 4815 830899
35 11:53:21 1000 830000
34 11:53:21 867 829998
33 11:53:21 18 829998
32 11:53:21 30 829998
31 11:53:21 43 829998
30 11:53:21 29 829998
29 11:53:21 2250 829998
40 12:06:36 1000 828011