3 09:19:48 1311 833001
2 09:19:48 200 833111
1 09:19:48 1750 833112
4 09:24:15 7 820005
5 09:55:59 25000 835811
9 10:03:54 10000 837000
8 10:03:54 50 836400
7 10:03:54 200 836300
6 10:03:54 2000 835900
10 10:33:45 10000 837000
11 10:33:59 10000 837000
12 10:35:25 500 837000
13 10:36:14 10 837000
14 10:42:52 1743 837000
15 10:58:37 3720 837300
16 10:58:44 2721 837000
18 11:01:26 9736 837000
17 11:01:26 26 837000
19 11:07:05 454 835203
20 11:33:52 5500 836000
21 12:03:09 700 836000
22 12:11:20 50 836000
23 12:22:54 150 836100
24 12:25:27 15 836400
25 12:29:23 50 832706
26 12:29:51 30 832750