1 09:56:15 2079 820701
2 10:03:02 17921 820701
3 10:05:33 280 815002
4 10:06:54 280 820701
5 10:14:25 30 820701
6 10:22:47 16690 820701
7 10:23:20 8310 820701
8 10:23:50 8690 820701
9 10:24:18 70 820701
10 10:25:54 344 820701
11 10:26:21 2196 820701
12 10:27:46 17000 820701
13 10:27:58 8000 820701
14 10:28:44 9000 820701
15 10:40:04 1000 820701
17 10:40:16 390 820000
16 10:40:16 610 820000
19 10:41:05 509 820000
18 10:41:05 1000 820000
21 10:48:18 15974 820342
20 10:48:18 3846 820342
22 11:09:24 1325 820000
23 11:12:33 3000 820701
24 11:37:56 5887 820000
25 11:40:05 3320 820000
26 11:59:22 348 820001
27 12:01:06 1000 820001
28 12:13:48 20 820700
31 12:14:05 20500 821000
30 12:14:05 500 820900
29 12:14:05 4000 820800
33 12:14:17 200 821000
32 12:14:17 4500 821000
35 12:14:37 108 820000
34 12:14:37 102 820001
37 12:14:46 24945 822300
36 12:14:46 55 822100
42 12:16:11 10000 825600
41 12:16:11 2050 825500
40 12:16:11 1330 825500
39 12:16:11 30 825500
38 12:16:11 109 824998