2 09:00:04 1138 834000
1 09:00:04 2000 834000
3 09:12:59 500 834000
4 09:22:39 1500 834000
5 09:52:36 770 834002
6 09:53:45 1630 834001
7 09:54:47 2000 835000
8 09:54:48 6186 835000
9 10:02:48 1343 836000
10 10:49:54 11000 834600
11 11:06:23 25 836150
12 11:07:12 15 836400
13 11:07:53 10 834623
14 11:12:18 10 836900
18 11:12:34 15 837000
17 11:12:34 799 836999
16 11:12:34 14 836998
15 11:12:34 10 836990
19 11:12:48 25000 837500
20 11:12:51 25000 837500
21 11:12:59 21589 837500
22 11:23:40 4 834623
23 11:36:47 923 835002
24 11:52:39 6000 837500