1 10:17:19 200 840001
2 10:20:33 500 840001
3 10:31:00 585 842790
4 10:33:12 13946 842800
5 10:33:18 500 842990
6 10:35:39 2677 842801
7 10:35:42 4463 842801
9 10:35:54 236 842800
8 10:35:54 2793 842801
10 10:36:29 20 842802
12 10:36:49 1604 842801
11 10:36:49 3075 842802
13 10:38:33 20 842803
14 10:39:26 17738 843000
15 10:46:48 42 842743
16 11:17:40 500 842833
17 11:18:15 1190 843000
19 11:37:17 6055 844300
18 11:37:17 10 843900
20 11:37:52 5000 843900
21 11:43:09 600 843539
22 11:48:38 5000 844300
23 12:11:14 10 843640
24 12:13:00 1200 843640
25 12:13:58 2500 843541
26 12:14:36 213 843541
27 12:16:46 1770 843541
28 12:20:42 25000 843550
29 12:20:50 25000 843550
30 12:20:56 16995 843550
31 12:26:45 100 843541
32 12:28:16 10700 844390