1 09:08:27 10000 820701
2 09:09:05 8300 820701
3 09:38:47 18700 820701
4 09:49:36 113 820702
5 09:52:24 2 820702
7 10:10:09 1940 820701
6 10:10:09 500 820702
8 10:14:01 450 820701
14 10:19:21 23226 823092
13 10:19:21 100 823000
12 10:19:21 912 822600
11 10:19:21 500 822000
10 10:19:21 22 821990
9 10:19:21 240 821990
16 10:19:31 23226 823092
15 10:19:31 1774 823092
18 10:19:38 17680 823092
17 10:19:38 1774 823092
20 10:22:13 480 824090
19 10:22:13 20 823500
24 10:22:25 20 825000
23 10:22:25 24 824100
22 10:22:25 22 824092
21 10:22:25 6 824090
27 10:22:47 1453 826980
26 10:22:47 1470 826980
25 10:22:47 577 826980
29 10:22:55 983 826980
28 10:22:55 1347 826980
30 10:23:03 3348 826990
31 10:23:16 4072 829989
32 10:41:01 610 820709
33 10:42:02 610 820709
34 10:45:06 140 820707
35 10:53:14 5380 820706
36 10:57:22 2442 821201
37 10:57:30 6068 821202
38 11:00:02 368 820708
39 11:05:42 1928 820708
40 11:06:09 492 820708
42 11:10:47 488 820708
41 11:10:47 12 820708
45 11:15:16 995 820702
44 11:15:16 20 820702
43 11:15:16 112 820703
47 11:15:22 932 820702
46 11:15:22 475 820702
51 11:23:30 1952 820701
50 11:23:30 580 820703
49 11:23:30 10 820704
48 11:23:30 56 820704
52 12:01:31 2 821000
53 12:09:30 1000 820000
54 12:14:58 185 820000
55 12:14:59 315 820000
58 12:19:18 2399 813121
57 12:19:18 4842 813121
56 12:19:18 100 815111
60 12:19:40 1004 818000
59 12:19:40 12000 818100
61 12:20:18 7241 820000
62 12:24:26 1218 820000
63 12:27:05 426 820000
64 12:28:24 500 820000
67 12:28:27 1000 820000
66 12:28:27 500 820000
65 12:28:27 500 820000