2 09:23:45 1000 844999
1 09:23:45 1000 844999
3 09:59:30 100 834008
4 10:40:59 175 836000
5 10:58:56 395 836990
6 11:00:31 100 836000
7 11:05:25 747 836003
8 11:22:28 490 837000
9 11:34:33 5000 838000
10 11:35:44 835 838000
19 11:41:49 2000 839999
18 11:41:49 5000 839000
17 11:41:49 150 838999
16 11:41:49 20 838995
15 11:41:49 20 838990
14 11:41:49 1309 838989
13 11:41:49 1000 838610
12 11:41:49 2000 838600
11 11:41:49 5000 838500
20 11:53:19 2000 838000
21 11:56:46 5000 839000
24 11:56:56 15000 839999
23 11:56:56 600 839999
22 11:56:56 20 839990
25 11:57:01 100 838000
26 12:04:01 2400 838000
27 12:13:07 2104 838000
28 12:25:38 12973 838000