1 09:02:38 10000 820649
2 09:03:07 3832 820649
3 09:09:45 500 820649
5 09:22:07 7533 820649
4 09:22:07 67 821500
6 09:45:27 9990 820649
7 09:52:32 17145 820649
8 09:56:58 10000 820649
9 09:58:20 18000 820649
10 10:06:43 5810 820649
11 10:07:52 11190 820649
12 10:15:11 17000 820649
13 10:17:15 17000 820649
14 10:19:08 2825 816420
15 10:22:44 2825 819900
16 10:34:28 14175 820649
17 10:40:10 700 820649
18 10:58:07 9693 820649
19 11:02:07 984 820649
20 11:07:30 5000 820349
21 11:08:11 4341 820349
22 11:21:34 15000 820349
23 11:24:48 15000 820349
24 11:27:14 185 820349
25 11:28:31 2136 820349
26 11:39:20 13961 820349
27 11:49:38 17000 820349
28 11:52:15 2921 820349
29 12:01:45 14079 820349
30 12:03:34 17000 820349
31 12:21:14 500 820000
32 12:25:23 2458 820000
33 12:26:13 700 820000