1 09:05:29 1203 832790
2 09:08:04 2804 832790
3 09:33:05 1000 830752
6 10:05:00 976 830753
5 10:05:00 10 830754
4 10:05:00 14 830754
7 10:26:57 1581 832990
8 10:37:09 407 833000
10 10:38:18 10 837000
9 10:38:18 1598 837000
14 10:38:33 1237 838000
13 10:38:33 1640 838000
12 10:38:33 500 837999
11 10:38:33 15 837500
15 10:38:43 5000 838000
17 10:38:54 1000 838000
16 10:38:54 55 838000
18 10:41:13 1500 838693
19 10:41:28 50 838693
20 10:42:01 210 838693
21 10:43:47 1500 838693
22 10:48:41 30 838693
23 10:50:44 655 838693
24 10:51:46 5000 838693
25 10:51:51 1693 838693
26 11:03:19 976 838693
27 11:27:34 300 838693
28 11:33:28 2031 838693
30 11:52:00 1551 831012
29 11:52:00 600 831013
32 11:56:09 1565 831011
31 11:56:09 435 831012
33 12:01:49 1600 831011
35 12:07:17 769 838693
34 12:07:17 393 838000
36 12:11:52 118 838693