1 09:32:09 72 833562
2 09:49:34 1116 834001
6 09:51:14 100 835999
5 09:51:14 120 835850
4 09:51:14 20 834500
3 09:51:14 10 834050
9 09:52:22 1000 836000
8 09:52:22 400 836000
7 09:52:22 152 835999
10 10:03:21 100 836000
11 10:04:01 152 836120
12 10:04:59 50 836700
13 10:11:36 12 836850
14 10:15:26 129 836999
15 10:15:37 215 837000
16 10:29:48 240 836155
17 10:55:35 25 836999
18 11:01:55 967 836131
19 11:13:50 1023 836131
20 11:14:02 100 836131
22 11:20:29 2400 837000
21 11:20:29 10 837000
24 11:28:44 240 836800
23 11:28:44 15 836800
25 11:42:39 50 836131
27 11:47:59 904 837000
26 11:47:59 332 837000
29 12:07:08 1301 837150
28 12:07:08 125 837150
33 12:07:14 125 837500
32 12:07:14 20 837500
31 12:07:14 68 837500
30 12:07:14 148 837500
34 12:07:47 26 837650
35 12:08:08 150 837900
36 12:08:16 72 838999
37 12:08:23 2000 839000
38 12:08:42 1813 840000