1 09:12:45 580 820005
6 09:23:44 964 820001
5 09:23:44 605 820002
4 09:23:44 31 820005
3 09:23:44 1000 821000
2 09:23:44 300 821000
7 09:34:17 21 820200
8 09:50:56 10 824444
10 10:09:25 14009 824444
9 10:09:25 90 824444
15 10:09:35 605 828700
14 10:09:35 600 828700
13 10:09:35 1300 828700
12 10:09:35 1000 826000
11 10:09:35 300 825900
16 10:24:15 5000 821001
20 10:33:47 670 821200
19 10:33:47 10 821201
18 10:33:47 600 821201
17 10:33:47 120 821202
21 10:44:31 2000 821507
22 10:51:58 2658 821634
23 10:52:19 4650 821634
24 10:52:47 4788 821634
25 10:53:00 8 825000
26 10:53:34 8 824999
27 10:54:05 10 821508
28 10:54:48 4656 823991
29 10:54:53 2644 823991
30 10:55:25 14 823991
31 10:56:39 5888 821507
33 11:02:35 180 821500
32 11:02:35 20 821506
37 11:10:48 452 820002
36 11:10:48 700 821202
35 11:10:48 10 821500
34 11:10:48 120 821500
40 11:37:44 353 820001
39 11:37:44 30 820500
38 11:37:44 300 820500
41 11:46:03 30 820100
42 11:46:04 93 820100
45 11:48:51 10494 820000
44 11:48:51 2368 820001
43 11:48:51 30 820100
48 11:52:23 322 818400
47 11:52:23 10 818401
46 11:52:23 768 818401
49 11:53:05 200 818001
50 11:53:54 1827 820000
51 12:03:15 1163 820500
52 12:08:08 2822 819900
53 12:08:11 3739 819900
54 12:09:38 12000 818000
55 12:09:39 4704 818000
56 12:17:43 992 820000
57 12:20:43 3452 820000
58 12:21:14 15000 820000
59 12:21:21 15000 820000
60 12:21:37 15000 820500
61 12:21:55 7850 820500