1 09:32:29 67 852500
1 09:32:29 67 852500
2 09:49:49 1097 853300
2 09:49:49 1097 853300
3 10:19:19 65 851617
4 10:22:47 5353 851217
4 10:22:47 5353 851217
5 10:57:27 542 851337
5 10:57:27 542 851337
6 10:57:55 25000 851340
7 11:03:02 11000 852000
8 11:04:32 1219 851323
10 11:09:40 13711 851317
9 11:09:40 289 851318
13 11:09:51 2060 851300
12 11:09:51 109 851317
11 11:09:51 11289 851317
14 11:12:58 11542 851300
15 11:15:28 25000 851128
16 11:26:43 86 852000
16 11:26:43 86 852000
16 11:26:43 86 852000
17 12:08:23 5 854000
20 12:25:04 21 851500
19 12:25:04 6 851501
18 12:25:04 23 851501
21 12:28:19 1656 851500