1 09:37:07 1000 838021
2 09:44:49 101 838000
3 09:44:53 98 838000
4 09:44:59 102 838000
5 09:45:04 100 838000
6 09:45:09 101 838000
7 09:45:14 102 838000
8 09:45:18 47 838000
9 09:49:37 25000 838800
10 09:49:41 14289 838800
11 09:53:50 480 837035
12 10:26:37 150 837182
13 10:27:06 200 837187
14 10:39:24 600 837217
15 10:44:19 9 837242
16 10:46:52 2460 837245
17 10:51:00 7 837270
19 11:24:58 1000 838500
18 11:24:58 50 838450
20 11:25:24 863 838899
22 11:25:38 13 838999
21 11:25:38 42 838999
23 11:25:51 11249 839000
24 11:26:24 1050 840000
25 11:41:53 4993 838002
30 11:43:12 13764 837100
29 11:43:12 6 837568
28 11:43:12 100 838000
27 11:43:12 500 838001
26 11:43:12 3580 838002
31 12:19:31 13 837102
33 12:25:17 12372 837110
32 12:25:17 500 837111