1 09:28:59 9 832500
2 10:07:23 1000 835001
3 10:08:10 4341 835001
4 10:08:23 1000 835001
5 10:17:55 2557 835001
6 10:20:34 90 840000
7 10:22:40 25000 836525
8 10:24:22 7850 836525
9 10:30:52 25000 836525
10 10:32:20 7850 836525
11 10:38:54 500 836032
12 10:57:09 9 836501
13 10:57:42 10 836501
14 10:58:39 15000 836501
16 11:25:13 240 836500
15 11:25:13 583 836501
17 11:26:18 260 836500
18 11:46:10 14740 836500
19 12:08:18 9000 836500
20 12:16:34 256 836032
22 12:25:16 7942 836031
21 12:25:16 10004 836032
23 12:28:37 10 833100
24 12:29:38 1000 836031