1 09:00:26 1091 800101
2 09:00:27 952 800102
3 09:08:21 10 820000
4 09:13:59 20 820000
5 09:14:27 10 822000
7 09:17:42 10 823000
6 09:17:42 1220 823000
8 09:22:41 18 822000
9 09:37:33 1091 822100
10 09:38:14 10 822100
11 09:56:53 10 823000
12 10:02:54 10 823100
13 10:04:16 383 823101
14 10:16:32 10 827000
15 10:16:35 300 827000
16 10:16:38 1230 828000
17 10:18:40 24690 827000
18 10:40:42 10 824000
19 10:42:16 17509 825000
20 10:42:47 25000 824990
21 10:43:13 25000 824990
22 10:46:07 990 824000
23 10:48:12 25000 823201
24 10:49:13 500 823200
25 10:49:29 655 823200
26 10:53:48 239 823200
27 10:54:21 24010 824000
29 10:54:27 5000 825500
28 10:54:27 464 824946
30 10:56:05 266 823001
31 11:05:14 2702 825000
32 11:05:27 4850 825000
33 11:05:45 17448 825000
34 11:06:09 4850 825799
35 11:06:38 2436 825799
37 11:15:33 1000 825400
36 11:15:33 266 825399
38 11:15:51 630 825400
39 11:19:45 104 825400
40 11:26:02 613 823001
41 11:28:34 4500 823001
42 11:28:47 25000 823010
43 11:29:11 25000 823010
44 11:29:34 25000 823010
48 11:29:55 5000 823010
47 11:29:55 1074 825699
46 11:29:55 30 825400
45 11:29:55 896 825400
50 11:30:03 1074 825700
49 11:30:03 926 825699
51 11:30:54 2000 825700
52 11:30:57 2000 825700
53 11:30:59 2000 825700
54 11:31:01 2000 825700
55 11:31:04 2000 825700
56 11:31:05 2000 825700
57 11:31:07 2000 825700
58 11:31:09 2000 825700
59 11:31:11 2000 825700
61 11:31:13 185 822111
60 11:31:13 2000 825700
62 11:31:17 2000 825700
64 11:31:19 74 825700
63 11:31:19 1926 825700
65 11:39:28 1000 825690
67 11:42:35 13 825600
66 11:42:35 1987 825500
70 12:03:42 9003 825600
69 12:03:42 987 825600
68 12:03:42 10 825500
71 12:04:03 2997 825600
72 12:04:18 3 825600
73 12:06:59 2000 825001
74 12:09:34 814 823001
75 12:18:01 10 823601
76 12:18:15 7 823601
77 12:18:54 10 823601
78 12:19:00 500 824000
79 12:22:55 2207 823602
80 12:24:24 5000 823602