1 10:26:05 1000 844901
2 10:39:54 800 845001
3 10:44:57 24200 845001
4 10:52:05 25000 845002
5 10:52:17 25000 845001
6 10:53:06 25000 845001
7 10:53:33 17000 845001
8 11:12:18 500 846000
11 11:20:56 450 846000
10 11:20:56 6 845999
9 11:20:56 450 845999
13 11:23:50 11000 845500
12 11:23:50 9000 845501
15 11:26:11 552 845500
14 11:26:11 10 846000
16 11:35:30 2376 845211
17 11:45:38 30 845211
18 11:58:41 19000 845211
19 12:00:19 15 845211
20 12:00:22 120 845211
21 12:00:33 5000 845211
22 12:12:19 24 845502
23 12:15:24 1775 845504
24 12:19:10 25 845504
25 12:25:50 10 845506