1 09:12:38 849 823500
2 09:17:19 97 823500
3 09:23:51 72 823500
4 09:25:56 3000 823116
5 09:26:50 22000 823116
6 09:27:19 13764 823500
8 09:27:32 23583 826000
7 09:27:32 1417 826000
10 09:27:36 1000 827000
9 09:27:36 1417 826000
11 09:28:11 25000 827000
12 09:48:38 720 826500
13 09:53:42 2000 826170
18 10:18:59 40 827999
17 10:18:59 3000 827999
16 10:18:59 185 827500
15 10:18:59 2000 827500
14 10:18:59 2000 826170
19 10:33:26 1000 827001
20 10:36:26 1000 827500
21 10:37:01 1000 827800
22 10:40:44 300 827501
23 10:46:49 7 827501
24 10:49:23 1400 827501
25 10:50:30 1000 827501
26 10:53:27 1000 827501
27 10:53:41 10 827501
28 10:54:25 1000 827900
33 11:04:04 22000 830950
32 11:04:04 1000 829999
31 11:04:04 10 829800
30 11:04:04 40 829020
29 11:04:04 50 829020
34 11:24:54 25000 827700
35 11:25:49 20000 827600
36 11:35:40 6284 827650
37 11:36:19 300 827501
38 11:49:18 1000 827501
39 11:57:03 200 827501
40 11:57:10 2000 827501
41 12:07:02 2000 827501
42 12:10:21 2000 827501