1 09:48:25 98 836805
5 10:16:56 20 840000
4 10:16:56 10 840000
3 10:16:56 100 838500
2 10:16:56 330 838000
10 10:28:28 500 840999
9 10:28:28 100 840500
8 10:28:28 183 840250
7 10:28:28 26 840250
6 10:28:28 25 840250
11 10:28:33 150 841000
12 10:36:22 98 840000
13 11:09:47 1311 837095
16 11:25:41 1000 840000
15 11:25:41 6835 840000
14 11:25:41 10 839999
17 11:32:48 4657 837036
18 12:01:45 805 838000
21 12:02:03 1000 840000
20 12:02:03 738 840000
19 12:02:03 100 840000
22 12:02:05 805 840000
23 12:03:01 1005 841000
24 12:28:25 3000 838001