1 09:08:43 500 826238
2 10:19:17 300 828013
5 10:43:45 12947 844985
4 10:43:45 40 844985
3 10:43:45 640 844985
6 10:46:26 50 830015
7 10:52:12 200 833100
8 10:52:59 99 837000
9 10:53:04 57 837000
10 11:33:59 50 840000
11 11:39:07 100 835000
12 11:39:12 96 835000
13 11:39:17 99 835000
14 11:39:23 100 835000
15 11:39:28 104 835000
16 11:39:29 265 835000
18 11:42:41 15730 833700
17 11:42:41 500 833701
19 11:43:21 271 833701
20 12:03:53 100 838000
21 12:03:58 96 838000
22 12:04:04 69 838000
23 12:07:59 9 833701
24 12:22:15 461 835001
25 12:22:28 200 835000
26 12:23:08 5339 833700
27 12:29:39 1007 833700