1 09:14:06 270 820006
2 09:14:14 270 820006
4 09:21:59 940 820010
3 09:21:59 360 820011
4 09:21:59 940 820010
3 09:21:59 360 820011
5 09:45:01 7 827990
6 09:51:35 500 820200
7 10:16:53 4 820200
8 10:42:25 150 824500
9 10:57:40 101 823002
10 10:58:22 2555 823002
11 11:24:01 50 823000
12 11:27:25 5000 822500
13 11:27:46 1000 822500
14 11:30:15 1306 822500
15 11:34:46 20 822500
16 11:37:06 542 822500
17 11:37:21 1500 822500
18 11:43:07 5943 822000
19 12:19:24 1457 823000
20 12:24:15 12843 823000
21 12:27:17 10 823000
22 12:28:54 2100 823000