2 10:19:43 500 831000
1 10:19:43 10000 831001
3 10:19:44 2000 831000
4 10:53:26 395 836707
5 11:00:35 500 836701
6 11:23:01 2000 832602
12 11:23:14 16486 832000
11 11:23:14 5000 832007
10 11:23:14 1640 832600
9 11:23:14 500 832601
8 11:23:14 10 832602
7 11:23:14 1364 832602
13 11:23:24 8514 832000
14 11:23:25 16486 832000
15 11:26:22 2928 832001
16 11:26:23 10157 832001
18 11:51:37 990 832000
17 11:51:37 10 832003
19 11:52:54 4010 832000
20 11:52:55 1937 832000
21 11:57:42 1500 835000
22 11:57:43 3500 835000
23 12:05:29 1344 836000
24 12:06:04 5000 837000
27 12:08:00 5000 832000
26 12:08:00 5000 832000
25 12:08:00 10 832101
28 12:08:02 14990 832000
29 12:08:20 5000 832000
31 12:08:24 5000 837000
30 12:08:24 20000 832000
32 12:08:33 5000 837000
34 12:27:34 1134 832000
33 12:27:34 5000 832001
35 12:27:57 5000 837000
37 12:27:58 3533 832000
36 12:27:58 114 832000
38 12:28:25 4781 837000