1 09:00:05 570 841500
2 09:23:28 199 843011
5 09:42:13 11128 847000
4 09:42:13 2705 846990
3 09:42:13 40 846990
6 10:34:09 2100 846000
7 10:46:50 100 846000
8 10:47:28 4762 843013
9 11:05:50 438 844002
14 11:13:26 4448 837000
13 11:13:26 3430 841500
12 11:13:26 2000 841550
11 11:13:26 602 843012
10 11:13:26 11562 844002
15 11:24:39 10 846200
16 11:26:07 10 845005
17 11:27:58 10 845005
18 11:33:51 20 845200
20 11:34:00 3276 845101
19 11:34:00 230 845200
21 12:12:02 6 845010
22 12:16:18 1656 845010
23 12:16:26 250 845010
25 12:27:03 1000 846000
24 12:27:03 800 845400