3 09:00:05 731 820000
2 09:00:05 1182 820000
1 09:00:05 600 820001
4 09:00:46 2295 820000
5 09:16:56 14 820009
8 09:31:28 22585 826000
7 09:31:28 1490 825000
6 09:31:28 14 824500
9 09:32:26 600 827997
10 09:32:47 600 825000
11 09:33:11 4 820251
12 09:33:13 255 825000
13 09:33:23 2295 827998
15 09:33:31 170 828000
14 09:33:31 20 828000
16 09:33:40 600 829987
20 09:45:45 2940 829988
19 09:45:45 990 829988
18 09:45:45 1480 829988
17 09:45:45 1000 829987
21 10:07:36 200 828000
22 10:08:25 10 829000
24 10:10:12 378 830000
23 10:10:12 200 830000
26 10:16:52 3738 829990
25 10:16:52 200 829000
27 10:37:48 759 825101
28 10:50:19 700 825101
29 11:11:21 1000 825101
30 11:12:03 6 829999
31 11:27:21 4058 825201
32 11:50:04 2062 828000
33 11:50:27 10 829000
35 11:50:37 21 829900
34 11:50:37 200 829900
36 11:50:47 2062 829989
37 12:06:43 10442 825207
38 12:07:32 876 825207
39 12:08:38 257 825207
44 12:10:58 606 825000
43 12:10:58 10 825110
42 12:10:58 1000 825204
41 12:10:58 1250 825206
40 12:10:58 83 825207
45 12:11:20 1000 824002
46 12:13:23 1000 825000
48 12:14:52 88 824002
47 12:14:52 40 824010
49 12:15:01 523 824002
51 12:15:32 859 824002
50 12:15:32 20 824010
53 12:21:15 530 824002
52 12:21:15 20 824010
54 12:24:31 695 824000