2 09:00:04 705 838000
1 09:00:04 3144 838000
3 09:33:02 3151 838000
4 09:42:56 5000 838000
5 09:45:40 748 836000
6 09:54:13 5000 838000
7 10:01:55 5000 838000
8 10:14:48 5000 838000
9 10:20:26 5000 838000
10 10:23:57 5000 838000
11 10:25:43 5000 838000
12 10:26:15 5000 838000
13 10:26:35 5000 838000
14 10:27:38 5000 838000
15 10:30:21 5548 837000
16 10:31:19 537 837000
17 10:41:18 600 837000
18 11:09:19 5750 837400
19 11:33:24 3689 837400
20 11:49:32 218 837551
21 11:50:40 5000 838000
22 11:52:08 5000 838000
24 11:54:58 5000 839000
23 11:54:58 5000 839000
25 11:59:38 2734 837600
30 12:00:50 16600 839990
29 12:00:50 20 839990
28 12:00:50 705 839989
27 12:00:50 3144 839989
26 12:00:50 2000 839900
31 12:03:10 5000 839000
32 12:04:07 1000 837600
33 12:06:32 5000 839000
34 12:08:27 1772 839989
35 12:09:33 5000 839000
36 12:10:03 2577 839000
38 12:22:59 2604 838500
37 12:22:59 10 838510
39 12:26:49 1700 838510
41 12:27:03 10000 838990
40 12:27:03 800 838510