1 09:21:35 2 826703
5 09:37:48 4537 830101
4 09:37:48 6393 830105
3 09:37:48 5000 830105
2 09:37:48 2472 830106
8 09:47:02 5000 842000
7 09:47:02 244 837550
6 09:47:02 1 837550
10 10:01:07 1326 840000
9 10:01:07 1000 840000
11 10:01:39 2326 841990
12 10:50:40 100 839001
13 10:54:47 100 839001
14 10:58:36 10 839001
17 10:59:12 24894 841000
16 10:59:12 100 841000
15 10:59:12 6 840999
18 11:00:29 5642 840000
19 11:00:35 2952 840000
20 11:00:49 106 841000
21 11:00:57 10 841980
22 11:01:11 5642 841980
23 11:01:22 2952 841980