1 09:24:28 10 842000
3 09:27:48 10 841500
2 09:27:48 24990 841500
4 09:27:49 24990 841500
5 09:28:38 801 840201
6 09:34:50 24199 840207
8 09:36:10 24199 840207
7 09:36:10 801 840207
9 09:36:12 801 840207
10 09:58:15 10 847800
12 10:00:17 15 847900
11 10:00:17 25 847900
13 10:15:50 35 844000
14 10:43:00 300 843019
15 10:55:49 3778 843019
17 11:03:47 718 843019
16 11:03:47 510 843019
18 11:04:49 12 843019
19 11:08:35 3700 843019
20 11:48:07 3000 843019
21 11:52:25 15080 843880
22 12:02:31 1500 843019
23 12:12:48 20 843019
24 12:16:33 725 843019
25 12:17:06 20 843019
26 12:24:00 2877 843050
27 12:29:11 132 843019