1 09:05:06 1490 836002
3 09:52:50 1000 839000
2 09:52:50 769 838470
4 09:54:46 1430 836502
5 10:26:09 570 836310
6 10:30:34 567 836363
7 10:45:22 10 837031
8 10:54:18 400 837059
9 10:56:43 100 837081
10 11:19:44 578 837114
11 11:23:04 12 838005
12 11:36:40 5670 838120
13 11:42:05 100 838120
14 11:42:20 2626 838120
16 11:56:59 578 839999
15 11:56:59 12 839999
19 11:57:32 120 841500
18 11:57:32 10 841300
17 11:57:32 300 841200
20 11:57:45 53 842000
22 12:26:28 830 838120
21 12:26:28 10 838120
24 12:28:44 125 841000
23 12:28:44 20 841000