4 09:32:21 1750 836999
3 09:32:21 1390 836998
2 09:32:21 10 836997
1 09:32:21 37 836997
5 09:34:48 4492 831153
6 09:54:59 333 837001
7 09:59:48 1300 837001
8 10:16:34 2005 837001
9 10:19:11 20000 837001
10 10:32:58 500 837001
11 10:51:29 228 837001
12 11:08:55 400 837001
13 11:20:08 50 837001
17 11:36:23 24609 834700
16 11:36:23 200 834777
15 11:36:23 7 837000
14 11:36:23 184 837001
18 11:39:10 133 831101
19 12:01:46 258 831101
20 12:01:55 72 831101
21 12:02:15 10 831100
22 12:03:43 20 831100
23 12:16:07 1355 835000
24 12:18:14 10 834000
25 12:25:32 207 834110