1 09:21:41 127 821000
3 09:46:08 10 820000
2 09:46:08 1200 820000
4 09:56:11 7 825999
6 10:47:54 24400 818101
5 10:47:54 600 818200
12 10:48:04 5133 823000
11 10:48:04 4946 823000
10 10:48:04 4542 823000
9 10:48:04 2273 823000
8 10:48:04 367 822999
7 10:48:04 230 822999
16 10:48:09 3896 825200
15 10:48:09 600 825000
14 10:48:09 1830 824999
13 10:48:09 944 824000
20 10:48:14 3896 826000
19 10:48:14 98 826000
18 10:48:14 2673 825999
17 10:48:14 50 825990
21 10:50:51 25000 824990
22 10:58:21 1000 818250
22 10:58:21 1000 818250
24 11:17:12 9440 820003
23 11:17:12 1830 820004
24 11:17:12 9440 820003
23 11:17:12 1830 820004
26 11:19:23 10560 820003
25 11:19:23 300 820004
27 11:19:24 9140 820003
28 11:19:38 300 820000
32 11:34:46 5000 825000
31 11:34:46 100 824999
30 11:34:46 2437 824999
29 11:34:46 5000 821990
33 11:36:00 80 825989
34 11:36:05 300 825989
35 11:36:07 300 826000
36 11:38:18 300 827900
37 11:39:08 7 827900
37 11:39:08 7 827900
38 11:40:32 293 827900
38 11:40:32 293 827900
39 11:41:37 5444 825000
39 11:41:37 5444 825000
43 11:46:49 21357 819120
42 11:46:49 300 819121
41 11:46:49 900 820000
40 11:46:49 2443 820001
47 12:10:49 442 820000
46 12:10:49 30 820000
45 12:10:49 200 820001