1 09:12:49 5591 838010
2 09:14:45 500 838010
3 09:15:07 1200 838010
4 09:21:03 1050 843538
5 09:38:39 6 843538
6 09:45:59 2000 843800
7 10:42:43 30 840000
8 10:42:44 837 840000
9 11:00:13 10507 842500
10 11:08:25 10 839010
11 11:14:22 10 843110
13 11:21:19 203 839100
12 11:21:19 280 839100
17 11:27:42 190 839101
16 11:27:42 5000 839102
15 11:27:42 2000 839112
14 11:27:42 17 839200
18 11:28:05 1000 839000
22 11:28:16 207 839000
21 11:28:16 279 839000
20 11:28:16 727 839000
19 11:28:16 901 839000
23 12:00:47 25 839000
25 12:04:11 708 838208
24 12:04:11 45 839000
29 12:04:25 104 840000
28 12:04:25 24896 840000
27 12:04:25 15 840000
26 12:04:25 89 840000
31 12:05:03 1901 840280
30 12:05:03 279 840280
32 12:05:06 1125 840290
33 12:05:08 727 840500
34 12:05:11 12 840980
35 12:05:18 207 840990
36 12:05:24 20745 841000
37 12:05:31 25000 842000
38 12:06:46 7675 842500
39 12:07:57 25 843000
40 12:09:16 12 843100
42 12:09:18 1550 838208
41 12:09:18 50 838500
43 12:13:35 923 838208