1 10:12:19 400 835203
2 10:23:54 589 835203
8 10:23:57 500 838200
7 10:23:57 500 838150
6 10:23:57 500 838120
5 10:23:57 500 838100
4 10:23:57 544 838000
3 10:23:57 1557 838000
10 10:24:16 2145 835202
9 10:24:16 55 835203
11 10:24:27 405 835204
12 10:49:01 300 835240
13 11:25:03 2500 840000
14 11:25:05 2725 835230
15 11:25:11 400 840000
16 11:25:19 200 840000
17 11:25:38 200 840000
19 11:25:49 15 841500
18 11:25:49 15 841500
20 11:26:15 500 842000
21 11:26:29 3100 842001
22 11:26:46 100 842100
23 11:27:09 200 842801
24 11:45:05 1074 835323
26 11:47:09 967 835324
25 11:47:09 1033 835325
27 12:13:55 1500 840000
28 12:15:09 1500 842541