3 09:59:56 1030 842541
2 09:59:56 1250 840000
1 09:59:56 90 840000
4 10:13:37 1384 830004
5 10:23:26 2000 842000
6 10:23:41 50 842987
7 10:23:50 1000 842989
8 10:23:52 2765 842989
9 10:24:04 4378 842990
11 10:24:05 7 842989
10 10:24:05 16807 842990
12 11:27:39 7 836011
13 11:46:56 1493 836011
14 11:46:57 192 836011
15 11:48:23 3 836011
18 11:54:27 28 836000
17 11:54:27 10 836012
16 11:54:27 1500 836013
20 12:05:28 7 839997
19 12:05:28 1500 839998
21 12:10:25 493 839998
22 12:10:47 347 838001
24 12:17:24 2759 839000
23 12:17:24 10 838999
25 12:20:28 917 839000