2 09:04:36 109 849970
1 09:04:36 71 849970
3 09:08:00 231 849970
4 09:08:35 150 849970
5 09:11:16 200 850000
7 09:11:26 500 845900
6 09:11:26 100 845900
8 09:27:06 880 847003
9 10:00:21 14426 847721
10 10:05:39 1500 847720
11 10:29:08 1120 847805
12 10:31:31 305 847805
13 10:37:20 10 847805
16 10:42:38 24931 850000
15 10:42:38 59 850000
14 10:42:38 10 849500
18 10:44:48 7770 850000
17 10:44:48 69 850000
19 10:49:28 578 850000
20 11:37:35 1401 850001
21 11:59:56 3000 850001
22 12:11:37 3 850002
23 12:14:31 15 850002
24 12:29:22 10 851000
25 12:29:32 1290 850002