1 09:13:29 976 828140
2 09:18:30 10000 828140
3 09:21:15 4579 828140
4 09:22:51 619 828140
5 09:33:47 590 828141
6 09:39:16 500 828141
7 09:51:59 600 828141
8 09:57:01 9 828141
9 09:59:05 24000 828141
12 09:59:11 2999 828139
11 09:59:11 10 828140
10 09:59:11 991 828141
13 09:59:22 155 828139
14 10:04:14 1000 828140
15 10:06:44 427 828140
16 10:09:52 122 828140
18 10:25:21 3950 832000
17 10:25:21 50 831589
19 10:25:32 1050 832000
21 10:25:48 15000 835000
20 10:25:48 1100 835000
23 10:26:01 5043 836000
22 10:26:01 7 839999
24 10:26:15 7 836000
26 11:05:27 417 829394
25 11:05:27 3850 829395
27 11:08:08 1565 829600
31 11:20:10 1390 833990
30 11:20:10 100 833900
29 11:20:10 2500 833500
28 11:20:10 10 833400
32 11:20:16 1000 833990
33 11:20:23 200 833500
34 11:20:30 100 833500
35 11:20:41 4700 833500
36 11:20:49 764 833990
38 11:21:01 50 833999
37 11:21:01 10 833999
39 11:21:07 5000 833999
40 11:21:09 10 834900
41 11:21:22 5300 835978
42 11:24:37 5300 833500
43 11:24:59 1570 833500
44 11:25:02 100 834990
45 11:25:14 5300 835978
46 11:25:19 1670 835978
48 11:41:41 12819 835900
47 11:41:41 100 835800
49 11:49:45 2000 829901
50 11:51:34 196 829901
51 11:52:25 5774 829901
52 11:58:49 108 830000
53 11:59:37 92 830000
54 12:00:32 3000 831000
55 12:00:42 950 831000
56 12:07:20 2000 830000
59 12:07:24 4115 829700
58 12:07:24 200 829901
57 12:07:24 10 829910
62 12:08:42 167 829700
61 12:08:42 53 829701
60 12:08:42 20 829710
64 12:11:13 1480 829700
63 12:11:13 20 829710
65 12:23:41 904 830000
66 12:23:46 2096 830000
68 12:24:13 1710 830000
67 12:24:13 300 830001
69 12:24:42 2586 829800