2 09:00:05 438 820649
1 09:00:05 4206 820649
4 09:07:07 714 820649
3 09:07:07 486 820900
5 09:19:58 9782 820649
6 09:21:09 408 820649
7 09:23:08 10200 820649
8 09:23:52 1300 820649
9 09:31:57 500 820649
10 09:44:52 400 820649
11 09:50:31 300 820700
12 09:50:41 1200 820700
13 09:53:53 17052 820649
16 09:58:01 639 820700
15 09:58:01 400 820699
14 09:58:01 461 820698
17 10:00:28 4867 820649
18 10:03:41 12133 820649
19 10:06:52 400 820649
20 10:08:05 16600 820649
21 10:09:35 1500 820000
22 10:10:04 17000 820000
25 10:10:11 5038 820649
24 10:10:11 5462 820000
23 10:10:11 6500 820000
26 10:10:19 2399 820649
27 10:10:44 14601 820649
28 10:12:16 17000 820649
29 10:14:44 17000 820649
30 10:15:21 1500 820650
31 10:16:12 17000 820649
32 10:16:58 747 820649
33 10:18:05 1500 820650
34 10:18:28 300 820649
35 10:23:28 1345 820000
38 10:28:45 14608 820000
37 10:28:45 400 820001
36 10:28:45 600 820001
39 10:30:09 1038 820000
40 10:39:27 180 820000
41 10:40:14 300 820000
42 10:51:30 2449 820000
43 10:53:34 1500 820000
44 10:55:05 500 820000
45 11:13:31 51 820000
46 11:13:36 1230 820000
47 11:31:07 4073 820000
48 11:41:13 150 820100
49 11:43:57 7 820400
51 11:44:35 14950 820000
50 11:44:35 50 820100
52 11:44:54 200 820000
53 11:55:32 5000 820000
54 11:56:22 2240 820000
55 11:57:49 1880 820000
56 11:58:06 7409 820000
57 12:02:05 474 820000
58 12:02:25 100 820000
59 12:03:37 293 820000
60 12:10:47 4097 820000
62 12:11:57 7 820000
61 12:11:57 12036 820000
63 12:12:22 4000 820000
66 12:16:46 12847 820000
65 12:16:46 100 820001
64 12:16:46 10 820100
67 12:24:21 16112 820000
68 12:27:42 3000 820000