1 09:25:20 370 850000
2 09:26:52 10 850000
4 09:31:47 6 849200
3 09:31:47 110 849200
5 09:34:27 33 849200
6 09:36:48 10 844902
7 09:37:31 29 845840
8 09:38:34 40 844902
9 09:39:26 6 844902
11 09:42:37 10 845850
10 09:42:37 71 845840
13 09:59:18 230 845850
12 09:59:18 6 845850
15 10:20:14 158 849200
14 10:20:14 6 849199
17 10:20:17 10 849200
16 10:20:17 144 849200
18 10:51:06 6 849500
19 10:58:43 50 850989
20 10:59:46 4011 850990
21 11:21:02 5939 851500
22 11:50:11 41 849501
23 11:53:04 23 849500
24 11:56:29 300 845060
25 12:08:07 1178 846000
26 12:29:26 3000 846000