1 09:17:29 1949 831151
2 09:17:30 551 831151
5 09:45:35 200 832100
4 09:45:35 1000 833000
3 09:45:35 515 833002
6 09:45:36 2092 832000
7 10:20:37 2000 834000
8 10:21:22 200 834999
9 10:24:34 1000 835999
10 10:30:33 925 836080
11 10:56:41 500 836100
13 11:03:15 1003 832500
12 11:03:15 199 832506
14 11:03:16 1798 832500
15 11:08:29 18088 835000
16 11:08:34 25000 835000
17 11:12:07 1000 835000
18 11:12:44 1000 836000
19 11:13:20 1000 836500
20 11:44:19 2968 836500
22 12:12:24 1416 834000
21 12:12:24 100 834000