1 09:34:00 250 578003
2 09:54:33 300 578101
3 10:00:00 100 578008
4 10:07:42 3600 578008
5 10:07:42 411 578007
6 10:07:42 1500 578007
7 10:07:42 10 578007
8 10:07:42 2479 578000
9 10:56:40 4 578000
10 11:19:19 9 578000
11 11:21:48 700 578000
12 11:24:25 11808 578000
13 11:24:25 13192 578000
14 11:24:27 1808 578000
15 11:24:27 20 578000
16 11:45:44 25000 578100
17 11:45:44 25000 578100
18 11:45:44 25000 578100
19 11:45:45 12283 578100
20 11:47:09 10000 578000
21 12:09:22 9 576500
22 12:09:22 55 576130
23 12:09:22 500 576130
24 12:09:22 1000 576120
25 12:09:22 1500 576120
26 12:10:15 1648 576101
27 12:10:15 30 576100
28 12:10:15 100 576100
29 12:10:30 200 575010
30 12:10:39 50 571000
31 12:10:39 200 570000
32 12:10:39 1000 570000
33 12:11:12 8708 565001
34 12:15:33 8708 576000
35 12:17:28 200 576000
36 12:19:14 10248 576000
37 12:19:36 826 576000
38 12:21:11 10 579990