1 09:00:05 12 587505
2 09:25:46 50 591999
3 10:03:15 1000 589000
9 10:11:05 5000 592000
8 10:11:05 5000 591999
7 10:11:05 1000 591990
6 10:11:05 100 591800
5 10:11:05 40 591500
4 10:11:05 100 591500
10 10:20:14 40 592000
11 10:36:41 46 592000
13 10:39:22 5000 593000
12 10:39:22 400 592500
15 11:04:18 635 595000
14 11:04:18 365 595000
18 11:09:09 720 593000
17 11:09:09 260 593000
16 11:09:09 20 593100
19 11:09:32 2000 593000
20 11:09:51 500 593000
21 11:24:42 34 593000
22 11:29:38 6966 593000
23 11:30:10 1 593000
24 11:30:21 271 593000
25 11:35:24 2326 593000
26 11:35:47 436 593000
28 11:54:04 436 593000
27 11:54:04 4564 593000