1 09:06:14 9 580009
2 09:08:39 9 584500
3 09:19:12 45 580000
5 09:19:25 8 584500
4 09:19:25 1 584500
6 09:43:07 55 581126
7 09:43:20 9 584500
8 10:14:08 51 582000
9 11:08:07 100 580239
10 11:08:18 9 584000
11 11:51:29 665 581000
12 11:51:40 773 581000
13 11:53:22 2900 581000
14 11:54:11 78 581000
15 11:54:55 1950 581000
16 11:55:04 38 581000
17 11:55:36 37 581000
18 11:55:47 10000 581000
19 11:56:28 1000 581000
20 11:56:44 2000 581000
21 12:11:26 50 581000
22 12:22:42 80 581000
23 12:25:36 220 581000
24 12:26:59 600 581000
26 12:28:32 9149 581000
25 12:28:32 4609 581000
27 12:28:35 9527 581000
28 12:29:24 1000 581000