2 09:10:20 414 581110
1 09:10:20 36 581111
3 09:23:11 18 581110
4 09:23:11 343 581110
5 09:23:11 10 581110
6 09:23:11 40 581010
7 09:23:11 20 580010
8 09:23:14 1000 580001
9 09:23:14 130 580000
10 09:23:14 10 580000
11 09:23:14 10 580000
13 09:40:51 378 580000
12 09:40:51 35 580001
14 11:17:26 65 581998
15 11:17:26 10 581998
16 11:18:03 690 581999
18 11:19:08 40 582000
17 11:19:08 50 582000
23 11:20:20 200 582000
22 11:20:20 1387 582000
21 11:20:20 183 582000
20 11:20:20 40 582000
19 11:20:20 40 582000
24 11:21:18 22 582000