1 09:32:19 2 598989
2 10:08:43 51 598000
3 11:07:24 18 597000
4 11:07:24 500 597000
5 11:07:24 183 597000
6 11:24:43 9 597999
7 11:24:43 3161 597999
8 11:24:43 664 598000
9 11:24:43 171 598000
10 11:37:43 165 597000
11 11:40:04 4537 598000
12 11:40:04 463 598970
13 11:40:23 395 598969
14 11:40:23 537 598970
15 11:40:23 68 598984
16 12:24:55 75 596500
17 12:24:55 9 596500
18 12:28:05 83 596100
19 12:28:05 86 595100
20 12:28:05 465 593005
21 12:28:05 10 593003
22 12:28:05 10 593002
23 12:28:05 50 593001
24 12:28:05 700 593000
25 12:28:05 50 592001
26 12:28:05 967 592000
27 12:28:05 2000 590050
28 12:28:05 1000 590050
29 12:28:05 979 590040