1 09:08:12 832 598998
2 09:16:55 168 598998
3 09:17:58 665 599000
4 09:19:42 345 592503
5 09:22:45 25 598996
6 10:45:32 25 598993
7 10:45:32 9 598993
8 10:45:32 463 598993
9 10:59:10 340 597500
10 10:59:10 66 598000
9 10:59:10 340 597500
10 10:59:10 66 598000
11 11:26:21 25 595002
12 11:26:21 10 595002
13 11:26:21 15 595000
11 11:26:21 25 595002
12 11:26:21 10 595002
13 11:26:21 15 595000
14 11:36:29 9 598500
14 11:36:29 9 598500
14 11:36:29 9 598500
15 11:37:45 6 598500
16 11:37:45 3 598975
15 11:37:45 6 598500
16 11:37:45 3 598975
15 11:37:45 6 598500
16 11:37:45 3 598975
17 11:38:43 9 598975