1 10:38:01 50 594002
2 10:38:01 1000 594002
3 10:50:14 200 594001
4 11:07:26 130 594002
5 11:07:26 800 594001
6 11:07:26 10 594001
7 11:07:26 84 594000
8 11:07:26 184 594000
9 11:09:55 48 594000
10 11:31:48 7530 594012
11 11:33:32 14370 594012
12 11:35:21 10 595000
13 11:37:56 68 594000
14 11:37:56 100 594000
15 11:37:56 67 594000
16 11:42:48 10 594000
17 11:45:02 6160 593990
18 11:45:06 170 593910
19 11:45:06 674 593900
20 11:45:06 10 593900
21 11:45:06 857 593900
22 11:53:42 8690 593990
23 11:55:45 12580 593990
24 12:04:21 9150 593990
25 12:08:56 4044 594000