2 09:36:38 900 606100
1 09:36:38 400 606300
3 09:37:21 29 605100
5 09:37:38 121 604551
4 09:37:38 10 605010
7 09:38:54 305 600106
6 09:38:54 15 604550
8 09:44:54 160 604522
9 09:45:15 160 604522
10 09:45:31 160 604522
11 09:45:47 160 604522
18 10:04:20 100 604522
17 10:04:20 82 604522
16 10:04:20 271 604525
15 10:04:20 4000 604525
14 10:04:20 250 604600
13 10:04:20 3116 604601
12 10:04:20 40 604601
19 10:06:13 14657 606000
20 10:21:47 1 606100
21 10:23:21 1 606111
22 10:26:15 1 606111
23 10:27:08 1 606111
24 10:28:12 2 606113
25 10:29:15 2 606113
26 10:29:56 2 606115
27 10:46:19 524 606500
28 11:31:18 650 606880
29 11:33:08 12 606880
33 11:49:37 150 606880
32 11:49:37 338 606880
31 11:49:37 980 607000
30 11:49:37 42 607000
34 12:03:34 5 609499
35 12:08:21 3 609499
36 12:22:31 560 606618