1 09:53:10 14 577000
2 10:45:25 1 578001
3 10:46:19 9 578000
4 11:09:21 40 579000
6 11:18:58 1889 580000
5 11:18:58 11 580000
7 11:21:30 277 578700
8 11:21:30 137 578501
9 11:21:30 24586 578011
10 11:21:30 414 578011
11 11:21:30 262 578011
12 11:25:08 10 580000
13 11:28:00 24738 578011
14 11:38:24 262 578011
15 11:41:18 21971 578011
16 11:47:23 163 580000
17 12:18:48 2000 579990
18 12:18:48 1000 579995
19 12:26:12 30 579000
20 12:28:46 55 579000
21 12:29:41 30 578012
22 12:29:41 2767 578011
23 12:29:41 9618 578011