1 09:01:47 10 570131
2 09:19:24 50 575041
3 09:26:34 10 577002
4 09:37:53 10 578990
5 09:37:53 19990 579000
6 09:54:40 172 578999
8 10:10:16 5 578000
7 10:10:16 15 578000
9 10:18:41 220 578000
11 10:38:55 15000 578000
12 10:38:55 9780 578000
13 10:38:55 15220 578000
14 10:38:55 9780 578000
10 10:38:55 10000 577999
15 10:43:29 5010 578000
16 10:43:29 10210 578000
17 10:43:29 14790 578000
18 10:48:47 34 578998
19 10:49:04 258 578998
20 10:56:35 172 578998
21 11:07:58 515 578998
22 11:10:13 17 578100
23 11:17:07 20 578998
24 11:19:22 17 578100
25 11:35:27 500 578500
26 12:15:39 1 578550
27 12:16:56 34 578550