1 09:11:01 579 586000
2 09:17:14 102 586000
3 09:17:23 98 586000
4 09:17:26 452 586000
5 09:20:07 233 586000
6 09:24:20 65 586000
7 09:26:24 515 585001
8 09:50:06 833 586000
9 09:50:06 501 585002
10 09:57:27 43 585000
11 09:59:19 3882 585000
12 10:32:40 20 585000
13 10:32:40 1553 585000
15 11:03:03 2544 585000
14 11:03:03 27 585001
17 11:03:10 171 584200
16 11:03:10 2021 585000
18 11:03:13 10 584005
19 11:03:20 560 584003
20 11:03:20 2000 584000
21 11:07:25 25000 586000
23 11:07:26 10000 586000
22 11:07:26 25000 586000
24 11:23:15 20 583200
25 11:23:15 1000 583200
26 14:43:20 95 585000
27 14:43:20 10 585000