1 09:05:18 200 594000
2 09:06:00 100 594000
3 09:14:32 100 594000
4 09:18:08 200 594000
5 09:18:51 1000 594000
6 09:21:39 200 594000
7 09:26:25 82 591000
8 09:26:34 50 594000
9 09:26:34 950 594000
10 09:33:07 18 594750
11 09:47:55 482 594750
12 09:47:55 8518 594750
13 09:56:34 1000 597000
14 11:31:17 214 593100
15 11:35:23 25 592000
16 11:35:23 100 592000
17 11:35:23 375 592000
18 11:35:23 400 592000
19 11:35:23 258 592000
20 11:46:11 200 594000
21 11:46:11 978 596000
22 11:46:11 20 596000
23 11:46:11 1000 597900
24 11:46:11 1802 598000