1 09:15:06 10 583750
2 09:51:01 885 580500
3 09:51:28 2100 580800
4 09:51:33 100 580500
5 09:53:25 200 580500
6 10:00:07 200 580600
19 10:05:14 18475 582000
18 10:05:14 1000 581999
17 10:05:14 4840 581996
16 10:05:14 59 581990
15 10:05:14 52 581990
14 10:05:14 45 581990
13 10:05:14 110 581990
12 10:05:14 93 581990
11 10:05:14 30 581990
10 10:05:14 87 581990
9 10:05:14 114 581990
8 10:05:14 80 581990
7 10:05:14 15 581989
21 10:05:17 18475 582000
20 10:05:17 6525 582000
24 10:05:22 10 582000
23 10:05:22 10000 582000
22 10:05:22 6525 582000
25 10:12:40 50 582999
26 10:12:47 55 583749
27 10:12:50 10 583750
28 10:12:50 10000 583750
29 10:12:50 155 583750
31 10:12:56 100 583880
30 10:12:56 9 583880
32 10:12:58 2000 584989
33 10:12:58 20 584990
34 10:12:58 2100 584990
35 10:13:04 50 584995
36 10:13:04 12 584995
37 10:17:00 15 583000
38 10:17:12 62 581501
39 10:22:43 200 581509
40 10:24:17 200 582000
41 10:26:27 200 582000
43 10:31:33 87 582001
42 10:31:33 9 582002
44 10:32:38 200 582001
45 10:34:48 200 582001
46 10:36:09 200 582001
47 10:43:39 40 585000
48 10:43:55 200 582052
49 10:44:02 200 582051
50 10:45:04 200 582052
51 10:46:20 200 582052
52 10:47:10 200 582052
53 10:48:56 200 582052
54 10:50:11 200 582052
55 10:51:22 112 585000
59 10:51:28 1200 586000
58 10:51:28 50 586000
57 10:51:28 20 585999
56 10:51:28 500 585999
60 10:51:38 200 582056
61 10:52:24 200 582062
62 10:55:49 200 582301
63 10:56:50 200 582382
64 10:58:35 200 583000
65 10:58:49 200 583001
66 10:59:29 112 583010
67 11:00:26 288 583011
68 11:06:07 112 585999
71 11:06:10 8656 586000
70 11:06:10 663 586000
69 11:06:10 50 586000
72 11:08:01 865 586000
73 11:17:38 12 585995
75 11:17:43 25 585999
74 11:17:43 5000 585998
76 11:25:36 3068 585999
77 11:25:36 25 585999
78 11:25:36 20 585999
80 11:26:01 5721 586000
79 11:26:01 479 586000
81 11:26:12 10000 586000
82 11:29:56 5000 586000
83 11:30:29 2 584015
84 12:02:13 213 585000