1 09:00:40 34 580000
2 09:01:08 10 583998
3 09:11:23 25 581997
5 09:29:44 236 577500
4 09:29:44 300 577519
6 10:44:49 12 578002
7 10:45:14 39 578001
10 10:50:25 1804 579000
9 10:50:25 961 579001
8 10:50:25 1000 579001
11 11:04:48 688 580000
15 11:06:13 10812 580000
14 11:06:13 13500 580000
13 11:06:13 688 580000
12 11:06:13 24312 580000
16 11:07:07 12384 580000
17 11:08:35 20 579020
18 11:12:05 12616 580000
19 11:12:05 12384 580000
20 11:12:15 3397 580000
21 11:12:31 790 580000
22 11:13:21 7450 580000
23 11:18:16 255 580000
24 11:19:13 500 580000
25 11:20:23 224 580000
26 11:27:50 200 580000
27 11:31:09 56 580000
28 11:31:09 10 577650
29 11:31:09 100 577600
30 11:31:11 100 577550
31 11:31:11 500 577522
32 11:31:11 926 577520
33 11:36:44 9 579990
34 11:44:01 20 577600
39 12:09:14 1000 580000
38 12:09:14 1126 580000
37 12:09:14 500 579990
36 12:09:14 20 579990
35 12:09:14 59 579990
40 12:14:30 4656 580000
41 12:14:33 8966 580000
42 12:14:49 5605 580000
43 12:14:58 24 580000
44 12:17:38 1158 580000
45 12:17:42 1700 580000
46 12:19:01 30 580000
47 12:19:15 156 580000
48 12:19:15 844 580000
49 12:27:26 30 580000
50 12:27:59 2600 580000
51 12:29:08 60 580000
52 12:29:24 579 580000
53 12:29:49 30 580000