1 09:08:15 61 599795
2 09:18:16 2649 598999
3 09:18:16 2351 599000
4 09:26:48 9 598988
5 09:39:49 62 593002
6 09:39:49 9595 593000
7 09:40:04 10343 593000
8 09:55:10 497 593101
9 09:55:10 497 593101
10 09:55:10 6 593101
11 09:56:34 294 593101
12 10:50:58 9 593996
13 11:04:16 1 593996
14 11:05:16 6000 593996
15 11:07:37 800 593996
16 11:10:07 2278 593996
17 11:12:06 10000 593996
18 11:14:03 240 593996
19 11:14:40 9 593800
20 11:23:48 179 593800
21 11:24:51 621 593800
22 11:24:51 2000 593302
23 11:25:00 11 593301
24 11:25:00 500 593300
25 11:25:00 190 593100
26 11:46:34 672 593996
27 11:46:34 5000 594000
28 11:47:19 19 596995
29 11:47:19 1000 596998
30 11:47:19 5000 597000
31 11:48:34 500 597870
32 11:48:34 4700 598000
33 11:52:23 7450 593996
34 12:16:16 1000 593996
35 12:17:39 1000 593996
36 12:19:56 1000 593996
37 12:28:13 1000 593996
38 12:29:28 1000 593996
39 12:29:57 64 593996