1 09:04:13 18 579000
2 09:04:13 65 579000
3 09:05:04 5 579000
4 09:05:04 10 579000
5 09:05:04 255 578728
6 09:05:09 267 581000
7 09:10:00 9 577701
8 09:10:00 127 577700
9 09:10:25 137 581000
10 09:33:35 2006 579500
11 09:34:41 16 579500
12 09:34:44 16 579500
13 09:37:18 495 577701
14 09:40:31 61 579500
15 09:43:44 77 579500
16 09:44:28 896 579500
17 10:00:31 19 579500
18 10:33:17 50 577702
19 10:33:17 10 577702
20 10:33:17 505 577701
21 10:33:17 1000 577701
22 10:33:17 546 577701
23 11:12:46 20 577800
24 11:13:14 10 577777
25 11:13:14 20 577777
26 11:13:14 180 577730
27 11:13:14 80 577710
28 11:13:14 500 577702
29 11:13:14 5039 577701
30 11:15:12 20 577800
31 11:15:16 40 577800
32 11:19:26 30 577800
33 11:20:34 125 577800
34 11:21:06 9 577800
35 11:22:05 256 577800
36 11:23:13 10587 577800
37 11:29:56 413 579500
38 12:09:34 4415 577803
39 12:09:34 174 577803
40 12:09:34 20411 577802
41 12:09:41 4589 577802
42 12:13:20 114 577802
43 12:13:20 10000 577802
44 12:18:45 500 577702
45 12:18:45 500 575110
46 12:18:45 100 575100
47 12:18:45 1000 575010
48 12:18:45 500 575000
49 12:20:22 180 570151
50 12:20:22 1000 570150
51 12:20:22 20 570001
52 12:20:22 500 570000
53 12:20:30 23300 570000
54 12:21:24 10000 570000
55 12:21:27 1000 570000
56 12:21:39 3886 570000
57 12:21:39 6114 570000
58 12:21:53 8000 570000
59 12:22:23 400 570000
60 12:22:27 3297 570000
61 12:26:39 20 578800
62 12:26:39 180 578899
63 12:26:39 2400 578900
64 12:27:34 10 575100
65 12:27:34 249 575000
66 12:27:39 10 575000
67 12:29:35 1 575000
68 12:29:35 3027 575000