1 09:16:33 400 579900
3 10:14:56 1000 579900
2 10:14:56 3343 579900
4 10:16:18 4435 580000
5 10:17:20 249 580000
6 10:20:35 5565 580000
9 10:25:07 5065 580000
8 10:25:07 19435 580000
7 10:25:07 500 580010
11 10:27:56 334 580001
10 10:27:56 3000 580100
12 11:01:50 7 580100
13 11:10:12 200 582990
14 11:10:34 800 582999
15 11:15:12 120 582999
17 11:19:54 978 582999
16 11:19:54 22 582990
19 11:20:37 1285 582999
18 11:20:37 1501 582999
20 11:21:06 260 583000
21 11:43:35 1 580160
22 12:15:27 500 580500
26 12:18:16 643 580165
25 12:18:16 50 580165
24 12:18:16 100 580170
23 12:18:16 360 580210
26 12:18:16 643 580165
25 12:18:16 50 580165
24 12:18:16 100 580170
23 12:18:16 360 580210
27 12:20:40 20 580170
28 12:22:34 60 580170
29 12:25:07 30 580175