1 09:11:21 1000 579900
2 09:40:42 500 575001
3 09:40:42 540 575001
4 10:07:05 120 575003
5 10:36:03 1 576000
6 11:07:21 8 576000
7 11:07:21 33 576000
8 11:12:00 17 576000
9 11:18:34 78 575005
10 11:18:34 10 575005
11 11:18:49 100 575004
12 11:19:02 295 575003
13 11:41:32 72 579329
14 11:41:32 2928 579330
15 12:00:17 640 579330
16 12:00:17 1500 579500
17 12:00:17 500 580000
18 12:00:17 2000 580000
19 12:02:05 360 580799
20 12:17:53 25000 577000
21 12:17:53 25000 577000
22 12:17:53 25000 577000
23 12:17:54 25000 577000