1 09:14:46 100 567556
2 09:20:51 600 575000
3 09:31:56 10 575500
4 09:32:19 290 575000
5 09:32:50 300 575000
6 09:33:06 200 575000
7 09:33:36 409 575000
8 09:33:55 500 575000
9 09:36:59 90 575500
10 09:44:20 500 575000
11 09:44:59 500 575000
12 09:45:29 500 575000
13 10:02:25 9 575500
14 10:02:25 100 575500
15 10:02:25 50 575001
16 10:02:25 1707 575000
17 11:30:27 9 575100
18 11:34:02 100 576000
19 11:34:26 30 576500
20 12:19:33 20 576700
21 12:19:33 20 576500
22 12:19:33 300 576500
23 12:19:33 21 576500
24 12:19:33 20 576100
25 12:19:33 10 575100
26 12:19:33 109 575100
27 12:19:52 90 575111
28 12:20:03 80 575111
29 12:20:03 420 575100
30 12:20:12 500 575100
31 12:25:23 55 575110
32 12:25:23 100 575110
33 12:25:23 535 575100