1 09:06:06 30 584100
2 09:28:04 17 584200
3 10:07:14 35 587800
4 10:53:56 30 585053
5 11:20:42 3 585061
6 11:45:37 10 585900
7 11:52:41 100 585999
8 11:52:41 966 586000
9 11:52:41 18293 586000
10 12:00:21 35 586000
11 12:01:22 100 586990
12 12:01:22 50 587000
13 12:01:22 456 587000
14 12:01:53 200 587000
15 12:17:16 100 586999
16 12:18:25 200 587000
17 12:20:23 200 587000
18 12:20:39 476 587000
19 12:22:05 442 587000
20 12:22:36 250 587000
21 12:24:06 220 587000
22 12:24:42 230 587000
23 12:27:18 10 586000
24 12:27:18 678 586000