1 09:08:28 100 590100
2 09:08:28 2000 599000
3 09:08:28 2000 599360
4 09:08:28 2000 599370
5 09:08:28 32 599379
6 09:08:28 1868 599379
7 09:08:50 132 599379
8 09:08:50 150 599380
9 09:08:50 1000 599390
10 09:08:50 718 599399
11 09:22:52 260 599900
12 09:22:52 73 599900
13 09:48:20 100 592500
14 09:48:58 68 592500
15 11:30:22 25000 595480
16 11:30:23 25000 595480
17 11:30:24 25000 595480
18 11:30:25 25000 595480
19 12:01:54 22 599099
20 12:14:02 30 596000
21 12:14:02 970 595478
22 12:19:18 46 598999
23 12:19:46 122 599000
24 12:27:29 3100 598999
25 12:27:57 17 598999