1 10:46:00 5000 601871
2 10:54:04 15 601000
4 10:55:21 22000 602500
3 10:55:21 3000 602500
5 10:55:26 3000 602500
6 10:56:36 5000 602500
7 10:57:09 130 602400
8 10:57:49 160 602500
9 10:58:44 4 601002
10 10:59:34 5000 602600
11 11:00:48 5000 602600
12 11:01:00 2200 602999
13 11:01:00 2796 603000
14 11:05:41 5000 602600
15 11:09:44 5000 602600
16 11:14:40 5000 602999
17 11:14:42 5000 602999
18 11:14:44 5000 602999
19 11:14:53 5000 602999
20 11:14:59 5000 602999
21 11:15:04 5000 602999
36 11:19:04 36 603000
35 11:19:04 124 603000
34 11:19:04 160 603000
33 11:19:04 160 603000
32 11:19:04 160 603000
31 11:19:04 160 603000
30 11:19:04 160 603000
29 11:19:04 160 603000
28 11:19:04 160 603000
27 11:19:04 160 603000
26 11:19:04 160 603000
25 11:19:04 160 603000
24 11:19:04 160 603000
23 11:19:04 160 603000
22 11:19:04 160 603000
37 11:31:54 4964 603000
38 11:31:54 1898 603000
39 11:35:13 35 604000
40 11:50:39 25 603800
41 11:58:48 16 603800
42 12:17:44 5000 602600
43 12:28:52 45 602400
44 12:28:59 47 602400
45 12:29:58 3514 602400