1 09:35:58 33 601000
2 09:47:15 50 601000
4 09:49:28 30 600000
3 09:49:28 30 600001
5 09:57:49 10 600000
6 10:01:47 25 600000
8 10:13:01 100 600000
7 10:13:01 135 600000
9 10:25:47 15 599000
10 10:26:55 100 599000
11 10:41:03 39 597950
13 10:45:27 1000 598000
12 10:45:27 2962 597950
15 10:48:35 10 598001
14 10:48:35 30 598200
16 10:49:01 27 598001
17 11:07:28 200 600000
18 11:10:52 12 600000
19 11:21:13 4 598001
21 11:24:13 33 598001
20 11:24:13 9 598001
22 11:34:09 100 598001
24 11:40:33 10598 598000
23 11:40:33 9867 598001
29 11:49:08 1518 591101
28 11:49:08 1501 591101
27 11:49:08 501 591101
26 11:49:08 1000 591200
25 11:49:08 15 597000
30 11:49:33 30 590001
31 11:49:35 969 582350
32 11:49:41 1 582350
33 11:50:01 150 598990
34 12:00:34 1 590000
36 12:01:12 268 590000
35 12:01:12 4000 590001
37 12:01:15 221 590000
38 12:02:41 1500 590000
39 12:02:47 10 590000
40 12:16:43 100 593995
41 12:18:10 50 593995
42 12:19:11 100 593995
43 12:19:37 1030 593995
44 12:23:59 5000 593000
45 12:29:56 81 590011