1 09:11:52 400 576001
2 10:38:39 55 578200
3 10:43:26 110 577500
4 10:49:20 50 578800
5 10:49:44 965 578980
7 11:08:14 10 577100
8 11:08:14 850 577013
6 11:08:14 140 577200
10 11:08:55 130 577013
9 11:08:55 20 577100
12 11:09:09 637 577013
11 11:09:09 20 577013
14 11:09:48 980 577011
13 11:09:48 20 577100
15 11:10:03 20 577011
16 11:10:42 20 577011
17 11:11:04 153 577010
18 12:04:42 82 577400
19 12:14:12 50 578890
20 12:14:12 1000 578899
21 12:14:12 35 578899
22 12:14:12 10 578899
23 12:14:47 5 578899
24 12:21:32 50 578000
25 12:24:27 50 578100
26 12:24:55 50 578100
27 12:27:42 20 578100
28 12:29:51 30 578100