1 09:29:02 12 582995
2 09:29:06 36 582995
4 10:11:19 12580 580000
5 10:11:19 6270 580000
3 10:11:19 6150 580000
6 10:11:23 2880 580000
7 10:11:23 11270 580000
8 10:14:52 10850 580000
10 10:15:18 10850 580000
9 10:15:18 14150 580000
11 10:15:22 14116 580000
12 10:15:31 12 580000
15 10:20:44 10872 580000
14 10:20:44 1501 579999
13 10:20:44 3001 579999
16 10:21:04 1100 580000
17 10:34:01 3963 580000
19 10:41:50 620 580000
18 10:41:50 500 580100
20 10:43:58 100 580000
21 11:02:31 305 580000
22 11:06:13 350 580000
23 11:09:13 516 580000
24 11:09:37 100 580000
25 11:24:55 9 580800
26 11:25:22 1 580800
27 12:22:31 51 580000
28 12:25:47 34 580000
29 12:29:03 100 580000
30 12:29:35 100 580000