2 10:12:01 67 597100
1 10:12:01 333 597100
4 10:26:37 50 599980
3 10:26:37 50 599979
6 10:39:43 120 597100
5 10:39:43 80 597110
7 11:00:27 25000 599000
8 11:00:52 25000 599000
9 11:00:58 20000 599000
11 11:17:44 60 597200
10 11:17:44 30 597200
12 11:38:36 22 599977
32 12:03:18 2031 584010
31 12:03:18 50 584011
30 12:03:18 1300 584100
29 12:03:18 1200 584200
28 12:03:18 1501 586893
27 12:03:18 2001 586893
26 12:03:18 501 586893
25 12:03:18 10 592505
24 12:03:18 200 595000
23 12:03:18 140 597200
22 12:03:18 10 597305
21 12:03:18 148 597400
20 12:03:18 254 597400
19 12:03:18 123 597400
18 12:03:18 165 597400
17 12:03:18 159 597400
16 12:03:18 166 597401
15 12:03:18 9 597402
14 12:03:18 10 598002
13 12:03:18 22 598003
34 12:04:29 14032 585000
33 12:04:29 572 585001
35 12:09:30 10 587506
41 12:10:39 417 599000
40 12:10:39 570 598996
39 12:10:39 4501 598995
38 12:10:39 3001 598995
37 12:10:39 1501 598995
36 12:10:39 10 595000
42 12:12:24 101 598899
43 12:13:50 101 598899
44 12:15:21 202 591000
48 12:17:54 3296 593000
47 12:17:54 3001 593000
46 12:17:54 1501 593000
45 12:17:54 202 592800
49 12:18:07 500 592799
51 12:20:13 468 594999
50 12:20:13 532 594998
52 12:20:50 1000 594999
54 12:26:05 2000 593500
53 12:26:05 591 593501
57 12:26:34 2000 590000
56 12:26:34 10 590002
55 12:26:34 35 590002
58 12:26:48 4000 590000
59 12:27:02 632 590000
60 12:27:04 1394 590000
61 12:28:48 4432 594999
62 12:28:51 1000 594999
63 12:29:57 1600 590055