1 09:17:55 25000 580000
2 09:22:54 25000 580000
3 09:35:42 25000 580000
4 09:38:12 25000 580000
5 10:12:30 1413 582000
6 10:12:47 587 582000
7 11:00:26 2580 580002
8 11:31:50 10 581500
9 11:32:54 19 580500
10 11:44:44 20 581000
11 11:47:11 31 581000
12 11:48:39 32 581000
14 11:49:24 83 581000
13 11:49:24 24917 581000
15 11:49:25 24917 581000
16 11:54:33 10000 581000
17 11:54:33 4000 581000
18 11:59:17 20 580999
19 11:59:17 1000 581000
20 11:59:17 10000 581000
22 12:16:33 3540 580500
21 12:16:33 981 580500
25 12:17:19 2059 580000
24 12:17:19 1000 580001
23 12:17:19 1460 580500
26 12:17:25 335 580000
27 12:17:38 2824 580000
28 12:17:41 1697 580000
29 12:17:47 1125 580000
30 12:17:49 259 580900
31 12:18:01 2819 580000
32 12:18:07 2819 580000
33 12:18:09 2810 580900
34 12:18:25 18 580001
35 12:18:25 2782 580000
36 12:19:09 675 580000
37 12:22:11 20 580001
38 12:23:44 40 580001
39 12:24:32 78 580899
40 12:24:32 795 580900
41 12:27:31 12380 580900
42 12:27:31 10 580900
44 12:27:47 7857 580000
43 12:27:47 112 580001