3 09:16:44 130 606998
2 09:16:44 83 606997
1 09:16:44 170 606996
4 09:34:42 12 607200
4 09:34:42 12 607200
5 09:45:14 400 607300
6 10:20:16 140 607630
7 10:34:43 2 607630
11 10:56:35 90 609980
10 10:56:35 150 609980
9 10:56:35 150 609980
8 10:56:35 10 609970
12 10:56:48 10 609980
19 10:58:41 8604 607000
18 10:58:41 1000 607001
17 10:58:41 10000 607002
16 10:58:41 2000 607003
15 10:58:41 66 607630
14 10:58:41 2000 607631
13 10:58:41 146 608000
21 11:12:34 8987 607000
20 11:12:34 16013 607000
23 11:12:38 15 607000
22 11:12:38 16013 607000
25 11:16:13 8471 603584
24 11:16:13 501 603584
26 11:16:41 1186 603586
28 11:19:16 8469 605000
27 11:19:16 16529 605001
29 11:30:10 395 606000
29 11:30:10 395 606000
30 11:54:21 100 606000
36 11:58:24 3678 605015
35 11:58:24 9 605015
34 11:58:24 50 605100
33 11:58:24 160 605100
32 11:58:24 215 605200
31 11:58:24 16 605201
37 12:01:58 19 605015
38 12:15:47 753 606000
39 12:16:34 9 607587
40 12:16:39 191 607587
41 12:17:09 7500 607000
42 12:20:29 16 612995
43 12:20:34 484 612995