1 09:08:00 200 576000
2 09:08:04 24800 576000
3 09:08:04 200 576000
4 09:10:31 70 576001
5 09:10:31 3570 576000
6 09:10:53 400 576000
7 09:35:35 853 577990
8 09:38:46 70 579995
9 09:42:46 220 576201
10 09:42:46 70 576201
11 09:42:46 1000 576200
12 09:42:46 950 576001
13 09:42:46 5260 576000
14 09:44:25 15570 576000
15 09:46:48 3357 576000
16 09:47:01 6643 576000
17 09:47:18 500 576000
18 09:59:39 602 573100
19 10:01:43 20000 576000
20 10:01:45 5000 576000
21 10:03:17 15000 576000
22 10:04:23 1000 576000
23 10:29:53 850 576000
24 10:33:04 728 576000
25 10:34:00 279 576000
26 11:19:23 60 579396