1 09:11:04 4595 578000
2 09:13:12 863 578400
3 09:13:12 5000 578400
4 09:13:18 6994 578000
5 09:23:31 100 579000
6 09:23:39 200 579000
7 09:23:47 350 579000
8 09:23:54 200 579000
9 09:24:04 200 579000
10 09:24:11 200 579000
11 09:24:20 400 579000
12 09:39:55 34 579700
13 09:39:55 625 579700
14 09:39:55 60 580900
15 09:39:55 200 582000
16 09:39:55 1492 582000
17 10:41:23 20 580001
18 10:45:15 100 581500
19 10:45:15 9 581500
20 10:45:15 10 581500
21 10:45:15 50 581900
22 10:45:15 41 581900
23 10:54:31 20 580001
24 11:16:30 210 580001
25 11:16:30 10 580001
26 11:16:30 20000 580001
27 11:16:30 45 580000
28 11:16:30 110 580000
29 11:16:30 87 580000
30 11:16:30 93 580000
31 11:16:30 30 580000
32 11:16:30 114 580000
33 11:16:30 97 580000
34 11:16:30 52 580000
35 11:16:30 59 580000
36 11:18:14 4000 580000
37 11:54:47 93 580000
38 11:54:47 24907 580000
39 12:08:12 46 578450
40 12:08:12 10 578450
41 12:09:04 20 578450
42 12:09:36 23 578450
43 12:11:34 50 578450
44 12:15:22 68 578450