1 10:10:52 60 579550
2 10:21:33 2729 579550
3 10:22:15 600 579550
4 10:23:35 1000 579550
9 10:28:22 3000 579504
8 10:28:22 3000 579505
7 10:28:22 400 579510
6 10:28:22 300 579510
5 10:28:22 250 579510
10 10:33:39 27 579500
11 10:39:00 717 579000
12 10:39:00 783 579500
13 10:54:27 2000 579500
14 10:55:49 1800 579500
15 10:56:55 9 578000
17 11:42:42 10 579499
18 11:42:42 3236 579500
19 11:42:42 18654 579500
16 11:42:42 3100 579499
20 11:42:43 2017 579500
21 11:42:43 10 579500
22 11:42:43 1307 579500
23 11:47:09 50 580000
24 11:47:52 1450 580000
25 12:09:09 300 580000
26 12:13:00 10 578100
27 12:13:18 490 578100
28 12:13:42 3000 580000
29 12:15:13 3500 580000
30 12:26:05 8000 580000
31 12:26:26 700 580000
32 12:26:40 100 580000