3 09:08:52 9780 590000
2 09:08:52 1000 589000
1 09:08:52 1220 589000
6 09:23:14 99 589000
5 09:23:14 559 589000
4 09:23:14 60 589000
8 09:23:22 760 590000
7 09:23:22 1 589000
9 09:43:02 20 582505
10 09:55:26 9 587000
12 10:05:59 637 587000
11 10:05:59 19 586999
14 10:17:43 716 587000
13 10:17:43 50 586999
18 11:28:41 29 582505
17 11:28:41 62 582505
16 11:28:41 50 582505
15 11:28:41 30 582505
20 11:31:34 190 582500
19 11:31:34 171 582505
26 11:49:16 1200 582500
25 11:49:16 2810 582500
24 11:49:16 86 582510
23 11:49:16 100 582510
22 11:49:16 10 582514
21 11:49:16 51 582514
27 11:49:19 50 582405
28 11:58:23 19 582405
29 12:00:46 16 582405
31 12:09:05 859 582500
30 12:09:05 51 582511
34 12:14:28 412 582000
33 12:14:28 10 582010
32 12:14:28 78 582011
35 12:15:20 583 583999
37 12:17:34 2202 582000
36 12:17:34 50 582010
38 12:18:22 386 582000
39 12:21:59 700 582000
41 12:26:12 34 582000
40 12:26:12 10 582010
47 12:28:01 59 586473
46 12:28:01 50 586400
45 12:28:01 200 586400
44 12:28:01 109 585000
43 12:28:01 78 585000
42 12:28:01 20 584999
49 12:28:08 50 581000
48 12:28:08 10 581010