1 09:02:17 1000 579000
2 10:09:29 485 578210
4 10:13:25 1485 578210
3 10:13:25 515 578210
5 10:34:38 100 579000
6 10:44:18 10 578210
7 11:22:32 200 578212
8 11:22:32 200 578211
9 11:22:32 100 578211
10 11:22:32 185 578210
11 11:22:32 20 578210
12 11:22:32 295 578200
13 11:24:53 86 578213
14 11:25:48 580 578213
15 11:26:58 100 578213
16 11:29:49 130 578213
17 11:32:28 1705 578200
18 11:32:37 20 578100
21 11:32:47 2040 578001
20 11:32:47 5000 578001
19 11:32:47 380 578001
23 11:33:11 3568 578000
22 11:33:11 20 578010
24 11:33:24 20055 578000