1 09:26:30 66 598500
2 09:33:40 100 598800
3 09:41:48 67 595999
4 09:47:12 100 595999
5 09:47:38 833 595999
6 09:48:05 400 594800
7 09:49:07 1865 598800
8 09:49:07 5600 598878
9 09:49:07 100 598890
10 09:49:07 2435 598890
11 09:51:11 350 598888
12 10:00:46 64 598790
13 10:01:54 300 594900
14 10:06:56 200 594900
15 10:57:52 79 595028
16 10:57:52 100 595026
17 10:57:52 121 595025
18 11:12:17 174 595027
19 11:13:12 1300 596980
20 11:13:12 1135 596989
21 11:15:53 1000 596989
22 11:17:29 25000 596000
23 11:18:06 25000 596000
24 11:18:31 25000 596000
25 11:18:41 83 598743
26 11:19:07 5000 596000
27 11:29:49 83 595029
31 11:33:49 826 595027
32 11:33:49 531 595027
33 11:33:49 7735 595026
34 11:33:49 2265 595026
35 11:33:49 2015 595026
36 11:33:49 300 595010
37 11:33:49 1000 595002
38 11:33:49 1000 594850
39 11:33:49 100 594802
40 11:33:49 5000 594000
28 11:33:49 5796 595029
29 11:33:49 10000 595028
30 11:33:49 112 595028
41 11:33:53 1000 592000
42 11:34:52 1000 591501
43 11:34:58 1000 591500
48 11:35:05 2001 586335
47 11:35:05 1501 586335
46 11:35:05 501 586337
45 11:35:05 9000 586338
44 11:35:05 10 586500
49 11:35:17 1000 586335
50 11:35:21 2303 586335
52 11:35:36 680 592000
51 11:35:36 12320 592000
53 11:37:16 1000 591999
54 11:38:02 200 591000
55 11:38:06 1000 591000
56 11:39:29 1000 590000
57 11:39:40 10000 591000
58 11:39:50 3000 591000
59 11:40:03 10000 591000
60 11:40:03 120 591000
61 11:40:46 56 591502
62 11:40:46 100 591001
63 11:40:46 1000 591000
64 11:41:24 100 591000
65 11:41:37 47 591000
66 11:52:11 50 591005
67 11:52:23 53 591001
69 12:01:18 1470 593000
68 12:01:18 130 592998
70 12:04:02 4200 593000
71 12:04:20 50 593000
72 12:12:45 168 593000
73 12:13:07 70 593000
74 12:14:26 1500 593000
75 12:14:36 1000 593000
76 12:15:24 100 592999
77 12:16:23 2402 592999
78 12:16:23 1098 592999
79 12:16:39 98 592001
80 12:16:39 305 592000
81 12:20:11 120 592999
82 12:28:02 96 593000
83 12:28:06 743 593000
84 12:28:06 49 593000
85 12:29:16 23 592101
86 12:29:16 73 592100