1 09:09:30 518 581000
2 09:09:39 2000 581280
3 09:09:59 9 581280
4 09:15:07 104 581280
5 09:36:53 850 581001
6 09:47:33 343 581003
7 09:47:33 40 581002
8 09:47:33 150 581001
9 09:47:33 4789 581000
10 09:47:33 6600 581000
11 10:06:46 13078 581000
12 10:06:46 11922 581000
14 10:06:58 50 581000
13 10:06:58 13078 581000
15 10:07:05 11872 581000
16 10:07:38 13128 581000
18 10:10:54 13128 581000
17 10:10:54 11872 581000
19 10:55:51 20 581002
20 11:18:29 5000 581006
21 12:04:32 37 581006
22 12:04:32 1800 581005
23 12:04:32 300 581001
24 12:04:32 552 581001
25 12:13:26 15 581001
26 12:24:47 10 582000