4 10:23:54 973 595984
5 10:23:54 900 595985
1 10:23:54 94 595959
2 10:23:54 50 595960
3 10:23:54 50 595965
6 10:24:06 44 595989
7 10:24:06 73 596000
8 10:24:06 866 598100
9 10:24:06 200 599995
10 10:39:30 10 599400
11 10:42:21 100 599390
12 10:42:21 5 599400
13 10:42:21 250 599499
14 10:42:21 170 599500
15 10:42:21 50 599990
16 10:42:21 200 599990
17 11:30:44 975 599990
18 11:36:12 1000 599990
19 11:51:05 1000 599100
20 12:03:38 1 595200
21 12:19:24 25000 599000
22 12:19:26 25000 599000
23 12:19:27 25000 599000
24 12:19:31 25000 599000
25 12:29:11 29 599200