1 10:16:11 17 581020
2 10:52:01 20 581025
3 10:52:48 17 581025
4 10:52:48 78 581025
5 10:52:48 5000 581023
6 10:52:48 103 581022
7 10:52:48 320 581021
8 10:52:48 515 581010
9 10:52:48 100 581000
10 10:54:15 150 581000
11 10:55:01 850 581000
12 10:56:10 250 581000
13 11:11:01 5000 581000
14 11:11:10 5000 581000
15 11:11:32 5000 581000
16 11:12:08 2617 581000
17 11:15:24 17 581020
18 11:15:24 10 581010
19 11:15:24 383 581000
20 11:15:24 5000 581000
21 11:19:01 900 581000
22 11:19:17 10 581000
23 11:19:18 10 581000
24 11:19:20 10 581000
25 11:19:22 10 581000
26 11:19:22 10 581000
27 11:19:23 10 581000
28 11:20:19 3800 581000
29 11:21:02 9 581000
30 11:21:03 9 581000
31 11:21:03 9 581000
32 11:21:03 9 581000
33 11:21:03 9 581000
34 11:21:05 9 581000
35 11:21:05 9 581000
36 11:21:05 9 581000
37 11:21:05 9 581000
38 11:21:50 1900 581000
39 11:22:01 9 581000
40 11:22:01 9 581000
41 11:22:02 9 581000
42 11:22:03 9 581000
43 11:22:47 1800 581000
44 11:22:57 9 581000
45 11:22:58 9 581000
46 11:23:00 9 581000
47 11:23:00 9 581000
48 11:23:00 9 581000
49 11:23:00 9 581000
50 11:23:00 9 581000
51 11:23:00 9 581000
52 11:23:00 9 581000
53 11:23:06 9 581000
54 11:23:06 9 581000
57 11:23:06 9 581000
56 11:23:06 9 581000
55 11:23:06 9 581000
58 11:23:14 9 581000
59 11:29:34 11 581000
60 11:30:55 53 581000
61 11:31:34 3583 581000
64 11:31:54 7231 581000
63 11:31:54 17769 581000
62 11:31:54 7231 581000
65 11:36:58 17769 581000
66 11:38:58 1930 581000
67 11:39:09 9 581000
68 11:39:33 5000 581000
69 11:39:48 292 581000
70 11:45:32 38 581001
71 11:45:32 1608 581000
72 11:45:32 6000 581000
73 11:45:32 5000 581000
74 11:45:32 12354 581000
75 11:45:48 12646 581000
76 11:45:48 12354 581000
77 11:45:55 12646 581000
78 11:45:55 130 581000
79 11:46:24 300 581000
80 11:47:29 1937 581000
81 11:48:09 35 580200
82 11:48:09 20 580100
83 11:48:09 550 580015
84 11:48:09 34 580011
85 11:48:51 1937 581000
86 11:49:18 1937 581000
87 11:49:24 1000 581000
88 11:49:39 500 581000
89 11:49:53 500 581000
90 11:50:51 4113 581000
91 11:50:51 1887 581000
92 11:51:17 300 581000
93 11:52:06 1000 581000
94 11:52:13 1000 581000
95 11:52:18 300 581000
96 11:52:49 300 581000
97 11:53:13 4000 581000
98 11:53:32 100 581000
99 11:56:21 6600 581000
100 11:59:22 300 580120
101 11:59:22 20 580100
102 11:59:22 421 580011
103 11:59:40 100 581000
104 12:00:11 9413 581000
105 12:01:45 10 581010
106 12:01:45 4580 581000
107 12:04:41 700 581000
137 13:39:01 34 580011