2 09:23:50 1 604000
1 09:23:50 42 604000
4 09:24:16 50 604993
3 09:24:16 25 604993
5 09:25:13 710 604994
6 09:28:52 300 600000
7 09:33:24 50 600002
8 09:52:37 2 601000
12 10:07:40 20 599500
11 10:07:40 26 600001
10 10:07:40 44 601000
9 10:07:40 78 601000
13 10:12:45 90 599500
27 10:35:27 590 604990
26 10:35:27 630 604990
25 10:35:27 630 604990
24 10:35:27 640 604990
23 10:35:27 700 604990
22 10:35:27 520 604990
21 10:35:27 150 604990
20 10:35:27 780 604990
19 10:35:27 810 604990
18 10:35:27 900 604990
17 10:35:27 1090 604990
16 10:35:27 1270 604990
15 10:35:27 1000 604990
14 10:35:27 50 604990
57 10:35:28 160 604990
56 10:35:28 160 604990
55 10:35:28 160 604990
54 10:35:28 170 604990
53 10:35:28 170 604990
52 10:35:28 170 604990
51 10:35:28 180 604990
50 10:35:28 180 604990
49 10:35:28 200 604990
48 10:35:28 200 604990
47 10:35:28 210 604990
46 10:35:28 250 604990
45 10:35:28 260 604990
44 10:35:28 260 604990
43 10:35:28 260 604990
42 10:35:28 260 604990
41 10:35:28 270 604990
40 10:35:28 310 604990
39 10:35:28 320 604990
38 10:35:28 330 604990
37 10:35:28 330 604990
36 10:35:28 340 604990
35 10:35:28 460 604990
34 10:35:28 500 604990
33 10:35:28 510 604990
32 10:35:28 510 604990
31 10:35:28 520 604990
30 10:35:28 520 604990
29 10:35:28 520 604990
28 10:35:28 590 604990
70 10:35:29 40 604990
69 10:35:29 80 604990
68 10:35:29 90 604990
67 10:35:29 100 604990
66 10:35:29 100 604990
65 10:35:29 110 604990
64 10:35:29 120 604990
63 10:35:29 120 604990
62 10:35:29 130 604990
61 10:35:29 130 604990
60 10:35:29 130 604990
59 10:35:29 160 604990
58 10:35:29 160 604990
72 10:48:54 6 600222
71 10:48:54 42 600222
77 11:12:08 3749 600222
76 11:12:08 994 600222
75 11:12:08 20000 600223
74 11:12:08 8 600223
73 11:12:08 249 600250
78 11:12:09 10484 600222
79 11:26:27 14516 601000
80 11:26:59 6300 602000
81 11:29:26 440 601980
82 11:31:02 95 601980
83 11:57:15 33 601940
85 12:25:22 9033 601809
84 12:25:22 967 601800
89 12:25:38 535 602000
88 12:25:38 18700 602000
87 12:25:38 1100 601980
86 12:25:38 4665 601809
90 12:25:43 24465 602000