1 09:02:18 100 580000
2 09:08:15 5000 578000
3 09:15:09 24900 580000
4 09:15:09 100 580000
5 09:15:44 900 580000
6 09:18:12 180 580000
7 09:25:13 24820 580000
8 09:25:13 180 580000
9 09:25:19 9820 580000
10 09:25:19 5000 580000
11 10:01:04 257 580000
12 10:02:43 4743 580000
13 10:05:07 30 579000
14 10:11:31 1 580000
15 10:26:43 34 579000
16 10:34:09 35 579000
17 10:38:28 35 579000
18 10:59:03 34 579000
19 11:01:36 34 579000
20 11:02:19 298 579000
21 11:02:19 173 579000
22 11:02:55 100 579500
23 11:28:54 10 578400
24 11:28:54 50 578251
25 11:28:54 100 578251
26 11:28:54 50 578011
27 11:28:54 1000 578011
28 11:28:57 580 578010
29 11:28:57 100 578010
30 11:28:57 110 578010
31 11:28:57 15 578010
32 11:28:57 2360 578000
33 11:29:03 2640 578000
34 11:29:03 50 578000
35 11:37:45 1103 579000
36 11:38:27 35 579450
37 11:38:27 100 579500
38 11:44:31 992 579500
39 11:44:31 1652 579000
43 11:44:34 3838 578000
40 11:44:34 615 579000
41 11:44:34 10 578020
42 11:44:34 300 578020
44 11:50:33 20 579020
45 11:53:14 677 579000
46 12:05:43 355 580000
47 12:06:22 3 580000
48 12:06:32 3015 580000
49 12:10:52 40 579990
50 12:10:52 1627 580000
51 12:10:52 5000 580000
52 12:10:52 5000 580000
53 12:11:52 13333 580000
54 12:11:52 11667 580000
55 12:12:06 13333 580000
56 12:12:06 796 580000
57 12:13:44 267 580000
58 12:13:56 23937 580000
59 12:13:56 1063 580000
60 12:14:03 3937 580000
61 12:18:05 6500 580000
62 12:20:13 10000 580000
63 12:20:26 1000 580000
64 12:20:59 200 580000
65 12:25:58 9 579900
66 12:25:58 1000 579990
67 12:25:58 3363 580000
68 12:25:58 10000 580000
69 12:29:04 594 580000