1 09:00:08 14300 580000
2 09:52:31 50 582899
3 09:52:31 7950 582900
4 09:53:26 300 582900
5 09:53:26 700 582970
6 09:55:17 50 580101
7 09:55:17 40 580100
8 09:55:17 500 580001
9 09:55:17 410 580000
10 10:10:05 48 582969
10 10:10:05 48 582969
11 11:28:56 50 582440
12 11:28:56 2789 582444
13 11:34:43 50 582450
14 11:34:43 1648 582454
15 11:40:25 50 582450
16 11:40:43 50 582455
17 11:40:43 30 582455
18 11:41:47 20 582455
19 11:42:39 1000 582500
20 11:47:50 250 582500
21 11:49:39 300 582500
22 11:54:37 3450 582500
23 11:54:37 80 582500
25 12:05:32 980 582800
24 12:05:32 20 582790
26 12:07:17 1500 582800
27 12:08:22 20 582000
28 12:16:05 520 582800
29 12:16:39 1194 582800
30 12:18:51 468 582800
31 12:20:41 338 582800
32 12:20:41 1000 582800
33 12:25:00 4000 582800
34 12:25:30 20 582880
35 12:25:30 20 582890
36 12:25:30 2000 582900
37 12:25:30 8000 582969
38 12:25:30 1500 582969
39 12:26:54 3000 582800
40 12:27:15 3000 582800
41 12:28:11 300 582100