1 09:15:07 50 659999
2 09:36:07 1000 659000
4 09:45:37 204 659999
3 09:45:37 746 659999
5 10:01:52 100 659799
6 10:13:37 1000 658000
7 10:52:54 25000 658989
8 10:53:04 25000 658989
10 11:22:40 788 658010
9 11:22:40 8 658011
18 11:26:09 5000 658000
17 11:26:09 3729 658000
16 11:26:09 50 658000
15 11:26:09 1221 658001
14 11:26:09 5000 658001
13 11:26:09 3779 658001
12 11:26:09 1212 658010
11 11:26:09 9 658011
22 12:09:38 1272 658000
21 12:09:38 1599 658050
20 12:09:38 8 658250
19 12:09:38 621 658250
23 12:11:06 5000 658000
25 12:13:53 8531 658000
24 12:13:53 9999 658000
26 12:19:49 2400 658000
27 12:21:09 3000 658000
29 12:29:36 3000 658000
28 12:29:36 1500 658001