1 09:24:45 10 647989
2 09:24:50 10 647990
3 10:53:20 2399 644000
4 10:55:47 2601 644000
5 10:56:18 2399 644000
6 11:04:09 2327 644000
8 11:15:33 2181 644000
7 11:15:33 274 644000
9 11:40:46 2400 644000
10 11:40:53 83 644800
11 11:41:00 419 644000
12 11:41:04 418 644800
13 11:41:47 4500 644000
14 11:42:13 500 644000
15 12:05:45 1997 644001
17 12:15:47 2001 644000
16 12:15:47 2999 643900
19 12:17:15 2001 644000
18 12:17:15 2978 644000
20 12:24:11 6147 644000
21 12:24:59 2079 644000
22 12:25:20 621 644000
24 12:28:11 5000 644000
23 12:28:11 2079 644000
25 12:28:52 2921 644000