5 09:29:26 7900 630000
4 09:29:26 965 630001
3 09:29:26 1501 630001
2 09:29:26 501 630001
1 09:29:26 40 630002
6 09:29:33 93 630000
7 11:05:07 2000 630000
8 11:14:40 5000 630000
9 11:15:53 5000 630000
10 11:17:13 10000 630000
11 11:18:02 5000 630000
13 11:18:13 8000 630000
12 11:18:13 5000 630000
14 11:18:21 4000 630000
16 11:18:22 2000 630000
15 11:18:22 3000 630000
17 11:27:19 15 630001
18 12:07:40 8 631000
20 12:17:33 1902 632500
19 12:17:33 5000 632500
21 12:19:11 490 632500
23 12:27:25 2578 631000
22 12:27:25 30 631501