1 09:08:16 39 661000
2 09:30:33 25000 659000
3 10:07:57 25000 659695
4 10:48:06 25000 658999
5 10:48:38 10000 659000
6 10:51:02 4000 659000
7 10:54:34 5000 659000
8 11:21:32 8 658998
10 11:22:40 3008 658999
9 11:22:40 2992 658998
11 11:31:14 27 658021
12 11:31:47 11 658021
13 11:32:03 1300 658021
14 11:37:47 206 658016
18 12:07:31 9276 657500
17 12:07:31 400 657510
16 12:07:31 30 657510
15 12:07:31 294 658016
19 12:07:44 5724 657500
21 12:08:13 1916 657018
20 12:08:13 100 657018
22 12:09:20 9000 658400
25 12:26:37 2676 658900
24 12:26:37 1000 658400
23 12:26:37 992 658399
26 12:27:25 748 658900
27 12:27:45 45 658900
28 12:29:16 2735 658900