4 09:12:33 1743 656000
3 09:12:33 5000 656000
2 09:12:33 105 656001
1 09:12:33 155 656001
5 09:12:41 3257 656000
7 09:36:38 221 655000
6 09:36:38 400 655001
8 09:38:02 1200 655000
10 09:41:32 8 652010
9 09:41:32 29 655000
11 09:42:40 18 652000
12 09:47:01 900 652000
13 09:54:20 820 652000
14 09:55:18 180 652000
15 10:14:20 1 644000
16 10:14:27 265 640000
17 10:14:31 265 640000
18 10:14:41 4469 640000
19 10:15:22 3712 640000
20 10:15:33 6286 640000
21 10:15:36 2 640000
26 10:16:00 2000 640000
25 10:16:00 3001 640001
24 10:16:00 2001 640001
23 10:16:00 1501 640001
22 10:16:00 501 640001
27 10:16:12 996 640000
28 10:23:52 18 653250
32 10:53:00 2740 653240
31 10:53:00 2000 653240
30 10:53:00 105 653239
29 10:53:00 155 653239
33 10:55:16 1500 653250
34 10:56:34 200 653245
36 11:11:14 100 653240
35 11:11:14 200 653240
37 11:11:32 10 653240
38 11:12:12 30 653240
39 11:12:21 10 653240
40 11:13:03 9 653240
42 11:24:16 841 650000
41 11:24:16 17 650000
45 11:29:54 1000 650000
44 11:29:54 359 650000
43 11:29:54 1 650005
49 12:15:52 982 642801
48 12:15:52 2000 642802
47 12:15:52 2000 642807
46 12:15:52 18 643000
50 12:18:50 60 642803
52 12:26:18 1000 642807
51 12:26:18 1000 642808
54 12:26:21 940 642803
53 12:26:21 910 642806
55 12:28:25 20 642803
56 12:29:08 3 626028
57 12:29:56 299 643000
58 12:29:59 578 643000