1 09:17:46 181 662450
4 09:56:50 171 662450
3 09:56:50 10 662450
2 09:56:50 5819 662450
5 11:34:10 1480 659990
6 11:35:40 299 659990
7 11:38:00 11 659990
8 11:39:06 2 659990
8 11:39:06 2 659990
8 11:39:06 2 659990
9 11:40:13 1 659990
9 11:40:13 1 659990
9 11:40:13 1 659990
10 12:00:45 760 659990
11 12:05:23 225 659990
15 12:06:36 1778 658501
14 12:06:36 8 658502
13 12:06:36 198 658502
12 12:06:36 1900 658504
16 12:06:45 209 659990
17 12:08:41 10 659980
20 12:13:17 20278 658000
19 12:13:17 500 658000
18 12:13:17 4222 658501
23 12:13:29 627 658000
22 12:13:29 4722 658000
21 12:13:29 501 658001
25 12:14:02 14373 658000
24 12:14:02 501 658001
26 12:15:07 727 659990
27 12:16:39 174 659990
28 12:17:05 1355 659990
29 12:19:00 9 659990
30 12:20:34 448 659990
31 12:20:36 448 659990
32 12:20:45 448 659990
33 12:20:51 448 659990
35 12:26:14 465 659990
34 12:26:14 8 659980
39 12:26:25 412 657009
38 12:26:25 1501 657009
37 12:26:25 501 657009
36 12:26:25 200 657010