1 09:11:40 4252 633500
2 09:11:43 423 633500
3 09:11:48 420 634479
5 09:31:39 2858 633500
4 09:31:39 325 633500
10 09:50:11 11734 634481
9 09:50:11 11866 634480
8 09:50:11 500 634479
7 09:50:11 320 634479
6 09:50:11 580 634479
12 09:50:26 12500 634482
11 09:50:26 766 634481
15 11:01:50 4501 634995
14 11:01:50 3001 634995
13 11:01:50 1501 634995
16 11:02:17 500 634995
17 11:02:18 497 634995
18 11:15:08 25000 633510
20 11:16:00 4858 633500
19 11:16:00 2142 633500
26 11:28:50 2001 630758
25 11:28:50 1501 630766
24 11:28:50 501 630834
23 11:28:50 2000 631000
22 11:28:50 1820 631001
21 11:28:50 142 633500
27 11:29:03 7033 630000
28 11:43:41 99 630008
31 11:53:13 120 630010
30 11:53:13 501 630010
29 11:53:13 99 630010
32 12:06:27 1000 633550
35 12:08:48 1000 633550
34 12:08:48 1001 633540
33 12:08:48 198 633539