1 09:28:11 784 644800
2 09:51:52 784 644900
3 09:52:02 5040 644950
5 09:55:23 7000 645000
4 09:55:23 2269 644950
6 10:11:42 14000 645000
7 10:45:55 10 646000
8 11:18:58 4982 645000
8 11:18:58 4982 645000
8 11:18:58 4982 645000
9 11:19:11 1134 645000
9 11:19:11 1134 645000
9 11:19:11 1134 645000
11 11:23:48 2003 645000
10 11:23:48 1997 645001
11 11:23:48 2003 645000
10 11:23:48 1997 645001
16 11:26:07 1038 646000
15 11:26:07 6178 646000
14 11:26:07 10 645999
13 11:26:07 7582 645999
12 11:26:07 6608 645996
16 11:26:07 1038 646000
15 11:26:07 6178 646000
14 11:26:07 10 645999
13 11:26:07 7582 645999
12 11:26:07 6608 645996
17 11:56:40 1997 645001
18 11:57:59 18064 645000
20 12:29:12 10 647999
19 12:29:12 10 647999