2 10:08:02 5000 644000
1 10:08:02 2000 644001
3 10:22:58 50 644001
5 10:27:53 4853 644000
4 10:27:53 1947 644001
6 11:04:29 50 644000
7 11:12:44 1997 644001
9 11:14:03 5000 644000
8 11:14:03 97 644000
10 11:16:35 1608 644000
11 11:16:50 3392 644000
12 11:19:26 7651 644000
13 11:32:48 21608 645000
14 11:45:30 8 645789
16 11:51:35 5000 644000
15 11:51:35 2 646829
17 11:52:32 1109 644000
19 12:04:35 4389 644000
18 12:04:35 611 644000
21 12:12:02 4389 644000
20 12:12:02 611 644000
23 12:16:58 4389 644000
22 12:16:58 611 644000
24 12:17:21 611 644000
25 12:23:30 2000 644000
26 12:24:02 3000 644000
28 12:28:22 1512 644000
27 12:28:22 488 644010