1 09:09:33 10 645000
2 09:39:53 5000 644000
3 10:11:15 5000 644000
9 10:38:48 14623 641850
8 10:38:48 4000 641860
7 10:38:48 4000 641862
6 10:38:48 1997 641863
5 10:38:48 280 642000
4 10:38:48 100 642000
10 10:38:50 10377 641850
11 11:06:41 124 641020
12 11:06:41 100 641020
13 11:06:41 100 641020
14 11:06:41 100 640920
15 11:06:41 1997 640911
16 11:06:41 2116 640580
17 11:06:41 20463 640010
18 11:07:28 4537 640010
20 11:11:47 5000 641000
19 11:11:47 1997 641001
21 11:12:43 3003 641000
23 11:14:43 5000 641000
22 11:14:43 1997 641001
24 11:34:31 36 640202
25 11:34:31 997 640201
26 11:34:31 10 640201
27 11:34:31 140 640200
28 11:34:31 250 640200
29 11:34:31 220 640200
30 11:34:31 155 640200
31 11:34:31 142 640200
35 11:40:51 356 643400
34 11:40:51 15130 643399
33 11:40:51 410 643390
32 11:40:51 144 643300
38 12:05:23 5000 641000
37 12:05:23 997 641001
36 12:05:23 10 641001
39 12:06:47 30 641000
40 12:07:07 3963 641000
42 12:26:14 548 641500
41 12:26:14 96 641510
43 12:27:42 4452 641500
44 12:28:05 5000 641500
45 12:28:07 548 641500
46 12:29:47 8 643398
47 12:29:55 500 643399
48 12:29:58 500 643399