1 09:46:45 900 639368
2 09:47:55 14100 639368
3 10:16:52 3363 639360
4 10:18:43 20 639359
6 11:22:10 3990 639300
5 11:22:10 10 639200
7 11:24:39 1400 638400
8 11:25:27 4800 638400
9 11:25:34 3800 638400
12 11:39:00 6637 639360
11 11:39:00 1400 639299
10 11:39:00 16262 639250
13 11:39:13 10000 639360
14 11:39:31 234 639995
16 12:01:50 9468 639995
15 12:01:50 2232 639995
17 12:02:15 57 639995
18 12:04:29 500 639998
19 12:08:52 2700 639995
20 12:09:42 100 639995
21 12:12:55 2000 639995
22 12:19:04 200 639995
24 12:19:20 3220 639000
23 12:19:20 1780 639006
25 12:23:46 20 640000
26 12:28:15 4000 640000
27 12:28:19 900 640000
28 12:28:22 80 640000
29 12:28:51 500 639200