2 09:17:23 6241 654000
1 09:17:23 200 654003
3 09:24:28 200 674998
4 09:26:19 2000 662000
6 09:45:11 878 661003
5 09:45:11 495 661004
7 09:51:46 122 661003
8 10:07:32 233 660002
9 10:08:06 1000 660000
11 10:08:43 1501 655956
10 10:08:43 501 655956
12 10:11:38 16041 656051
13 10:12:09 9 656059
14 10:13:07 323 656062
18 10:35:07 1167 662572
17 10:35:07 1501 661995
16 10:35:07 9 660999
15 10:35:07 323 660998
19 12:01:58 3000 660000
24 12:05:19 16969 658035
23 12:05:19 200 658047
22 12:05:19 7320 658060
21 12:05:19 10 658061
20 12:05:19 501 658061
25 12:05:25 8031 658035
26 12:13:29 1000 656029
29 12:18:02 1498 656501
28 12:18:02 2001 656501
27 12:18:02 501 656501
33 12:18:18 997 656500
32 12:18:18 2001 656501
31 12:18:18 1501 656501
30 12:18:18 501 656501
34 12:18:23 200 656500
35 12:18:27 4428 656500
36 12:18:28 5000 656500
37 12:18:46 5372 656500
39 12:21:04 4300 656068
38 12:21:04 200 656068
40 12:29:57 11 658000