2 09:54:54 14800 644205
1 09:54:54 200 644206
3 09:55:34 200 644205
4 10:29:25 600 643077
5 10:29:38 230 643056
6 10:29:55 9170 643000
7 10:32:04 10000 645000
9 11:11:25 2539 644010
8 11:11:25 8 644010
10 11:11:58 3000 645000
11 11:13:14 8 644010
12 11:33:13 9 645980
13 11:36:30 4000 644500
14 11:38:03 660 644980
15 12:06:25 858 644980
16 12:15:53 300 644980
17 12:15:57 100 644980
18 12:16:01 50 644980
19 12:16:26 1000 644500
21 12:18:05 19990 644010
20 12:18:05 10 644500
22 12:21:20 2500 644980
23 12:21:29 600 644980
24 12:23:17 500 644980
25 12:23:21 200 644980
26 12:23:24 100 644980