1 10:23:04 15000 633001
2 10:23:21 15000 633001
9 10:35:53 200 633200
8 10:35:53 200 633120
7 10:35:53 200 633100
6 10:35:53 200 633090
5 10:35:53 500 633080
4 10:35:53 200 633080
3 10:35:53 132 633050
13 11:10:57 12053 635000
12 11:10:57 500 634999
11 11:10:57 10 634976
10 11:10:57 625 634976
14 11:59:27 2500 634010
17 12:03:45 2269 634000
16 12:03:45 10 634010
15 12:03:45 500 634010
21 12:09:25 2001 632929
20 12:09:25 1501 632929
19 12:09:25 501 632942
18 12:09:25 12731 634000
22 12:09:26 4949 632000
24 12:10:35 1683 632000
23 12:10:35 3317 632000
25 12:11:52 390 632000
27 12:14:28 2073 632000
26 12:14:28 22927 632000
28 12:14:34 1000 632000
29 12:14:38 14864 632000
30 12:29:38 1000 636999
30 12:29:38 1000 636999
31 12:29:55 8710 636999
32 12:29:57 1000 636999