1 09:27:55 8 639998
2 09:48:14 10 639997
3 11:04:14 100 635139
4 11:04:24 796 635139
9 11:10:56 1000 633000
8 11:10:56 20000 633006
7 11:10:56 980 635137
6 11:10:56 700 635143
5 11:10:56 700 635144
10 11:11:05 1620 633000
16 11:30:48 280 634702
15 11:30:48 22644 634702
14 11:30:48 2356 634500
13 11:30:48 22644 634500
12 11:30:48 1656 634490
11 11:30:48 700 634489
17 11:31:40 25000 634702
18 11:39:02 25000 634997
19 12:08:42 10 637989
21 12:10:58 4000 635000
20 12:10:58 985 635001
22 12:13:59 4000 635000
23 12:14:42 5000 635000
24 12:15:53 5000 635000
25 12:16:42 5000 635000
26 12:17:24 1015 635000
28 12:26:42 3985 635000
27 12:26:42 650 635001
29 12:27:15 585 635000
30 12:27:34 14770 635000
31 12:28:34 500 635000
33 12:29:58 931 635000
32 12:29:58 85 635000