2 09:08:37 455 634604
1 09:08:37 15000 634614
3 09:25:12 10 642000
4 09:50:31 14990 642000
6 10:55:36 4991 642000
5 10:55:36 9 642000
7 10:56:29 774 642000
8 10:56:47 4235 642000
9 11:10:57 5000 642000
10 11:11:15 5000 642000
11 11:40:04 5000 642000
12 11:41:12 4520 642000
14 11:50:44 5512 642000
13 11:50:44 480 642000
16 11:52:26 5000 641300
15 11:52:26 8000 641500
18 11:53:15 110 640010
17 11:53:15 70 640020
19 11:53:37 200 640000
20 11:53:39 8388 640000
22 11:55:17 6600 640000
21 11:55:17 400 640001
23 12:05:28 1116 640000
24 12:15:21 4488 640011
26 12:15:34 5592 640003
25 12:15:34 4408 640011
27 12:18:54 10000 641300