28 12:22:51 6 632000
27 12:22:51 6 632000
26 12:22:51 8 632000
25 12:22:51 8 632000
24 12:22:51 8 632000
23 12:22:51 8 632000
22 12:22:51 8 632000
21 12:22:51 9 632000
20 12:22:51 9 632000
19 12:22:51 10 632000
18 12:22:51 10 632000
17 12:22:51 12 632000
16 12:22:51 16 632000
15 12:22:51 16 632000
14 12:22:51 26 632000
13 12:22:51 27 632000
12 12:22:51 49 632000
11 12:22:51 200 632000
10 12:22:51 300 632000
9 12:22:51 500 632000
8 12:22:51 691 632000
7 12:22:51 750 632000
6 12:22:51 950 632000
5 12:22:51 1000 632000
4 12:22:51 1504 632000
3 12:22:51 3000 632000
2 12:22:51 3991 632000
1 12:22:51 10000 632000
29 12:25:17 3922 632000