1 09:00:55 14 660000
2 09:03:09 100 660000
3 09:03:10 440 660000
4 09:04:10 160 660000
5 09:05:26 1000 660000
6 09:05:48 350 660000
7 09:05:58 11100 660000
8 09:06:06 917 660000
10 09:06:14 1000 660000
9 09:06:14 83 660000
11 09:06:32 8000 660000
12 09:06:36 5684 660000
13 09:16:06 10 662000
14 09:45:43 10 660500
16 09:46:56 2000 660004
15 09:46:56 501 660005
17 09:47:01 279 660000
18 09:49:57 4904 660000
19 09:50:00 96 660000
20 09:50:09 1000 660000
21 09:50:50 12 660000
25 09:58:17 1000 659000
24 09:58:17 17 659001
23 09:58:17 36 659001
22 09:58:17 19 659001
26 09:58:47 4847 659000
28 10:26:11 4055 659500
27 10:26:11 667 659500
29 10:32:13 5000 659750
30 10:35:51 5000 659750
31 10:39:58 10000 659800
32 10:41:38 5000 659999
33 10:42:30 6000 660000
34 10:50:44 690 659700
35 10:50:58 25 659700
36 10:53:23 21 659700
37 10:54:21 9264 659700
38 10:58:40 3958 659900
39 10:58:56 4200 659990
40 11:02:12 6000 659900
41 11:02:39 4000 659900
42 11:07:19 2450 659900
43 11:35:24 13 659800
44 11:49:37 1386 659500
45 11:50:52 700 659500
48 11:54:22 16 659400
47 11:54:22 8 659400
46 11:54:22 21 659400
51 11:54:35 3763 659300
50 11:54:35 5736 659301
49 11:54:35 501 659321
52 11:55:42 15 659400
53 11:56:08 5000 659400
54 11:57:37 16 659400
55 12:00:09 10 659400
56 12:01:28 714 659400
57 12:01:35 33 659500
60 12:04:10 1494 659102
59 12:04:10 2700 659102
58 12:04:10 1237 659300
67 12:21:18 8060 655101
66 12:21:18 640 657000
65 12:21:18 3500 657100
64 12:21:18 3000 657101
63 12:21:18 3500 657200
62 12:21:18 1300 657210
61 12:21:18 5000 657211
69 12:21:33 100 655100
68 12:21:33 16940 655101
72 12:28:19 1560 655042
71 12:28:19 700 655051
70 12:28:19 700 655051
74 12:28:20 2000 655041
73 12:28:20 3440 655042
75 12:28:27 19560 655000
76 12:29:57 8 658663