5 09:00:05 135 635746
4 09:00:05 150 635746
3 09:00:05 480 635746
2 09:00:05 1649 635746
1 09:00:05 6000 635746
6 09:00:24 8 649980
14 09:00:36 7635 634010
13 09:00:36 8 634011
12 09:00:36 79 634011
11 09:00:36 53 634011
10 09:00:36 711 634011
9 09:00:36 153 634011
8 09:00:36 70 634011
7 09:00:36 451 635746
15 09:00:55 8 649980
16 09:02:52 1000 642000
17 09:02:59 312 642000
18 09:03:41 8 648000
21 09:19:00 312 646980
20 09:19:00 70 646980
19 09:19:00 79 646980
23 09:19:04 42 646990
22 09:19:04 8 646990
24 09:20:24 100 646990
25 09:22:17 569 646980
26 09:22:52 5992 647000
28 09:38:32 153 647930
27 09:38:32 53 647930
29 09:39:08 150 647930
30 09:40:26 480 647930
31 09:41:33 135 647931
32 09:42:13 120 648000
33 09:43:36 100 648000
34 09:44:01 8134 648000
35 10:06:43 10 648000
36 10:11:38 446 647931
37 10:12:05 10 647931
40 11:26:23 5000 647000
39 11:26:23 1997 647001
38 11:26:23 15 647010
41 11:26:59 10502 647000
42 12:26:04 10 647998