2 09:34:58 2 651999
1 09:34:58 498 651999
3 09:51:18 295 649999
4 10:05:11 2784 649998
6 10:06:27 100 648001
5 10:06:27 400 648002
8 10:10:30 9990 649998
7 10:10:30 10 649990
11 10:20:32 3062 649999
10 10:20:32 1000 649998
9 10:20:32 938 649998
12 10:23:12 5000 649999
13 10:30:53 10000 649997
16 10:31:05 660 649999
15 10:31:05 1643 649998
14 10:31:05 2697 649997
17 10:31:39 5000 649999
18 11:11:33 43 648001
19 11:14:27 10 646638
20 11:15:28 160 646638
21 11:15:45 2100 646638
22 11:15:58 1500 646638
23 11:16:36 10000 646638
25 11:17:29 13813 646638
24 11:17:29 11187 646638
28 11:17:32 1000 646638
27 11:17:32 6229 646638
26 11:17:32 11187 646638
30 11:19:59 20660 649988
29 11:19:59 4340 649987
31 11:44:24 1000 648000
33 11:57:31 1216 649950
32 11:57:31 200 649949
34 11:58:03 593 649982
36 12:14:30 600 647001
35 12:14:30 8 648010
37 12:14:51 942 647000
39 12:17:50 7499 650190
38 12:17:50 1501 650189
40 12:22:51 10 650189
42 12:25:33 15 650000
41 12:25:33 359 650000
43 12:27:45 10 650189