3 10:14:15 14440 642000
2 10:14:15 20 642000
1 10:14:15 540 642001
5 11:18:44 2682 642500
4 11:18:44 10 642600
6 11:24:48 484 642500
7 11:25:15 1834 642500
8 11:33:02 21879 642500
9 11:41:25 10 643998
11 12:17:23 24088 643990
10 12:17:23 25000 643990
12 12:17:54 4029 644000
13 12:18:17 20 644000
14 12:18:48 10 644000
15 12:19:58 13000 644000
16 12:20:04 1000 644000
17 12:20:07 1000 644000
18 12:20:08 1000 644000
19 12:24:42 124 644001
20 12:26:02 400 644001
21 12:27:48 365 644001
24 12:27:53 4189 644000
23 12:27:53 3500 644001
22 12:27:53 3311 644001
26 12:27:57 248 644000
25 12:27:57 752 644000
27 12:28:29 342 644001