1 09:26:19 10000 645000
2 09:36:24 1755 644010
3 09:53:45 224 646600
4 09:55:32 115 646600
5 09:56:30 50 646600
6 09:57:07 118 646600
7 09:59:13 2117 646600
8 10:00:10 758 646599
8 10:00:10 758 646599
9 10:02:16 21 646599
10 10:03:42 1496 646580
11 10:05:25 112 646580
12 10:06:32 58 646580
13 10:07:33 36 646580
16 10:09:23 168 646580
15 10:09:23 136 646580
14 10:09:23 1986 646580
17 10:11:00 12 646400
20 10:11:50 3000 644100
19 10:11:50 997 644102
18 10:11:50 100 644103
21 10:12:26 21 645998
23 10:12:55 4921 645999
22 10:12:55 3979 645998
25 10:13:08 413 646000
24 10:13:08 1069 645999
26 10:13:28 4443 646500
27 10:13:30 719 646500
28 10:18:51 1000 646498
29 10:20:17 780 646498
34 10:20:28 613 646580
33 10:20:28 3488 646580
32 10:20:28 4014 646580
31 10:20:28 3353 646499
30 10:20:28 17633 646498
35 10:22:27 30 646600
38 10:22:32 501 644210
37 10:22:32 5000 644500
36 10:22:32 997 644501
39 10:22:45 355 644210
40 10:22:56 3147 644210
41 10:27:01 15131 645000
44 10:44:07 1092 644003
43 10:44:07 8 644007
42 10:44:07 997 644019
45 10:51:05 463 644004
46 10:51:08 534 644004
51 10:52:07 5989 634000
50 10:52:07 2001 634001
49 10:52:07 1501 634001
48 10:52:07 501 634001
47 10:52:07 8 644003
52 11:08:37 8 643999
53 11:21:23 200 640045
54 11:38:09 5989 643099
55 11:44:40 1000 641033
59 11:45:58 2180 641029
58 11:45:58 133 641031
57 11:45:58 1690 641034
56 11:45:58 997 641035
61 11:46:22 1320 641029
60 11:46:22 1997 641030
62 11:46:30 1683 641000
64 11:57:01 3310 642750
63 11:57:01 1690 642500
65 11:57:45 4000 642750
66 12:01:46 2690 642750
67 12:10:04 1300 643979
68 12:22:28 583 643500
69 12:27:11 900 643499
71 12:27:56 2790 642555
70 12:27:56 210 642557
74 12:28:04 1000 644000
73 12:28:04 2992 643990
72 12:28:04 100 643499