21 12:11:41 3 585001
20 12:11:41 4 585001
19 12:11:41 8 585001
18 12:11:41 20 585001
17 12:11:41 30 585001
16 12:11:41 50 585001
15 12:11:41 50 585001
14 12:11:41 100 585001
13 12:11:41 170 585001
12 12:11:41 200 585001
11 12:11:41 300 585001
10 12:11:41 951 585001
9 12:11:41 1657 585001
8 12:11:41 1970 585001
7 12:11:41 2120 585001
6 12:11:41 2849 585001
5 12:11:41 4580 585001
4 12:11:41 8000 585001
3 12:11:41 10000 585001
2 12:11:41 10000 585001
1 12:11:41 10000 585001
22 12:16:14 200 590003
23 12:16:27 3300 600000
24 12:16:28 75 600000
25 12:16:56 10 607699
27 12:21:27 1877 596999
26 12:21:27 3315 596999
29 12:21:32 4303 596500
28 12:21:32 300 596000
30 12:21:36 170 593100
33 12:21:40 10000 597000
32 12:21:40 6123 596999
31 12:21:40 5697 596500
34 12:23:42 50 597100
36 12:25:03 470 600999
35 12:25:03 2000 599000
37 12:25:33 516 597102
43 12:28:19 3163 605898
42 12:28:19 50 605800
41 12:28:19 20 603900
40 12:28:19 100 603900
39 12:28:19 497 603899
38 12:28:19 170 602900
44 12:29:45 300 597102