2 09:00:07 10 592612
1 09:00:07 990 592612
4 09:51:33 235 593360
3 09:51:33 35 593361
5 09:51:57 3500 593351
10 09:52:02 1000 593310
9 09:52:02 300 593312
8 09:52:02 500 593312
7 09:52:02 100 593350
6 09:52:02 1500 593351
14 09:52:40 500 593230
13 09:52:40 338 593252
12 09:52:40 200 593253
11 09:52:40 200 593253
18 09:52:42 50 592701
17 09:52:42 100 593000
16 09:52:42 10 593015
15 09:52:42 3250 593015
20 09:52:48 215 592573
19 09:52:48 100 592612
22 09:57:44 765 592573
21 09:57:44 100 592573
23 10:02:03 50 592573
24 10:02:37 50 592573
25 10:09:02 50 592000
26 10:16:31 100 592000
27 10:17:26 77 592000
28 10:18:54 50 591500
29 10:19:42 37 591500
33 10:21:24 594 591201
32 10:21:24 5000 591201
31 10:21:24 300 591202
30 10:21:24 300 591202
40 10:22:15 355 590000
39 10:22:15 200 590000
38 10:22:15 300 590200
37 10:22:15 100 591050
36 10:22:15 1000 591201
35 10:22:15 4406 591201
34 10:22:15 300 591202
41 10:22:54 1000 590000
42 10:23:05 500 590000
43 10:23:34 110 590000
44 10:23:47 13329 590000
45 10:26:10 15 590000
48 10:31:32 170 590010
47 10:31:32 200 590011
46 10:31:32 50 590110
49 10:32:41 6 590019
50 10:38:49 500 592000
56 10:40:46 498 592000
55 10:40:46 2706 592000
54 10:40:46 3500 592000
53 10:40:46 10000 592000
52 10:40:46 3549 592000
51 10:40:46 1511 592000
59 11:22:56 830 590010
58 11:22:56 63 590019
57 11:22:56 50 592100
60 11:26:13 24 590000
61 11:30:22 70 586868
62 11:30:39 100 584000
63 11:31:00 5000 583205
64 11:31:09 5000 583205
65 11:31:34 200 583204
66 11:31:49 120 583204
67 11:32:25 1500 583204
70 11:33:01 5222 583201
69 11:33:01 900 583201
68 11:33:01 110 583202
72 11:40:46 9787 587100
71 11:40:46 200 588032
73 11:42:34 50 588099
74 11:42:47 50 588000
75 11:42:49 200 588000
76 11:42:59 100 588000
77 11:43:24 450 588000
78 11:44:11 770 588000
79 11:55:05 100 588000
80 12:01:48 50 587000
81 12:09:45 65 587999
87 12:10:01 282 586102
86 12:10:01 50 586103
85 12:10:01 9213 586104
84 12:10:01 100 586105
83 12:10:01 155 586140
82 12:10:01 50 586141
88 12:10:47 947 586102
89 12:16:03 8771 586102
92 12:17:35 415 583206
91 12:17:35 778 583207
90 12:17:35 100 583207
94 12:24:11 200 585000
93 12:24:11 854 585000
95 12:25:33 1229 586100
96 12:26:14 1000 585000
97 12:28:31 1000 583260
100 12:28:34 60 583101
99 12:28:34 3185 583206
98 12:28:34 1000 583250
101 12:29:15 541 583100
103 12:29:18 901 583100
102 12:29:18 459 583100
106 12:29:33 1357 583001
105 12:29:33 40 583001
104 12:29:33 759 583100